Design Variation:  h_23='1.2mm' h_34='0.10000000000000001mm' h_diel='0.10000000000000001mm' r_anti='0.34999999999999998mm' t_L1='0.070000000000000007mm' t_L2='0.070000000000000007mm' t_L3='0.070000000000000007mm' t_L4='0.070000000000000007mm' t_pad='0.035000000000000003mm' via_r='0.14999999999999999mm' z_L1='0.17000000000000001mm' z_L3b='-1.2699999999999998mm' z_L3t='-1.2mm' z_L4b='-1.4399999999999999mm' z_L4t='-1.3699999999999999mm' z_top='0.24000000000000002mm'
Setup1:LastAdaptive
Problem Type:  C, DC RL, AC RL
C Units:pF, G Units:mSie, R Units:ohm, L Units:nH
Reduce Matrix:  Original
Frequency:  100MHz

Capacitance Matrix
	AC	DCN	DCP	G	
AC	8.963305358834576E+00	-7.790947357137208E+00	-8.204991345214836E-01	-6.252713020426216E-02
DCN	-7.790947357137208E+00	2.777339495745885E+01	-1.906443894535939E+01	-5.671464534736509E-01
DCP	-8.204991345214836E-01	-1.906443894535939E+01	2.048087153477931E+01	-2.222564351271396E-03
G	-6.252713020426216E-02	-5.671464534736509E-01	-2.222564351271396E-03	6.351528270584186E-01

Capacitance Matrix Coupling Coefficient
	AC	DCN	DCP	G	
AC	1.000000000000000E+00	4.937893157329962E-01	6.055776167938882E-02	2.620567089638761E-02
DCN	4.937893157329962E-01	1.000000000000000E+00	7.993469587366342E-01	1.350335290219700E-01
DCP	6.055776167938882E-02	7.993469587366342E-01	1.000000000000000E+00	6.162274068305940E-04
G	2.620567089638761E-02	1.350335290219700E-01	6.162274068305940E-04	1.000000000000000E+00

Spice Capacitance Matrix
	AC	DCN	DCP	G	
AC	2.893317369716226E-01	7.790947357137208E+00	8.204991345214836E-01	6.252713020426216E-02
DCN	7.790947357137208E+00	3.508622014886000E-01	1.906443894535939E+01	5.671464534736509E-01
DCP	8.204991345214836E-01	1.906443894535939E+01	5.937108905471660E-01	2.222564351271396E-03
G	6.252713020426216E-02	5.671464534736509E-01	2.222564351271396E-03	3.256679029234051E-03

Conductance Matrix
	AC	DCN	DCP	G	
AC	0.000000000000000E+00	0.000000000000000E+00	0.000000000000000E+00	0.000000000000000E+00
DCN	0.000000000000000E+00	0.000000000000000E+00	0.000000000000000E+00	0.000000000000000E+00
DCP	0.000000000000000E+00	0.000000000000000E+00	0.000000000000000E+00	0.000000000000000E+00
G	0.000000000000000E+00	0.000000000000000E+00	0.000000000000000E+00	0.000000000000000E+00

Conductance Matrix Coupling Coefficient
	AC	DCN	DCP	G	
AC	0.000000000000000E+00	0.000000000000000E+00	0.000000000000000E+00	0.000000000000000E+00
DCN	0.000000000000000E+00	0.000000000000000E+00	0.000000000000000E+00	0.000000000000000E+00
DCP	0.000000000000000E+00	0.000000000000000E+00	0.000000000000000E+00	0.000000000000000E+00
G	0.000000000000000E+00	0.000000000000000E+00	0.000000000000000E+00	0.000000000000000E+00

Spice Conductance Matrix
	AC	DCN	DCP	G	
AC	0.000000000000000E+00	-0.000000000000000E+00	-0.000000000000000E+00	-0.000000000000000E+00
DCN	-0.000000000000000E+00	0.000000000000000E+00	-0.000000000000000E+00	-0.000000000000000E+00
DCP	-0.000000000000000E+00	-0.000000000000000E+00	0.000000000000000E+00	-0.000000000000000E+00
G	-0.000000000000000E+00	-0.000000000000000E+00	-0.000000000000000E+00	0.000000000000000E+00

DC Inductance Matrix
	AC:QH_S_L	AC:QH_S_R	AC:QL_D_L	AC:QL_D_R	DCN:CapB1N	DCN:CapB2N	DCN:CapB3N	DCN:CapNL	DCN:CapNR	DCN:DrvGnd	DCN:QL_S_L	DCN:QL_S_R	DCP:CapB1P	DCP:CapB2P	DCP:CapB3P	DCP:CapPL	DCP:CapPR	DCP:QH_D_L	DCP:QH_D_R	G:Gate_L	G:Gate_R	
AC:QH_S_L	2.545917619183175E+00	5.167386889821302E-01	2.258753980101170E+00	3.945674578621928E-01	1.420170432295913E-02	-1.363174498461553E-02	-3.251695094188812E-01	-3.832432454963420E-01	-4.323967190671835E-01	-1.069241373809546E+00	-1.074617552372036E+00	-1.571924235843464E+00	-2.248987137035297E-02	-2.742913356515069E-01	-3.102375178339665E-01	-4.620123519869708E-01	-8.279187313474288E-01	-5.843542711013258E-01	-9.171171594228490E-01	5.979114884359820E-01	-6.368942617265529E-01
AC:QH_S_R	5.167386889821302E-01	2.533752380810501E+00	3.952298141940745E-01	2.246575083278614E+00	1.371762040969946E-02	-1.398204548772132E-02	-3.268991274209554E-01	-4.312813081370550E-01	-3.849455638582817E-01	-1.068565554009247E+00	-1.568693332644229E+00	-1.076815468079623E+00	-2.274314172225691E-02	-2.738710803986477E-01	-3.098038309935374E-01	-8.254162505643198E-01	-4.631683327792649E-01	-9.147862429887963E-01	-5.851045852273038E-01	-6.348324239274985E-01	5.895346391215053E-01
AC:QL_D_L	2.258753980101170E+00	3.952298141940745E-01	2.158590520523662E+00	2.908272846761926E-01	1.141960671131019E-02	-9.724827733254593E-03	-2.433587561548358E-01	-2.768123044565508E-01	-3.344734318676752E-01	-7.579825150709564E-01	-5.833852862659894E-01	-1.287935715316443E+00	-1.655854117324703E-02	-2.065650154301052E-01	-2.336245081955062E-01	-2.836953431575852E-01	-6.798526476387456E-01	-3.599312095149140E-01	-7.537380530701100E-01	6.373022931272309E-01	-6.137544612414593E-01
AC:QL_D_R	3.945674578621928E-01	2.246575083278614E+00	2.908272846761926E-01	2.146369706485234E+00	1.096910161775836E-02	-1.005341910471438E-02	-2.451265739795690E-01	-3.337278799756144E-01	-2.782203430385326E-01	-7.572697725575938E-01	-1.284910705566080E+00	-5.855976439343705E-01	-1.680279885046783E-02	-2.061871554292439E-01	-2.332343725901925E-01	-6.776968445986628E-01	-2.846836954033282E-01	-7.516804048346795E-01	-3.607521985302454E-01	-6.119978778544557E-01	6.293531239453720E-01
DCN:CapB1N	1.420170432295913E-02	1.371762040969946E-02	1.141960671131019E-02	1.096910161775836E-02	1.103456622219195E-01	9.840211749589597E-02	5.332580763209985E-02	4.744054060683891E-02	4.742661458598142E-02	2.792175610618474E-02	2.710733664837348E-02	2.695466472775047E-02	3.408597474011955E-02	-1.238453437340440E-03	-6.894999980817403E-03	-3.044438302920122E-02	-3.059124356094968E-02	-3.371238573834925E-02	-3.380786518705126E-02	1.408332642014976E-03	1.007051104182185E-03
DCN:CapB2N	-1.363174498461553E-02	-1.398204548772132E-02	-9.724827733254593E-03	-1.005341910471438E-02	9.840211749589597E-02	1.083622196683554E-01	1.374433140610785E-01	1.406469375374076E-01	1.407658479272259E-01	1.567605391150636E-01	1.670175013638166E-01	1.669094355952645E-01	3.918973380089182E-02	9.117336303762674E-02	9.364135086320541E-02	1.131433846873755E-01	1.130163026277959E-01	1.174989670832303E-01	1.173710013750002E-01	5.561763566988993E-03	5.267117452297447E-03
DCN:CapB3N	-3.251695094188812E-01	-3.268991274209554E-01	-2.433587561548358E-01	-2.451265739795690E-01	5.332580763209985E-02	1.374433140610785E-01	1.119473461068077E+00	1.252419059724010E+00	1.253678598518352E+00	1.691033443450657E+00	1.837802244588856E+00	1.836110643053462E+00	9.389868415307528E-02	7.963800237037486E-01	9.114857504143695E-01	1.532969851318879E+00	1.530371622188068E+00	1.632739578807312E+00	1.629465687716400E+00	6.029977289330111E-02	5.835873769554908E-02
DCN:CapNL	-3.832432454963420E-01	-4.312813081370550E-01	-2.768123044565508E-01	-3.337278799756144E-01	4.744054060683891E-02	1.406469375374076E-01	1.252419059724010E+00	1.511234015756600E+00	1.396830904661499E+00	2.013015988039619E+00	2.263008347512277E+00	2.113597100746455E+00	1.005379061466982E-01	8.876670352415977E-01	1.016953452850675E+00	1.879125590899156E+00	1.695398582849860E+00	2.023504929909873E+00	1.810320112150274E+00	1.023620019523806E-01	3.559257169401517E-02
DCN:CapNR	-4.323967190671835E-01	-3.849455638582817E-01	-3.344734318676752E-01	-2.782203430385326E-01	4.742661458598142E-02	1.407658479272259E-01	1.253678598518352E+00	1.396830904661499E+00	1.517728461722958E+00	2.018359874901306E+00	2.118970811166928E+00	2.269065699173811E+00	1.006356995135019E-01	8.892247210581227E-01	1.018755541646159E+00	1.699565014467195E+00	1.883228160265218E+00	1.815516297653545E+00	2.027384166440560E+00	3.600262796513234E-02	1.020118199102353E-01
DCN:DrvGnd	-1.069241373809546E+00	-1.068565554009247E+00	-7.579825150709564E-01	-7.572697725575938E-01	2.792175610618474E-02	1.567605391150636E-01	1.691033443450657E+00	2.013015988039619E+00	2.018359874901306E+00	6.194112690510524E+00	4.131395050597656E+00	4.133252556656311E+00	1.285255638833007E-01	1.242102644976575E+00	1.420328847096961E+00	2.699878452967412E+00	2.701523311146717E+00	3.022484621456727E+00	3.022935230401535E+00	-1.325731556608662E+00	-1.327787839995230E+00
DCN:QL_S_L	-1.074617552372036E+00	-1.568693332644229E+00	-5.833852862659894E-01	-1.284910705566080E+00	2.710733664837348E-02	1.670175013638166E-01	1.837802244588856E+00	2.263008347512277E+00	2.118970811166928E+00	4.131395050597656E+00	5.512486718208344E+00	3.951927162866554E+00	1.412836037476698E-01	1.358831043760056E+00	1.551573508306063E+00	3.234186253727108E+00	2.716517900693782E+00	3.683292577528679E+00	3.001313890034497E+00	8.699998432896124E-01	-3.604491275711889E-01
DCN:QL_S_R	-1.571924235843464E+00	-1.076815468079623E+00	-1.287935715316443E+00	-5.855976439343705E-01	2.695466472775047E-02	1.669094355952645E-01	1.836110643053462E+00	2.113597100746455E+00	2.269065699173811E+00	4.133252556656311E+00	3.951927162866554E+00	5.511705537964475E+00	1.411497143861702E-01	1.359233208351606E+00	1.552056851782065E+00	2.716093399497964E+00	3.236824799150395E+00	3.002261077046266E+00	3.684077527862134E+00	-3.634618184908591E-01	8.667030480473040E-01
DCP:CapB1P	-2.248987137035297E-02	-2.274314172225691E-02	-1.655854117324703E-02	-1.680279885046783E-02	3.408597474011955E-02	3.918973380089182E-02	9.389868415307528E-02	1.005379061466982E-01	1.006356995135019E-01	1.285255638833007E-01	1.412836037476698E-01	1.411497143861702E-01	1.955805401034080E-01	2.446017465588652E-01	2.496776912902138E-01	2.843305511392664E-01	2.841804662264638E-01	2.909211556530264E-01	2.907387882049984E-01	6.112981353130148E-03	5.889478350898177E-03
DCP:CapB2P	-2.742913356515069E-01	-2.738710803986477E-01	-2.065650154301052E-01	-2.061871554292439E-01	-1.238453437340440E-03	9.117336303762674E-02	7.963800237037486E-01	8.876670352415977E-01	8.892247210581227E-01	1.242102644976575E+00	1.358831043760056E+00	1.359233208351606E+00	2.446017465588652E-01	1.363549121647036E+00	1.437654621410976E+00	1.857293099288464E+00	1.857982386634287E+00	1.934459373170993E+00	1.934721496670381E+00	4.582708909959411E-02	4.617360971541228E-02
DCP:CapB3P	-3.102375178339665E-01	-3.098038309935374E-01	-2.336245081955062E-01	-2.332343725901925E-01	-6.894999980817403E-03	9.364135086320541E-02	9.114857504143695E-01	1.016953452850675E+00	1.018755541646159E+00	1.420328847096961E+00	1.551573508306063E+00	1.552056851782065E+00	2.496776912902138E-01	1.437654621410976E+00	1.535756467616561E+00	2.018892783678781E+00	2.019687739842263E+00	2.106845825606288E+00	2.107160808119257E+00	5.134258529140736E-02	5.170348978798892E-02
DCP:CapPL	-4.620123519869708E-01	-8.254162505643198E-01	-2.836953431575852E-01	-6.776968445986628E-01	-3.044438302920122E-02	1.131433846873755E-01	1.532969851318879E+00	1.879125590899156E+00	1.699565014467195E+00	2.699878452967412E+00	3.234186253727108E+00	2.716093399497964E+00	2.843305511392664E-01	1.857293099288464E+00	2.018892783678781E+00	4.032428626260442E+00	2.885930080897302E+00	4.256689863990141E+00	3.051014290012380E+00	2.718286713253728E-01	-5.990623834040004E-02
DCP:CapPR	-8.279187313474288E-01	-4.631683327792649E-01	-6.798526476387456E-01	-2.846836954033282E-01	-3.059124356094968E-02	1.130163026277959E-01	1.530371622188068E+00	1.695398582849860E+00	1.883228160265218E+00	2.701523311146717E+00	2.716517900693782E+00	3.236824799150395E+00	2.841804662264638E-01	1.857982386634287E+00	2.019687739842263E+00	2.885930080897302E+00	4.035101228520776E+00	3.052005938689371E+00	4.258354920021200E+00	-6.119237298394539E-02	2.717503398794185E-01
DCP:QH_D_L	-5.843542711013258E-01	-9.147862429887963E-01	-3.599312095149140E-01	-7.516804048346795E-01	-3.371238573834925E-02	1.174989670832303E-01	1.632739578807312E+00	2.023504929909873E+00	1.815516297653545E+00	3.022484621456727E+00	3.683292577528679E+00	3.002261077046266E+00	2.909211556530264E-01	1.934459373170993E+00	2.106845825606288E+00	4.256689863990141E+00	3.052005938689371E+00	4.636938466121997E+00	3.231402276985428E+00	2.933223682458527E-01	-4.649348025102683E-02
DCP:QH_D_R	-9.171171594228490E-01	-5.851045852273038E-01	-7.537380530701100E-01	-3.607521985302454E-01	-3.380786518705126E-02	1.173710013750002E-01	1.629465687716400E+00	1.810320112150274E+00	2.027384166440560E+00	3.022935230401535E+00	3.001313890034497E+00	3.684077527862134E+00	2.907387882049984E-01	1.934721496670381E+00	2.107160808119257E+00	3.051014290012380E+00	4.258354920021200E+00	3.231402276985428E+00	4.635602292510538E+00	-4.799112635568926E-02	2.931403663619215E-01
G:Gate_L	5.979114884359820E-01	-6.348324239274985E-01	6.373022931272309E-01	-6.119978778544557E-01	1.408332642014976E-03	5.561763566988993E-03	6.029977289330111E-02	1.023620019523806E-01	3.600262796513234E-02	-1.325731556608662E+00	8.699998432896124E-01	-3.634618184908591E-01	6.112981353130148E-03	4.582708909959411E-02	5.134258529140736E-02	2.718286713253728E-01	-6.119237298394539E-02	2.933223682458527E-01	-4.799112635568926E-02	4.604110617557335E+00	-2.451763726598844E-01
G:Gate_R	-6.368942617265529E-01	5.895346391215053E-01	-6.137544612414593E-01	6.293531239453720E-01	1.007051104182185E-03	5.267117452297447E-03	5.835873769554908E-02	3.559257169401517E-02	1.020118199102353E-01	-1.327787839995230E+00	-3.604491275711889E-01	8.667030480473040E-01	5.889478350898177E-03	4.617360971541228E-02	5.170348978798892E-02	-5.990623834040004E-02	2.717503398794185E-01	-4.649348025102683E-02	2.931403663619215E-01	-2.451763726598844E-01	4.593266515792187E+00

DC Inductance Matrix Coupling Coefficient
	AC:QH_S_L	AC:QH_S_R	AC:QL_D_L	AC:QL_D_R	DCN:CapB1N	DCN:CapB2N	DCN:CapB3N	DCN:CapNL	DCN:CapNR	DCN:DrvGnd	DCN:QL_S_L	DCN:QL_S_R	DCP:CapB1P	DCP:CapB2P	DCP:CapB3P	DCP:CapPL	DCP:CapPR	DCP:QH_D_L	DCP:QH_D_R	G:Gate_L	G:Gate_R	
AC:QH_S_L	1.000000000000000E+00	2.034542286656365E-01	9.635219765794621E-01	1.687900435973684E-01	2.679419171521181E-02	2.595316533385678E-02	1.926108471048683E-01	1.953828659998611E-01	2.199698594974523E-01	2.692551574674396E-01	2.868520635963444E-01	4.196299071351428E-01	3.187146140243707E-02	1.472158334330800E-01	1.568956732896467E-01	1.441942919317434E-01	2.583082742778348E-01	1.700741789443599E-01	2.669620701852229E-01	1.746392470049102E-01	1.862448789346386E-01
AC:QH_S_R	2.034542286656365E-01	1.000000000000000E+00	1.689983562658147E-01	9.633555147654543E-01	2.594293236603117E-02	2.668392304924880E-02	1.940996602724462E-01	2.204005586643511E-01	1.962999527349115E-01	2.697301750539012E-01	4.197417682602321E-01	2.881483896514251E-01	3.230766360038374E-02	1.473427245340042E-01	1.570520185010613E-01	2.582305293048558E-01	1.448536878977167E-01	2.668835916463568E-01	1.707254759562739E-01	1.858677923273110E-01	1.728090251914764E-01
AC:QL_D_L	9.635219765794621E-01	1.689983562658147E-01	1.000000000000000E+00	1.351131909165893E-01	2.339851964325806E-02	2.010748891432637E-02	1.565506744628424E-01	1.532619679858129E-01	1.847904207424468E-01	2.072929364458308E-01	1.691206194354833E-01	3.733928952903547E-01	2.548438274053142E-02	1.204027047343281E-01	1.283134230482468E-01	9.615762532450266E-02	2.303575459735623E-01	1.137676288804858E-01	2.382770552826650E-01	2.021563900580564E-01	1.949165458319049E-01
AC:QL_D_R	1.687900435973684E-01	9.633555147654543E-01	1.351131909165893E-01	1.000000000000000E+00	2.253933829903026E-02	2.084599246301136E-02	1.581361747075482E-01	1.852995498655780E-01	1.541485974075297E-01	2.076867572733633E-01	3.735484205511697E-01	1.702566374845066E-01	2.593382302000295E-02	1.205241141383233E-01	1.284633114464447E-01	2.303561725164023E-01	9.673488337762634E-02	2.382677685730116E-01	1.143677657429877E-01	1.946815415409162E-01	2.004385740978780E-01
DCN:CapB1N	2.679419171521181E-02	2.594293236603117E-02	2.339851964325806E-02	2.253933829903026E-02	1.000000000000000E+00	8.998867662588925E-01	1.517235192913823E-01	1.161732492999365E-01	1.158903976302676E-01	3.377345923913554E-02	3.475645217070799E-02	3.456314854856872E-02	2.320252581736715E-01	3.192762811247317E-03	1.674925367248160E-02	4.564005930059166E-02	4.584503218401488E-02	4.712986421041456E-02	4.727015547629729E-02	1.975853488219437E-03	1.414532905474631E-03
DCN:CapB2N	2.595316533385678E-02	2.668392304924880E-02	2.010748891432637E-02	2.084599246301136E-02	8.998867662588925E-01	1.000000000000000E+00	3.946187994552740E-01	3.475565469894095E-01	3.471053561357649E-01	1.913410932494053E-01	2.160972588314042E-01	2.159727402630084E-01	2.691972051947261E-01	2.371885031533198E-01	2.295448468049403E-01	1.711618120990780E-01	1.709129348170945E-01	1.657598847991651E-01	1.656032208318494E-01	7.874095938608638E-03	7.465746408289444E-03
DCN:CapB3N	1.926108471048683E-01	1.940996602724462E-01	1.565506744628424E-01	1.581361747075482E-01	1.517235192913823E-01	3.946187994552740E-01	1.000000000000000E+00	9.628905109209561E-01	9.617944611218375E-01	6.421784748248714E-01	7.398064244266954E-01	7.391778477162506E-01	2.006733887342278E-01	6.445818350999620E-01	6.951552481885647E-01	7.215116833653239E-01	7.200502169509305E-01	7.166289572203158E-01	7.152950738399748E-01	2.656047885434271E-02	2.573582920153091E-02
DCN:CapNL	1.953828659998611E-01	2.204005586643511E-01	1.532619679858129E-01	1.852995498655780E-01	1.161732492999365E-01	3.475565469894095E-01	9.628905109209561E-01	1.000000000000000E+00	9.223185337131148E-01	6.579483662716646E-01	7.840549801272473E-01	7.323409863774493E-01	1.849273538793023E-01	6.183706067017432E-01	6.675349955467016E-01	7.612137111131356E-01	6.865603813933544E-01	7.644036291371670E-01	6.839690209754349E-01	3.880610336741023E-02	1.350929500872891E-02
DCN:CapNR	2.199698594974523E-01	1.962999527349115E-01	1.847904207424468E-01	1.541485974075297E-01	1.158903976302676E-01	3.471053561357649E-01	9.617944611218375E-01	9.223185337131148E-01	1.000000000000000E+00	6.582820507454766E-01	7.325784804292669E-01	7.845254340313597E-01	1.847107662414540E-01	6.181289649051611E-01	6.672856238897468E-01	6.870010467271233E-01	7.609895328463741E-01	6.843644574168556E-01	7.643388361174379E-01	1.361959799275518E-02	3.863604236967788E-02
DCN:DrvGnd	2.692551574674396E-01	2.697301750539012E-01	2.072929364458308E-01	2.076867572733633E-01	3.377345923913554E-02	1.913410932494053E-01	6.421784748248714E-01	6.579483662716646E-01	6.582820507454766E-01	1.000000000000000E+00	7.070227619080390E-01	7.073907689380280E-01	1.167715772259004E-01	4.273980550192248E-01	4.605090613006254E-01	5.402208192462671E-01	5.403708970954065E-01	5.639737396161145E-01	5.641391066002986E-01	2.482522356010754E-01	2.489306156696185E-01
DCN:QL_S_L	2.868520635963444E-01	4.197417682602321E-01	1.691206194354833E-01	3.735484205511697E-01	3.475645217070799E-02	2.160972588314042E-01	7.398064244266954E-01	7.840549801272473E-01	7.325784804292669E-01	7.070227619080390E-01	1.000000000000000E+00	7.169554160442868E-01	1.360677380942240E-01	4.956285189512717E-01	5.332580267405325E-01	6.859743933455013E-01	5.759855337647770E-01	7.285288815213244E-01	5.937239329104549E-01	1.726921202578360E-01	7.163237952061091E-02
DCN:QL_S_R	4.196299071351428E-01	2.881483896514251E-01	3.733928952903547E-01	1.702566374845066E-01	3.456314854856872E-02	2.159727402630084E-01	7.391778477162506E-01	7.323409863774493E-01	7.845254340313597E-01	7.073907689380280E-01	7.169554160442868E-01	1.000000000000000E+00	1.359484246577971E-01	4.958103391202727E-01	5.334619464156333E-01	5.761271632995854E-01	6.863552688938284E-01	5.938678105326834E-01	7.288407942869785E-01	7.215109337411998E-02	1.722528822574293E-01
DCP:CapB1P	3.187146140243707E-02	3.230766360038374E-02	2.548438274053142E-02	2.593382302000295E-02	2.320252581736715E-01	2.691972051947261E-01	2.006733887342278E-01	1.849273538793023E-01	1.847107662414540E-01	1.167715772259004E-01	1.360677380942240E-01	1.359484246577971E-01	1.000000000000000E+00	4.736541417338997E-01	4.555706560843326E-01	3.201675861615653E-01	3.198925933203358E-01	3.054898724724586E-01	3.053423691296699E-01	6.441950387516550E-03	6.213741563540379E-03
DCP:CapB2P	1.472158334330800E-01	1.473427245340042E-01	1.204027047343281E-01	1.205241141383233E-01	3.192762811247317E-03	2.371885031533198E-01	6.445818350999620E-01	6.183706067017432E-01	6.181289649051611E-01	4.273980550192248E-01	4.956285189512717E-01	4.958103391202727E-01	4.736541417338997E-01	1.000000000000000E+00	9.934774050899262E-01	7.920666115073020E-01	7.920981181344677E-01	7.693227102921144E-01	7.695378376656882E-01	1.829001254770395E-02	1.845005270480644E-02
DCP:CapB3P	1.568956732896467E-01	1.570520185010613E-01	1.283134230482468E-01	1.284633114464447E-01	1.674925367248160E-02	2.295448468049403E-01	6.951552481885647E-01	6.675349955467016E-01	6.672856238897468E-01	4.605090613006254E-01	5.332580267405325E-01	5.334619464156333E-01	4.555706560843326E-01	9.934774050899262E-01	1.000000000000000E+00	8.112761984259581E-01	8.113268253354594E-01	7.895068696142401E-01	7.897386974767721E-01	1.930828417640135E-02	1.946694752409057E-02
DCP:CapPL	1.441942919317434E-01	2.582305293048558E-01	9.615762532450266E-02	2.303561725164023E-01	4.564005930059166E-02	1.711618120990780E-01	7.215116833653239E-01	7.612137111131356E-01	6.870010467271233E-01	5.402208192462671E-01	6.859743933455013E-01	5.761271632995854E-01	3.201675861615653E-01	7.920666115073020E-01	8.112761984259581E-01	1.000000000000000E+00	7.154433367348926E-01	9.844031582453079E-01	7.056800058858548E-01	6.308687904738428E-02	1.391963613599363E-02
DCP:CapPR	2.583082742778348E-01	1.448536878977167E-01	2.303575459735623E-01	9.673488337762634E-02	4.584503218401488E-02	1.709129348170945E-01	7.200502169509305E-01	6.865603813933544E-01	7.609895328463741E-01	5.403708970954065E-01	5.759855337647770E-01	6.863552688938284E-01	3.198925933203358E-01	7.920981181344677E-01	8.113268253354594E-01	7.154433367348926E-01	1.000000000000000E+00	7.055738731528839E-01	9.846039052524340E-01	1.419702029644405E-02	6.312218970677200E-02
DCP:QH_D_L	1.700741789443599E-01	2.668835916463568E-01	1.137676288804858E-01	2.382677685730116E-01	4.712986421041456E-02	1.657598847991651E-01	7.166289572203158E-01	7.644036291371670E-01	6.843644574168556E-01	5.639737396161145E-01	7.285288815213244E-01	5.938678105326834E-01	3.054898724724586E-01	7.693227102921144E-01	7.895068696142401E-01	9.844031582453079E-01	7.055738731528839E-01	1.000000000000000E+00	6.969831451054694E-01	6.348288303604495E-02	1.007431595713424E-02
DCP:QH_D_R	2.669620701852229E-01	1.707254759562739E-01	2.382770552826650E-01	1.143677657429877E-01	4.727015547629729E-02	1.656032208318494E-01	7.152950738399748E-01	6.839690209754349E-01	7.643388361174379E-01	5.641391066002986E-01	5.937239329104549E-01	7.288407942869785E-01	3.053423691296699E-01	7.695378376656882E-01	7.897386974767721E-01	7.056800058858548E-01	9.846039052524340E-01	6.969831451054694E-01	1.000000000000000E+00	1.038807278304400E-02	6.352749331479399E-02
G:Gate_L	1.746392470049102E-01	1.858677923273110E-01	2.021563900580564E-01	1.946815415409162E-01	1.975853488219437E-03	7.874095938608638E-03	2.656047885434271E-02	3.880610336741023E-02	1.361959799275518E-02	2.482522356010754E-01	1.726921202578360E-01	7.215109337411998E-02	6.441950387516550E-03	1.829001254770395E-02	1.930828417640135E-02	6.308687904738428E-02	1.419702029644405E-02	6.348288303604495E-02	1.038807278304400E-02	1.000000000000000E+00	5.331444813457710E-02
G:Gate_R	1.862448789346386E-01	1.728090251914764E-01	1.949165458319049E-01	2.004385740978780E-01	1.414532905474631E-03	7.465746408289444E-03	2.573582920153091E-02	1.350929500872891E-02	3.863604236967788E-02	2.489306156696185E-01	7.163237952061091E-02	1.722528822574293E-01	6.213741563540379E-03	1.845005270480644E-02	1.946694752409057E-02	1.391963613599363E-02	6.312218970677200E-02	1.007431595713424E-02	6.352749331479399E-02	5.331444813457710E-02	1.000000000000000E+00

DC Resistance Matrix
	AC:QH_S_L	AC:QH_S_R	AC:QL_D_L	AC:QL_D_R	DCN:CapB1N	DCN:CapB2N	DCN:CapB3N	DCN:CapNL	DCN:CapNR	DCN:DrvGnd	DCN:QL_S_L	DCN:QL_S_R	DCP:CapB1P	DCP:CapB2P	DCP:CapB3P	DCP:CapPL	DCP:CapPR	DCP:QH_D_L	DCP:QH_D_R	G:Gate_L	G:Gate_R	
AC:QH_S_L	2.443866003561860E-04	3.676692369986576E-05	2.197779722913135E-04	3.675967507318217E-05	0.000000000000000E+00	0.000000000000000E+00	0.000000000000000E+00	0.000000000000000E+00	0.000000000000000E+00	0.000000000000000E+00	0.000000000000000E+00	0.000000000000000E+00	0.000000000000000E+00	0.000000000000000E+00	0.000000000000000E+00	0.000000000000000E+00	0.000000000000000E+00	0.000000000000000E+00	0.000000000000000E+00	0.000000000000000E+00	0.000000000000000E+00
AC:QH_S_R	3.676692369986576E-05	2.436771268364365E-04	3.677059757070147E-05	2.189585267017250E-04	0.000000000000000E+00	0.000000000000000E+00	0.000000000000000E+00	0.000000000000000E+00	0.000000000000000E+00	0.000000000000000E+00	0.000000000000000E+00	0.000000000000000E+00	0.000000000000000E+00	0.000000000000000E+00	0.000000000000000E+00	0.000000000000000E+00	0.000000000000000E+00	0.000000000000000E+00	0.000000000000000E+00	0.000000000000000E+00	0.000000000000000E+00
AC:QL_D_L	2.197779722913135E-04	3.677059757070147E-05	2.448770189696529E-04	3.676334820136024E-05	0.000000000000000E+00	0.000000000000000E+00	0.000000000000000E+00	0.000000000000000E+00	0.000000000000000E+00	0.000000000000000E+00	0.000000000000000E+00	0.000000000000000E+00	0.000000000000000E+00	0.000000000000000E+00	0.000000000000000E+00	0.000000000000000E+00	0.000000000000000E+00	0.000000000000000E+00	0.000000000000000E+00	0.000000000000000E+00	0.000000000000000E+00
AC:QL_D_R	3.675967507318217E-05	2.189585267017250E-04	3.676334820136024E-05	2.436767610597664E-04	0.000000000000000E+00	0.000000000000000E+00	0.000000000000000E+00	0.000000000000000E+00	0.000000000000000E+00	0.000000000000000E+00	0.000000000000000E+00	0.000000000000000E+00	0.000000000000000E+00	0.000000000000000E+00	0.000000000000000E+00	0.000000000000000E+00	0.000000000000000E+00	0.000000000000000E+00	0.000000000000000E+00	0.000000000000000E+00	0.000000000000000E+00
DCN:CapB1N	0.000000000000000E+00	0.000000000000000E+00	0.000000000000000E+00	0.000000000000000E+00	2.930164098991954E-05	2.561179080443363E-05	2.082438646655393E-05	2.075499215248837E-05	2.075655038246980E-05	2.071640465254919E-05	2.071585093268783E-05	2.071695991520761E-05	0.000000000000000E+00	0.000000000000000E+00	0.000000000000000E+00	0.000000000000000E+00	0.000000000000000E+00	0.000000000000000E+00	0.000000000000000E+00	0.000000000000000E+00	0.000000000000000E+00
DCN:CapB2N	0.000000000000000E+00	0.000000000000000E+00	0.000000000000000E+00	0.000000000000000E+00	2.561179080443363E-05	2.933010149609269E-05	2.088258922693306E-05	2.081342068230088E-05	2.081445751384225E-05	2.077435593531645E-05	2.077389072695399E-05	2.077482294729667E-05	0.000000000000000E+00	0.000000000000000E+00	0.000000000000000E+00	0.000000000000000E+00	0.000000000000000E+00	0.000000000000000E+00	0.000000000000000E+00	0.000000000000000E+00	0.000000000000000E+00
DCN:CapB3N	0.000000000000000E+00	0.000000000000000E+00	0.000000000000000E+00	0.000000000000000E+00	2.082438646655393E-05	2.088258922693306E-05	1.018028536243213E-04	9.608141843865596E-05	9.592183438526644E-05	9.300257727752593E-05	9.304991127944529E-05	9.295539754433464E-05	0.000000000000000E+00	0.000000000000000E+00	0.000000000000000E+00	0.000000000000000E+00	0.000000000000000E+00	0.000000000000000E+00	0.000000000000000E+00	0.000000000000000E+00	0.000000000000000E+00
DCN:CapNL	0.000000000000000E+00	0.000000000000000E+00	0.000000000000000E+00	0.000000000000000E+00	2.075499215248837E-05	2.081342068230088E-05	9.608141843865596E-05	1.198785265508759E-04	9.126382252595572E-05	9.284632739664190E-05	9.456720053095213E-05	9.113045141077629E-05	0.000000000000000E+00	0.000000000000000E+00	0.000000000000000E+00	0.000000000000000E+00	0.000000000000000E+00	0.000000000000000E+00	0.000000000000000E+00	0.000000000000000E+00	0.000000000000000E+00
DCN:CapNR	0.000000000000000E+00	0.000000000000000E+00	0.000000000000000E+00	0.000000000000000E+00	2.075655038246980E-05	2.081445751384225E-05	9.592183438526644E-05	9.126382252595572E-05	1.200076086994091E-04	9.286983334848776E-05	9.116419633251971E-05	9.457053316226817E-05	0.000000000000000E+00	0.000000000000000E+00	0.000000000000000E+00	0.000000000000000E+00	0.000000000000000E+00	0.000000000000000E+00	0.000000000000000E+00	0.000000000000000E+00	0.000000000000000E+00
DCN:DrvGnd	0.000000000000000E+00	0.000000000000000E+00	0.000000000000000E+00	0.000000000000000E+00	2.071640465254919E-05	2.077435593531645E-05	9.300257727752593E-05	9.284632739664190E-05	9.286983334848776E-05	2.992205218367186E-03	2.541030765775470E-04	2.545322394539735E-04	0.000000000000000E+00	0.000000000000000E+00	0.000000000000000E+00	0.000000000000000E+00	0.000000000000000E+00	0.000000000000000E+00	0.000000000000000E+00	0.000000000000000E+00	0.000000000000000E+00
DCN:QL_S_L	0.000000000000000E+00	0.000000000000000E+00	0.000000000000000E+00	0.000000000000000E+00	2.071585093268783E-05	2.077389072695399E-05	9.304991127944529E-05	9.456720053095213E-05	9.116419633251971E-05	2.541030765775470E-04	3.484785089269127E-04	1.600060221051144E-04	0.000000000000000E+00	0.000000000000000E+00	0.000000000000000E+00	0.000000000000000E+00	0.000000000000000E+00	0.000000000000000E+00	0.000000000000000E+00	0.000000000000000E+00	0.000000000000000E+00
DCN:QL_S_R	0.000000000000000E+00	0.000000000000000E+00	0.000000000000000E+00	0.000000000000000E+00	2.071695991520761E-05	2.077482294729667E-05	9.295539754433464E-05	9.113045141077629E-05	9.457053316226817E-05	2.545322394539735E-04	1.600060221051144E-04	3.487883938424327E-04	0.000000000000000E+00	0.000000000000000E+00	0.000000000000000E+00	0.000000000000000E+00	0.000000000000000E+00	0.000000000000000E+00	0.000000000000000E+00	0.000000000000000E+00	0.000000000000000E+00
DCP:CapB1P	0.000000000000000E+00	0.000000000000000E+00	0.000000000000000E+00	0.000000000000000E+00	0.000000000000000E+00	0.000000000000000E+00	0.000000000000000E+00	0.000000000000000E+00	0.000000000000000E+00	0.000000000000000E+00	0.000000000000000E+00	0.000000000000000E+00	5.596907069473331E-05	4.151305723267763E-05	4.151219683511288E-05	4.131757710553816E-05	4.131542598621931E-05	4.131797310589369E-05	4.131569157508185E-05	0.000000000000000E+00	0.000000000000000E+00
DCP:CapB2P	0.000000000000000E+00	0.000000000000000E+00	0.000000000000000E+00	0.000000000000000E+00	0.000000000000000E+00	0.000000000000000E+00	0.000000000000000E+00	0.000000000000000E+00	0.000000000000000E+00	0.000000000000000E+00	0.000000000000000E+00	0.000000000000000E+00	4.151305723267763E-05	1.356104628851416E-04	1.318340657372996E-04	1.152001675631390E-04	1.152083386247645E-04	1.152021455912479E-04	1.152100548853300E-04	0.000000000000000E+00	0.000000000000000E+00
DCP:CapB3P	0.000000000000000E+00	0.000000000000000E+00	0.000000000000000E+00	0.000000000000000E+00	0.000000000000000E+00	0.000000000000000E+00	0.000000000000000E+00	0.000000000000000E+00	0.000000000000000E+00	0.000000000000000E+00	0.000000000000000E+00	0.000000000000000E+00	4.151219683511288E-05	1.318340657372996E-04	1.356087301239894E-04	1.151994571781066E-04	1.152081126865800E-04	1.152014482810530E-04	1.152098423955365E-04	0.000000000000000E+00	0.000000000000000E+00
DCP:CapPL	0.000000000000000E+00	0.000000000000000E+00	0.000000000000000E+00	0.000000000000000E+00	0.000000000000000E+00	0.000000000000000E+00	0.000000000000000E+00	0.000000000000000E+00	0.000000000000000E+00	0.000000000000000E+00	0.000000000000000E+00	0.000000000000000E+00	4.131757710553816E-05	1.152001675631390E-04	1.151994571781066E-04	2.888220549249845E-04	1.275780549641132E-04	2.725760230004671E-04	1.274789875132579E-04	0.000000000000000E+00	0.000000000000000E+00
DCP:CapPR	0.000000000000000E+00	0.000000000000000E+00	0.000000000000000E+00	0.000000000000000E+00	0.000000000000000E+00	0.000000000000000E+00	0.000000000000000E+00	0.000000000000000E+00	0.000000000000000E+00	0.000000000000000E+00	0.000000000000000E+00	0.000000000000000E+00	4.131542598621931E-05	1.152083386247645E-04	1.152081126865800E-04	1.275780549641132E-04	2.891166469820333E-04	1.274755383292671E-04	2.729540401766171E-04	0.000000000000000E+00	0.000000000000000E+00
DCP:QH_D_L	0.000000000000000E+00	0.000000000000000E+00	0.000000000000000E+00	0.000000000000000E+00	0.000000000000000E+00	0.000000000000000E+00	0.000000000000000E+00	0.000000000000000E+00	0.000000000000000E+00	0.000000000000000E+00	0.000000000000000E+00	0.000000000000000E+00	4.131797310589369E-05	1.152021455912479E-04	1.152014482810530E-04	2.725760230004671E-04	1.274755383292671E-04	2.978439030106365E-04	1.273769379451883E-04	0.000000000000000E+00	0.000000000000000E+00
DCP:QH_D_R	0.000000000000000E+00	0.000000000000000E+00	0.000000000000000E+00	0.000000000000000E+00	0.000000000000000E+00	0.000000000000000E+00	0.000000000000000E+00	0.000000000000000E+00	0.000000000000000E+00	0.000000000000000E+00	0.000000000000000E+00	0.000000000000000E+00	4.131569157508185E-05	1.152100548853300E-04	1.152098423955365E-04	1.274789875132579E-04	2.729540401766171E-04	1.273769379451883E-04	2.975500580600964E-04	0.000000000000000E+00	0.000000000000000E+00
G:Gate_L	0.000000000000000E+00	0.000000000000000E+00	0.000000000000000E+00	0.000000000000000E+00	0.000000000000000E+00	0.000000000000000E+00	0.000000000000000E+00	0.000000000000000E+00	0.000000000000000E+00	0.000000000000000E+00	0.000000000000000E+00	0.000000000000000E+00	0.000000000000000E+00	0.000000000000000E+00	0.000000000000000E+00	0.000000000000000E+00	0.000000000000000E+00	0.000000000000000E+00	0.000000000000000E+00	5.898637497273700E-03	8.560379008442239E-04
G:Gate_R	0.000000000000000E+00	0.000000000000000E+00	0.000000000000000E+00	0.000000000000000E+00	0.000000000000000E+00	0.000000000000000E+00	0.000000000000000E+00	0.000000000000000E+00	0.000000000000000E+00	0.000000000000000E+00	0.000000000000000E+00	0.000000000000000E+00	0.000000000000000E+00	0.000000000000000E+00	0.000000000000000E+00	0.000000000000000E+00	0.000000000000000E+00	0.000000000000000E+00	0.000000000000000E+00	8.560379008442239E-04	5.899465842873355E-03

DC Resistance Matrix Coupling Coefficient
	AC:QH_S_L	AC:QH_S_R	AC:QL_D_L	AC:QL_D_R	DCN:CapB1N	DCN:CapB2N	DCN:CapB3N	DCN:CapNL	DCN:CapNR	DCN:DrvGnd	DCN:QL_S_L	DCN:QL_S_R	DCP:CapB1P	DCP:CapB2P	DCP:CapB3P	DCP:CapPL	DCP:CapPR	DCP:QH_D_L	DCP:QH_D_R	G:Gate_L	G:Gate_R	
AC:QH_S_L	1.000000000000000E+00	1.506645976640845E-01	8.984035355118156E-01	1.506350070822061E-01	0.000000000000000E+00	0.000000000000000E+00	0.000000000000000E+00	0.000000000000000E+00	0.000000000000000E+00	0.000000000000000E+00	0.000000000000000E+00	0.000000000000000E+00	0.000000000000000E+00	0.000000000000000E+00	0.000000000000000E+00	0.000000000000000E+00	0.000000000000000E+00	0.000000000000000E+00	0.000000000000000E+00	0.000000000000000E+00	0.000000000000000E+00
AC:QH_S_R	1.506645976640845E-01	1.000000000000000E+00	1.505286928230298E-01	8.985607056382843E-01	0.000000000000000E+00	0.000000000000000E+00	0.000000000000000E+00	0.000000000000000E+00	0.000000000000000E+00	0.000000000000000E+00	0.000000000000000E+00	0.000000000000000E+00	0.000000000000000E+00	0.000000000000000E+00	0.000000000000000E+00	0.000000000000000E+00	0.000000000000000E+00	0.000000000000000E+00	0.000000000000000E+00	0.000000000000000E+00	0.000000000000000E+00
AC:QL_D_L	8.984035355118156E-01	1.505286928230298E-01	1.000000000000000E+00	1.504991288577868E-01	0.000000000000000E+00	0.000000000000000E+00	0.000000000000000E+00	0.000000000000000E+00	0.000000000000000E+00	0.000000000000000E+00	0.000000000000000E+00	0.000000000000000E+00	0.000000000000000E+00	0.000000000000000E+00	0.000000000000000E+00	0.000000000000000E+00	0.000000000000000E+00	0.000000000000000E+00	0.000000000000000E+00	0.000000000000000E+00	0.000000000000000E+00
AC:QL_D_R	1.506350070822061E-01	8.985607056382843E-01	1.504991288577868E-01	1.000000000000000E+00	0.000000000000000E+00	0.000000000000000E+00	0.000000000000000E+00	0.000000000000000E+00	0.000000000000000E+00	0.000000000000000E+00	0.000000000000000E+00	0.000000000000000E+00	0.000000000000000E+00	0.000000000000000E+00	0.000000000000000E+00	0.000000000000000E+00	0.000000000000000E+00	0.000000000000000E+00	0.000000000000000E+00	0.000000000000000E+00	0.000000000000000E+00
DCN:CapB1N	0.000000000000000E+00	0.000000000000000E+00	0.000000000000000E+00	0.000000000000000E+00	1.000000000000000E+00	8.736494170515723E-01	3.812819688183402E-01	3.501917446209007E-01	3.500296352901143E-01	6.996369308886868E-02	2.050070545160788E-01	2.049269336586333E-01	0.000000000000000E+00	0.000000000000000E+00	0.000000000000000E+00	0.000000000000000E+00	0.000000000000000E+00	0.000000000000000E+00	0.000000000000000E+00	0.000000000000000E+00	0.000000000000000E+00
DCN:CapB2N	0.000000000000000E+00	0.000000000000000E+00	0.000000000000000E+00	0.000000000000000E+00	8.736494170515723E-01	1.000000000000000E+00	3.821620754839308E-01	3.510071646363330E-01	3.508358155213180E-01	7.012535896170304E-02	2.054816573837802E-01	2.053995726845643E-01	0.000000000000000E+00	0.000000000000000E+00	0.000000000000000E+00	0.000000000000000E+00	0.000000000000000E+00	0.000000000000000E+00	0.000000000000000E+00	0.000000000000000E+00	0.000000000000000E+00
DCN:CapB3N	0.000000000000000E+00	0.000000000000000E+00	0.000000000000000E+00	0.000000000000000E+00	3.812819688183402E-01	3.821620754839308E-01	1.000000000000000E+00	8.697385735996280E-01	8.678269015855421E-01	1.685075327987548E-01	4.940239315400375E-01	4.933028494981427E-01	0.000000000000000E+00	0.000000000000000E+00	0.000000000000000E+00	0.000000000000000E+00	0.000000000000000E+00	0.000000000000000E+00	0.000000000000000E+00	0.000000000000000E+00	0.000000000000000E+00
DCN:CapNL	0.000000000000000E+00	0.000000000000000E+00	0.000000000000000E+00	0.000000000000000E+00	3.501917446209007E-01	3.510071646363330E-01	8.697385735996280E-01	1.000000000000000E+00	7.608929598487466E-01	1.550237875624257E-01	4.626811802606018E-01	4.456683683957613E-01	0.000000000000000E+00	0.000000000000000E+00	0.000000000000000E+00	0.000000000000000E+00	0.000000000000000E+00	0.000000000000000E+00	0.000000000000000E+00	0.000000000000000E+00	0.000000000000000E+00
DCN:CapNR	0.000000000000000E+00	0.000000000000000E+00	0.000000000000000E+00	0.000000000000000E+00	3.500296352901143E-01	3.508358155213180E-01	8.678269015855421E-01	7.608929598487466E-01	1.000000000000000E+00	1.549796184068475E-01	4.457916369523325E-01	4.622430966738853E-01	0.000000000000000E+00	0.000000000000000E+00	0.000000000000000E+00	0.000000000000000E+00	0.000000000000000E+00	0.000000000000000E+00	0.000000000000000E+00	0.000000000000000E+00	0.000000000000000E+00
DCN:DrvGnd	0.000000000000000E+00	0.000000000000000E+00	0.000000000000000E+00	0.000000000000000E+00	6.996369308886868E-02	7.012535896170304E-02	1.685075327987548E-01	1.550237875624257E-01	1.549796184068475E-01	1.000000000000000E+00	2.488434623775668E-01	2.491529869485226E-01	0.000000000000000E+00	0.000000000000000E+00	0.000000000000000E+00	0.000000000000000E+00	0.000000000000000E+00	0.000000000000000E+00	0.000000000000000E+00	0.000000000000000E+00	0.000000000000000E+00
DCN:QL_S_L	0.000000000000000E+00	0.000000000000000E+00	0.000000000000000E+00	0.000000000000000E+00	2.050070545160788E-01	2.054816573837802E-01	4.940239315400375E-01	4.626811802606018E-01	4.457916369523325E-01	2.488434623775668E-01	1.000000000000000E+00	4.589520519947552E-01	0.000000000000000E+00	0.000000000000000E+00	0.000000000000000E+00	0.000000000000000E+00	0.000000000000000E+00	0.000000000000000E+00	0.000000000000000E+00	0.000000000000000E+00	0.000000000000000E+00
DCN:QL_S_R	0.000000000000000E+00	0.000000000000000E+00	0.000000000000000E+00	0.000000000000000E+00	2.049269336586333E-01	2.053995726845643E-01	4.933028494981427E-01	4.456683683957613E-01	4.622430966738853E-01	2.491529869485226E-01	4.589520519947552E-01	1.000000000000000E+00	0.000000000000000E+00	0.000000000000000E+00	0.000000000000000E+00	0.000000000000000E+00	0.000000000000000E+00	0.000000000000000E+00	0.000000000000000E+00	0.000000000000000E+00	0.000000000000000E+00
DCP:CapB1P	0.000000000000000E+00	0.000000000000000E+00	0.000000000000000E+00	0.000000000000000E+00	0.000000000000000E+00	0.000000000000000E+00	0.000000000000000E+00	0.000000000000000E+00	0.000000000000000E+00	0.000000000000000E+00	0.000000000000000E+00	0.000000000000000E+00	1.000000000000000E+00	4.765012793848294E-01	4.764944476538781E-01	3.249717592152971E-01	3.247892435141792E-01	3.200151975296978E-01	3.201554941202573E-01	0.000000000000000E+00	0.000000000000000E+00
DCP:CapB2P	0.000000000000000E+00	0.000000000000000E+00	0.000000000000000E+00	0.000000000000000E+00	0.000000000000000E+00	0.000000000000000E+00	0.000000000000000E+00	0.000000000000000E+00	0.000000000000000E+00	0.000000000000000E+00	0.000000000000000E+00	0.000000000000000E+00	4.765012793848294E-01	1.000000000000000E+00	9.721588231077121E-01	5.820916035566284E-01	5.818362365092251E-01	5.732177252705368E-01	5.735400695636798E-01	0.000000000000000E+00	0.000000000000000E+00
DCP:CapB3P	0.000000000000000E+00	0.000000000000000E+00	0.000000000000000E+00	0.000000000000000E+00	0.000000000000000E+00	0.000000000000000E+00	0.000000000000000E+00	0.000000000000000E+00	0.000000000000000E+00	0.000000000000000E+00	0.000000000000000E+00	0.000000000000000E+00	4.764944476538781E-01	9.721588231077121E-01	1.000000000000000E+00	5.820917329197290E-01	5.818388126857579E-01	5.732179177798256E-01	5.735426759736801E-01	0.000000000000000E+00	0.000000000000000E+00
DCP:CapPL	0.000000000000000E+00	0.000000000000000E+00	0.000000000000000E+00	0.000000000000000E+00	0.000000000000000E+00	0.000000000000000E+00	0.000000000000000E+00	0.000000000000000E+00	0.000000000000000E+00	0.000000000000000E+00	0.000000000000000E+00	0.000000000000000E+00	3.249717592152971E-01	5.820916035566284E-01	5.820917329197290E-01	1.000000000000000E+00	4.414934356084477E-01	9.293474609186622E-01	4.348539396504796E-01	0.000000000000000E+00	0.000000000000000E+00
DCP:CapPR	0.000000000000000E+00	0.000000000000000E+00	0.000000000000000E+00	0.000000000000000E+00	0.000000000000000E+00	0.000000000000000E+00	0.000000000000000E+00	0.000000000000000E+00	0.000000000000000E+00	0.000000000000000E+00	0.000000000000000E+00	0.000000000000000E+00	3.247892435141792E-01	5.818362365092251E-01	5.818388126857579E-01	4.414934356084477E-01	1.000000000000000E+00	4.344061331863024E-01	9.306212349025298E-01	0.000000000000000E+00	0.000000000000000E+00
DCP:QH_D_L	0.000000000000000E+00	0.000000000000000E+00	0.000000000000000E+00	0.000000000000000E+00	0.000000000000000E+00	0.000000000000000E+00	0.000000000000000E+00	0.000000000000000E+00	0.000000000000000E+00	0.000000000000000E+00	0.000000000000000E+00	0.000000000000000E+00	3.200151975296978E-01	5.732177252705368E-01	5.732179177798256E-01	9.293474609186622E-01	4.344061331863024E-01	1.000000000000000E+00	4.278745227071440E-01	0.000000000000000E+00	0.000000000000000E+00
DCP:QH_D_R	0.000000000000000E+00	0.000000000000000E+00	0.000000000000000E+00	0.000000000000000E+00	0.000000000000000E+00	0.000000000000000E+00	0.000000000000000E+00	0.000000000000000E+00	0.000000000000000E+00	0.000000000000000E+00	0.000000000000000E+00	0.000000000000000E+00	3.201554941202573E-01	5.735400695636798E-01	5.735426759736801E-01	4.348539396504796E-01	9.306212349025298E-01	4.278745227071440E-01	1.000000000000000E+00	0.000000000000000E+00	0.000000000000000E+00
G:Gate_L	0.000000000000000E+00	0.000000000000000E+00	0.000000000000000E+00	0.000000000000000E+00	0.000000000000000E+00	0.000000000000000E+00	0.000000000000000E+00	0.000000000000000E+00	0.000000000000000E+00	0.000000000000000E+00	0.000000000000000E+00	0.000000000000000E+00	0.000000000000000E+00	0.000000000000000E+00	0.000000000000000E+00	0.000000000000000E+00	0.000000000000000E+00	0.000000000000000E+00	0.000000000000000E+00	1.000000000000000E+00	1.451144948088670E-01
G:Gate_R	0.000000000000000E+00	0.000000000000000E+00	0.000000000000000E+00	0.000000000000000E+00	0.000000000000000E+00	0.000000000000000E+00	0.000000000000000E+00	0.000000000000000E+00	0.000000000000000E+00	0.000000000000000E+00	0.000000000000000E+00	0.000000000000000E+00	0.000000000000000E+00	0.000000000000000E+00	0.000000000000000E+00	0.000000000000000E+00	0.000000000000000E+00	0.000000000000000E+00	0.000000000000000E+00	1.451144948088670E-01	1.000000000000000E+00

AC Inductance Matrix
	AC:QH_S_L	AC:QH_S_R	AC:QL_D_L	AC:QL_D_R	DCN:CapB1N	DCN:CapB2N	DCN:CapB3N	DCN:CapNL	DCN:CapNR	DCN:DrvGnd	DCN:QL_S_L	DCN:QL_S_R	DCP:CapB1P	DCP:CapB2P	DCP:CapB3P	DCP:CapPL	DCP:CapPR	DCP:QH_D_L	DCP:QH_D_R	G:Gate_L	G:Gate_R	
AC:QH_S_L	1.124112086321468E+00	3.886191235423844E-01	1.066230587548345E+00	3.661550995268408E-01	-5.378924686481006E-05	-2.806571206887214E-04	-5.682134502302874E-03	1.728909702121737E-03	-1.808825533718256E-02	-9.591163722840042E-02	-6.116001725234507E-02	-1.322290063634475E-01	-4.082372393273552E-04	-6.575260869351681E-03	-6.928518027557288E-03	4.455742230707848E-02	-8.258636171039019E-02	5.294243543604065E-02	-9.976293281945615E-02	6.834451778467247E-02	-1.752402561800845E-02
AC:QH_S_R	3.886191235423844E-01	1.124573597174410E+00	3.659992178867532E-01	1.067237103105333E+00	-5.851436921584626E-05	-2.844932492843479E-04	-5.720109644241879E-03	-1.819704298579911E-02	1.671540809488069E-03	-9.613474202481059E-02	-1.331093866535316E-01	-6.095634001278463E-02	-4.111451589178935E-04	-6.645355521045329E-03	-7.005488433543538E-03	-8.284797361653604E-02	4.445849412910158E-02	-1.001723037603136E-01	5.277737289163656E-02	-1.800282097049472E-02	6.858910150044766E-02
AC:QL_D_L	1.066230587548345E+00	3.659992178867532E-01	1.087392461471752E+00	3.457589247736689E-01	-4.572719536142642E-05	-2.405798638422584E-04	-4.723727590667855E-03	2.056021500813214E-03	-1.574588800624483E-02	-6.581387464922558E-02	9.402815391680993E-03	-1.173726795154725E-01	-3.539305829503229E-04	-5.138972034721696E-03	-5.435341491824255E-03	4.776402576930696E-02	-7.554303640127963E-02	5.566130026743713E-02	-9.088856267683737E-02	1.039637772754573E-01	-3.325815362472579E-02
AC:QL_D_R	3.661550995268408E-01	1.067237103105333E+00	3.457589247736689E-01	1.088479846241436E+00	-4.967485422406184E-05	-2.441847855853760E-04	-4.767416691218437E-03	-1.587167782996098E-02	2.006149578395909E-03	-6.646437450654530E-02	-1.183238699262148E-01	9.101387204010603E-03	-3.582063360269626E-04	-5.231132143966892E-03	-5.534886562405093E-03	-7.588460875015465E-02	4.762704590046458E-02	-9.138530096749058E-02	5.544814006540963E-02	-3.342466017452627E-02	1.041577443838459E-01
DCN:CapB1N	-5.378924686481006E-05	-5.851436921584626E-05	-4.572719536142642E-05	-4.967485422406184E-05	3.251782931988987E-02	2.934614610745392E-02	2.644118710942203E-02	2.645899496614675E-02	2.645996283814361E-02	2.656477252560703E-02	2.653389551216492E-02	2.653852060524337E-02	1.708505207755936E-03	1.103707369175356E-03	1.044177927487707E-03	1.159640039703334E-03	1.141079463433789E-03	1.183174261290045E-03	1.162519263210177E-03	-2.770122867810872E-05	-2.461762574952360E-05
DCN:CapB2N	-2.806571206887214E-04	-2.844932492843479E-04	-2.405798638422584E-04	-2.441847855853760E-04	2.934614610745392E-02	3.237817020128517E-02	2.995584119557848E-02	3.002706965904448E-02	3.002637411834138E-02	3.031434975098169E-02	3.029388411771090E-02	3.029996933034506E-02	1.635879801133635E-03	6.328300566863186E-03	6.310551984309009E-03	7.066984021542743E-03	7.052280449204744E-03	7.127360057144540E-03	7.112590514945494E-03	-3.179136712416021E-05	-2.804921456101102E-05
DCN:CapB3N	-5.682134502302874E-03	-5.720109644241879E-03	-4.723727590667855E-03	-4.767416691218437E-03	2.644118710942203E-02	2.995584119557848E-02	1.545076345112984E-01	1.575252910670959E-01	1.574911257583332E-01	1.642033600685776E-01	1.641475374440120E-01	1.641440717257404E-01	2.195591222560225E-03	6.099012848031216E-02	6.844798589213101E-02	1.255337544420927E-01	1.254974768100636E-01	1.270538257426866E-01	1.270136509270310E-01	-4.446837108159216E-04	-4.599637063260827E-04
DCN:CapNL	1.728909702121737E-03	-1.819704298579911E-02	2.056021500813214E-03	-1.587167782996098E-02	2.645899496614675E-02	3.002706965904448E-02	1.575252910670959E-01	2.059959339539079E-01	1.624868631712180E-01	1.940125152816807E-01	2.091922209882062E-01	1.782560886738123E-01	2.270659399546521E-03	6.361720112839087E-02	7.124457288729319E-02	1.631339562350004E-01	1.347943872695444E-01	1.651513391426371E-01	1.377461365395523E-01	1.359919413107581E-02	-1.524662807645796E-02
DCN:CapNR	-1.808825533718256E-02	1.671540809488069E-03	-1.574588800624483E-02	2.006149578395909E-03	2.645996283814361E-02	3.002637411834138E-02	1.574911257583332E-01	1.624868631712180E-01	2.057662219173519E-01	1.938838236706851E-01	1.782427670954757E-01	2.090327380318710E-01	2.267906243200448E-03	6.360107338722749E-02	7.122866228582025E-02	1.347719784412111E-01	1.629077307891807E-01	1.377319716551382E-01	1.649122991634155E-01	-1.512643080419107E-02	1.354835580648389E-02
DCN:DrvGnd	-9.591163722840042E-02	-9.613474202481059E-02	-6.581387464922558E-02	-6.646437450654530E-02	2.656477252560703E-02	3.031434975098169E-02	1.642033600685776E-01	1.940125152816807E-01	1.938838236706851E-01	1.757909822930676E+00	4.124012985237781E-01	4.112694185170017E-01	2.544197973131219E-03	7.162178163824687E-02	7.964284967314815E-02	2.015752177032233E-01	2.014826054193393E-01	2.330639819894568E-01	2.327542277320175E-01	-8.098085356297819E-01	-8.107760607929264E-01
DCN:QL_S_L	-6.116001725234507E-02	-1.331093866535316E-01	9.402815391680993E-03	-1.183238699262148E-01	2.653389551216492E-02	3.029388411771090E-02	1.641475374440120E-01	2.091922209882062E-01	1.782427670954757E-01	4.124012985237781E-01	6.280238297156284E-01	2.683615269776845E-01	2.568665594557125E-03	7.213120647104893E-02	8.015998577858760E-02	2.287361075601247E-01	1.762550932484103E-01	2.850408109889447E-01	1.899967007917073E-01	1.770572200612261E-01	-1.339311789333392E-01
DCN:QL_S_R	-1.322290063634475E-01	-6.095634001278463E-02	-1.173726795154725E-01	9.101387204010603E-03	2.653852060524337E-02	3.029996933034506E-02	1.641440717257404E-01	1.782560886738123E-01	2.090327380318710E-01	4.112694185170017E-01	2.683615269776845E-01	6.256861081634787E-01	2.573994334215543E-03	7.209189166819621E-02	8.011782974239155E-02	1.761344183451951E-01	2.283252673149106E-01	1.899006194882024E-01	2.841629192409323E-01	-1.328521176576361E-01	1.760111588942183E-01
DCP:CapB1P	-4.082372393273552E-04	-4.111451589178935E-04	-3.539305829503229E-04	-3.582063360269626E-04	1.708505207755936E-03	1.635879801133635E-03	2.195591222560225E-03	2.270659399546521E-03	2.267906243200448E-03	2.544197973131219E-03	2.568665594557125E-03	2.573994334215543E-03	7.386951731353500E-02	6.493468430667013E-02	6.497384692514462E-02	6.576011077915944E-02	6.575738806688779E-02	6.581239430711272E-02	6.581825383705857E-02	-3.708849968691367E-06	4.178046290945389E-06
DCP:CapB2P	-6.575260869351681E-03	-6.645355521045329E-03	-5.138972034721696E-03	-5.231132143966892E-03	1.103707369175356E-03	6.328300566863186E-03	6.099012848031216E-02	6.361720112839087E-02	6.360107338722749E-02	7.162178163824687E-02	7.213120647104893E-02	7.209189166819621E-02	6.493468430667013E-02	5.087325284413097E-01	5.092808554109162E-01	5.262687832243177E-01	5.262078459917628E-01	5.279248442468627E-01	5.278558220511296E-01	-1.635688196057782E-04	-1.799901727125795E-04
DCP:CapB3P	-6.928518027557288E-03	-7.005488433543538E-03	-5.435341491824255E-03	-5.534886562405093E-03	1.044177927487707E-03	6.310551984309009E-03	6.844798589213101E-02	7.124457288729319E-02	7.122866228582025E-02	7.964284967314815E-02	8.015998577858760E-02	8.011782974239155E-02	6.497384692514462E-02	5.092808554109162E-01	5.162299943058705E-01	5.337093695496923E-01	5.336384296422177E-01	5.354485221579657E-01	5.353675809771762E-01	-1.817537671555423E-04	-2.012821564396264E-04
DCP:CapPL	4.455742230707848E-02	-8.284797361653604E-02	4.776402576930696E-02	-7.588460875015465E-02	1.159640039703334E-03	7.066984021542743E-03	1.255337544420927E-01	1.631339562350004E-01	1.347719784412111E-01	2.015752177032233E-01	2.287361075601247E-01	1.761344183451951E-01	6.576011077915944E-02	5.262687832243177E-01	5.337093695496923E-01	1.248079669752761E+00	7.363835472199494E-01	1.249898892959799E+00	7.435766270532852E-01	2.410620601342283E-02	-2.729579286253061E-02
DCP:CapPR	-8.258636171039019E-02	4.445849412910158E-02	-7.554303640127963E-02	4.762704590046458E-02	1.141079463433789E-03	7.052280449204744E-03	1.254974768100636E-01	1.347943872695444E-01	1.629077307891807E-01	2.014826054193393E-01	1.762550932484103E-01	2.283252673149106E-01	6.575738806688779E-02	5.262078459917628E-01	5.336384296422177E-01	7.363835472199494E-01	1.248082725703256E+00	7.436081084242024E-01	1.249811736652790E+00	-2.717851087959680E-02	2.384450734878927E-02
DCP:QH_D_L	5.294243543604065E-02	-1.001723037603136E-01	5.566130026743713E-02	-9.138530096749058E-02	1.183174261290045E-03	7.127360057144540E-03	1.270538257426866E-01	1.651513391426371E-01	1.377319716551382E-01	2.330639819894568E-01	2.850408109889447E-01	1.899006194882024E-01	6.581239430711272E-02	5.279248442468627E-01	5.354485221579657E-01	1.249898892959799E+00	7.436081084242024E-01	1.312869574207013E+00	7.524941771575253E-01	4.637483308567412E-02	-4.451223534774872E-02
DCP:QH_D_R	-9.976293281945615E-02	5.277737289163656E-02	-9.088856267683737E-02	5.544814006540963E-02	1.162519263210177E-03	7.112590514945494E-03	1.270136509270310E-01	1.377461365395523E-01	1.649122991634155E-01	2.327542277320175E-01	1.899967007917073E-01	2.841629192409323E-01	6.581825383705857E-02	5.278558220511296E-01	5.353675809771762E-01	7.435766270532852E-01	1.249811736652790E+00	7.524941771575253E-01	1.312513917365447E+00	-4.421649923825215E-02	4.589899134206477E-02
G:Gate_L	6.834451778467247E-02	-1.800282097049472E-02	1.039637772754573E-01	-3.342466017452627E-02	-2.770122867810872E-05	-3.179136712416021E-05	-4.446837108159216E-04	1.359919413107581E-02	-1.512643080419107E-02	-8.098085356297819E-01	1.770572200612261E-01	-1.328521176576361E-01	-3.708849968691367E-06	-1.635688196057782E-04	-1.817537671555423E-04	2.410620601342283E-02	-2.717851087959680E-02	4.637483308567412E-02	-4.421649923825215E-02	2.123000784286131E+00	6.082576304474206E-01
G:Gate_R	-1.752402561800845E-02	6.858910150044766E-02	-3.325815362472579E-02	1.041577443838459E-01	-2.461762574952360E-05	-2.804921456101102E-05	-4.599637063260827E-04	-1.524662807645796E-02	1.354835580648389E-02	-8.107760607929264E-01	-1.339311789333392E-01	1.760111588942183E-01	4.178046290945389E-06	-1.799901727125795E-04	-2.012821564396264E-04	-2.729579286253061E-02	2.384450734878927E-02	-4.451223534774872E-02	4.589899134206477E-02	6.082576304474206E-01	2.122331322885278E+00

AC Inductance Matrix Coupling Coefficient
	AC:QH_S_L	AC:QH_S_R	AC:QL_D_L	AC:QL_D_R	DCN:CapB1N	DCN:CapB2N	DCN:CapB3N	DCN:CapNL	DCN:CapNR	DCN:DrvGnd	DCN:QL_S_L	DCN:QL_S_R	DCP:CapB1P	DCP:CapB2P	DCP:CapB3P	DCP:CapPL	DCP:CapPR	DCP:QH_D_L	DCP:QH_D_R	G:Gate_L	G:Gate_R	
AC:QH_S_L	1.000000000000000E+00	3.456411312432802E-01	9.643910463500743E-01	3.310168352761371E-01	2.813389622940138E-04	1.471109858564363E-03	1.363426495103562E-02	3.592842494369651E-03	3.761012956311323E-02	6.822887327114151E-02	7.279050445219611E-02	1.576680402166355E-01	1.416691144411324E-03	8.694876655143636E-03	9.095235013435822E-03	3.761786082761336E-02	6.972392694168442E-02	4.358010930385468E-02	8.213200799289021E-02	4.424088414413629E-02	1.134546966259789E-02
AC:QH_S_R	3.456411312432802E-01	1.000000000000000E+00	3.309733737823578E-01	9.646211452142712E-01	3.059904079724945E-04	1.490911529477809E-03	1.372256954002735E-02	3.780746471171997E-02	3.474849510581380E-03	6.837354968114413E-02	1.583896063274546E-01	7.266858188771110E-02	1.426489597331580E-03	8.785763836848691E-03	9.194388735655893E-03	6.993052594085722E-02	3.752659159956126E-02	8.244093876674061E-02	4.344120549462222E-02	1.165122378701292E-02	4.439709768183187E-02
AC:QL_D_L	9.643910463500743E-01	3.309733737823578E-01	1.000000000000000E+00	3.178118189418317E-01	2.431759563869596E-04	1.282153331016939E-03	1.152435728076156E-02	4.344153563957343E-03	3.328794287219503E-02	4.760208815828006E-02	1.137828189601365E-02	1.422969541018216E-01	1.248798308707589E-03	6.909368277773957E-03	7.254576403112199E-03	4.100025998221245E-02	6.484546246960916E-02	4.658535363627742E-02	7.607888131128122E-02	6.842484368333608E-02	2.189265253292727E-02
AC:QL_D_R	3.310168352761371E-01	9.646211452142712E-01	3.178118189418317E-01	1.000000000000000E+00	2.640375118697654E-04	1.300715315363168E-03	1.162513338779919E-02	3.351840307053590E-02	4.239025928145641E-03	4.804856584753317E-02	1.431113596327554E-01	1.102856833948665E-02	1.263253286354574E-03	7.029763931254335E-03	7.383748761307038E-03	6.510620011030942E-02	4.086220164970093E-02	7.644610428005956E-02	4.639004867111968E-02	2.198779742291157E-02	6.852906057029970E-02
DCN:CapB1N	2.813389622940138E-04	3.059904079724945E-04	2.431759563869596E-04	2.640375118697654E-04	1.000000000000000E+00	9.044074913582576E-01	3.730312401148691E-01	3.232832816641326E-01	3.234755161611842E-01	1.111084352263308E-01	1.856744642849180E-01	1.860534293858306E-01	3.485964039632389E-02	8.581207722949638E-03	8.059203417644730E-03	5.756271558458590E-03	5.664132830054184E-03	5.726340230338898E-03	5.627136184235236E-03	1.054297511817465E-04	9.370845973792388E-05
DCN:CapB2N	1.471109858564363E-03	1.490911529477809E-03	1.282153331016939E-03	1.300715315363168E-03	9.044074913582576E-01	1.000000000000000E+00	4.235263124666416E-01	3.676693917027361E-01	3.678660413417033E-01	1.270643764801862E-01	2.124421791021219E-01	2.128814314172431E-01	3.344972938471009E-02	4.930786446656055E-02	4.881121077030173E-02	3.515497586165517E-02	3.508178944286072E-02	3.456939318456125E-02	3.450243106557210E-02	1.212573230176487E-04	1.070010308882460E-04
DCN:CapB3N	1.363426495103562E-02	1.372256954002735E-02	1.152435728076156E-02	1.162513338779919E-02	3.730312401148691E-01	4.235263124666416E-01	1.000000000000000E+00	8.829700950518953E-01	8.832712076725947E-01	3.150712467816821E-01	5.269523413919853E-01	5.279246906760785E-01	2.055151694693700E-02	2.175403499066854E-01	2.423617525581619E-01	2.858672419190749E-01	2.857842801077591E-01	2.820992834912788E-01	2.820482888980160E-01	7.764279700442066E-04	8.032338478631264E-04
DCN:CapNL	3.592842494369651E-03	3.780746471171997E-02	4.344153563957343E-03	3.351840307053590E-02	3.232832816641326E-01	3.676693917027361E-01	8.829700950518953E-01	1.000000000000000E+00	7.892269172353150E-01	3.224052651592820E-01	5.816050185679537E-01	4.965200523863034E-01	1.840729785980191E-02	1.965171605388367E-01	2.184745461563648E-01	3.217317268973657E-01	2.658402879448902E-01	3.175718387721500E-01	2.649098727771072E-01	2.056405572626267E-02	2.305886307131001E-02
DCN:CapNR	3.761012956311323E-02	3.474849510581380E-03	3.328794287219503E-02	4.239025928145641E-03	3.234755161611842E-01	3.678660413417033E-01	8.832712076725947E-01	7.892269172353150E-01	1.000000000000000E+00	3.223712014516578E-01	4.958345809346044E-01	5.825712001492233E-01	1.839523855126444E-02	1.965769759416150E-01	2.185476440087369E-01	2.659447415631823E-01	3.214644603731914E-01	2.649945431619493E-01	3.173321295381351E-01	2.288623462706114E-02	2.050184566570476E-02
DCN:DrvGnd	6.822887327114151E-02	6.837354968114413E-02	4.760208815828006E-02	4.804856584753317E-02	1.111084352263308E-01	1.270643764801862E-01	3.150712467816821E-01	3.224052651592820E-01	3.223712014516578E-01	1.000000000000000E+00	3.924945820402048E-01	3.921478735291568E-01	7.060248305236918E-03	7.573594871393743E-02	8.360396547270084E-02	1.360873278636974E-01	1.360246369902048E-01	1.534143816647127E-01	1.532312425094186E-01	4.191881299069721E-01	4.197551456978305E-01
DCN:QL_S_L	7.279050445219611E-02	1.583896063274546E-01	1.137828189601365E-02	1.431113596327554E-01	1.856744642849180E-01	2.124421791021219E-01	5.269523413919853E-01	5.816050185679537E-01	4.958345809346044E-01	3.924945820402048E-01	1.000000000000000E+00	4.281085846143182E-01	1.192578228372772E-02	1.276116667707523E-01	1.407822664862791E-01	2.583601395548966E-01	1.990819692842987E-01	3.139121979004238E-01	2.092695496198780E-01	1.533382499748306E-01	1.160077592945861E-01
DCN:QL_S_R	1.576680402166355E-01	7.266858188771110E-02	1.422969541018216E-01	1.102856833948665E-02	1.860534293858306E-01	2.128814314172431E-01	5.279246906760785E-01	4.965200523863034E-01	5.825712001492233E-01	3.921478735291568E-01	4.281085846143182E-01	1.000000000000000E+00	1.197282679135271E-02	1.277801552384471E-01	1.409708449641964E-01	1.993172188961033E-01	2.583771076516309E-01	2.095257159606240E-01	3.135719384727563E-01	1.152696960054378E-01	1.527409031515576E-01
DCP:CapB1P	1.416691144411324E-03	1.426489597331580E-03	1.248798308707589E-03	1.263253286354574E-03	3.485964039632389E-02	3.344972938471009E-02	2.055151694693700E-02	1.840729785980191E-02	1.839523855126444E-02	7.060248305236918E-03	1.192578228372772E-02	1.197282679135271E-02	1.000000000000000E+00	3.349649371778957E-01	3.327241567190702E-01	2.165752134364872E-01	2.165659812869747E-01	2.113315160693795E-01	2.113789649832807E-01	9.365512710118467E-06	1.055198159386637E-05
DCP:CapB2P	8.694876655143636E-03	8.785763836848691E-03	6.909368277773957E-03	7.029763931254335E-03	8.581207722949638E-03	4.930786446656055E-02	2.175403499066854E-01	1.965171605388367E-01	1.965769759416150E-01	7.573594871393743E-02	1.276116667707523E-01	1.277801552384471E-01	3.349649371778957E-01	1.000000000000000E+00	9.937816647461001E-01	6.604526719376445E-01	6.603753889359142E-01	6.459762558830818E-01	6.459793032945723E-01	1.573912877126835E-04	1.732197662200290E-04
DCP:CapB3P	9.095235013435822E-03	9.194388735655893E-03	7.254576403112199E-03	7.383748761307038E-03	8.059203417644730E-03	4.881121077030173E-02	2.423617525581619E-01	2.184745461563648E-01	2.185476440087369E-01	8.360396547270084E-02	1.407822664862791E-01	1.409708449641964E-01	3.327241567190702E-01	9.937816647461001E-01	1.000000000000000E+00	6.649087610400645E-01	6.648195683796950E-01	6.504071623843793E-01	6.503969458090526E-01	1.736147928661547E-04	1.922990184364778E-04
DCP:CapPL	3.761786082761336E-02	6.993052594085722E-02	4.100025998221245E-02	6.510620011030942E-02	5.756271558458590E-03	3.515497586165517E-02	2.858672419190749E-01	3.217317268973657E-01	2.659447415631823E-01	1.360873278636974E-01	2.583601395548966E-01	1.993172188961033E-01	2.165752134364872E-01	6.604526719376445E-01	6.649087610400645E-01	1.000000000000000E+00	5.900125316854422E-01	9.764340982896211E-01	5.809685419431120E-01	1.480923524613317E-02	1.677134788274244E-02
DCP:CapPR	6.972392694168442E-02	3.752659159956126E-02	6.484546246960916E-02	4.086220164970093E-02	5.664132830054184E-03	3.508178944286072E-02	2.857842801077591E-01	2.658402879448902E-01	3.214644603731914E-01	1.360246369902048E-01	1.990819692842987E-01	2.583771076516309E-01	2.165659812869747E-01	6.603753889359142E-01	6.648195683796950E-01	5.900125316854422E-01	1.000000000000000E+00	5.809137267059934E-01	9.764970912119095E-01	1.669663273747424E-02	1.465075736273980E-02
DCP:QH_D_L	4.358010930385468E-02	8.244093876674061E-02	4.658535363627742E-02	7.644610428005956E-02	5.726340230338898E-03	3.456939318456125E-02	2.820992834912788E-01	3.175718387721500E-01	2.649945431619493E-01	1.534143816647127E-01	3.139121979004238E-01	2.095257159606240E-01	2.113315160693795E-01	6.459762558830818E-01	6.504071623843793E-01	9.764340982896211E-01	5.809137267059934E-01	1.000000000000000E+00	5.732451555956155E-01	2.777771324991648E-02	2.666625457302399E-02
DCP:QH_D_R	8.213200799289021E-02	4.344120549462222E-02	7.607888131128122E-02	4.639004867111968E-02	5.627136184235236E-03	3.450243106557210E-02	2.820482888980160E-01	2.649098727771072E-01	3.173321295381351E-01	1.532312425094186E-01	2.092695496198780E-01	3.135719384727563E-01	2.113789649832807E-01	6.459793032945723E-01	6.503969458090526E-01	5.809685419431120E-01	9.764970912119095E-01	5.732451555956155E-01	1.000000000000000E+00	2.648849717061637E-02	2.750075337074839E-02
G:Gate_L	4.424088414413629E-02	1.165122378701292E-02	6.842484368333608E-02	2.198779742291157E-02	1.054297511817465E-04	1.212573230176487E-04	7.764279700442066E-04	2.056405572626267E-02	2.288623462706114E-02	4.191881299069721E-01	1.533382499748306E-01	1.152696960054378E-01	9.365512710118467E-06	1.573912877126835E-04	1.736147928661547E-04	1.480923524613317E-02	1.669663273747424E-02	2.777771324991648E-02	2.648849717061637E-02	1.000000000000000E+00	2.865536182588737E-01
G:Gate_R	1.134546966259789E-02	4.439709768183187E-02	2.189265253292727E-02	6.852906057029970E-02	9.370845973792388E-05	1.070010308882460E-04	8.032338478631264E-04	2.305886307131001E-02	2.050184566570476E-02	4.197551456978305E-01	1.160077592945861E-01	1.527409031515576E-01	1.055198159386637E-05	1.732197662200290E-04	1.922990184364778E-04	1.677134788274244E-02	1.465075736273980E-02	2.666625457302399E-02	2.750075337074839E-02	2.865536182588737E-01	1.000000000000000E+00

AC Resistance Matrix
	AC:QH_S_L	AC:QH_S_R	AC:QL_D_L	AC:QL_D_R	DCN:CapB1N	DCN:CapB2N	DCN:CapB3N	DCN:CapNL	DCN:CapNR	DCN:DrvGnd	DCN:QL_S_L	DCN:QL_S_R	DCP:CapB1P	DCP:CapB2P	DCP:CapB3P	DCP:CapPL	DCP:CapPR	DCP:QH_D_L	DCP:QH_D_R	G:Gate_L	G:Gate_R	
AC:QH_S_L	6.298482912837374E-03	5.007263588859415E-04	5.752392381339073E-03	3.685762453576579E-04	-2.743968869708122E-07	-4.404407036458308E-06	-1.059165344758831E-04	-1.005791560035839E-04	-1.770124847560849E-04	-1.000203156823283E-03	-1.223683831608402E-03	-1.988063861866253E-03	-5.368495654999239E-06	-1.032893902083444E-04	-1.108597525836988E-04	-3.971789224127975E-04	-2.942059321524895E-04	-4.177605163650795E-04	-3.890967167221915E-04	5.918188068766045E-04	-6.165979763613087E-04
AC:QH_S_R	5.007263588859415E-04	6.362035079252601E-03	3.690674923799928E-04	5.799336924514295E-03	-3.317130940160040E-07	-4.499936908935507E-06	-1.042903008973916E-04	-1.772212495692890E-04	-9.658265036110598E-05	-1.013798022022697E-03	-1.998297543270626E-03	-1.217859887654676E-03	-5.351235528768546E-06	-1.028344967529733E-04	-1.104559169938062E-04	-2.983759405791818E-04	-3.884604143414948E-04	-3.939147718579808E-04	-4.056394445356825E-04	-6.025005477233234E-04	6.046026422736358E-04
AC:QL_D_L	5.752392381339073E-03	3.690674923799928E-04	5.914127783443699E-03	2.592575078745949E-04	-2.557527938907436E-07	-3.678335189455220E-06	-8.477230632073677E-05	-8.089534561545646E-05	-1.432866290631504E-04	-6.770585797527440E-04	-6.586668335118768E-04	-1.703231401369112E-03	-4.481152837121607E-06	-8.214752371441225E-05	-8.835583475095043E-05	-3.356393022155275E-04	-2.081453872252501E-04	-3.531703147653574E-04	-2.862958557248084E-04	6.902619619484179E-04	-6.438817442838819E-04
AC:QL_D_R	3.685762453576579E-04	5.799336924514295E-03	2.592575078745949E-04	5.954401626890231E-03	-2.965990679632667E-07	-3.754437136162280E-06	-8.328108098848769E-05	-1.429987219766070E-04	-7.750116282520037E-05	-6.839093324803074E-04	-1.711620896109412E-03	-6.488025544617588E-04	-4.417963789967470E-06	-8.130412565392043E-05	-8.755272337745740E-05	-2.102599471162969E-04	-3.268545168015639E-04	-2.885342651564113E-04	-3.410378019891084E-04	-6.360248042262800E-04	7.016866227334692E-04
DCN:CapB1N	-2.743968869708122E-07	-3.317130940160040E-07	-2.557527938907436E-07	-2.965990679632667E-07	3.763614165829277E-04	3.239252817032182E-04	2.599850462119475E-04	2.594709972483413E-04	2.595140693957013E-04	2.602507374111123E-04	2.604875379945785E-04	2.603975312796865E-04	2.148056556500229E-05	-1.642414655904593E-05	-1.863858202459402E-05	-1.910815593614298E-05	-1.937769030906313E-05	-1.888638896856127E-05	-1.915700658985719E-05	2.340772426504624E-07	1.832836373788962E-07
DCN:CapB2N	-4.404407036458308E-06	-4.499936908935507E-06	-3.678335189455220E-06	-3.754437136162280E-06	3.239252817032182E-04	3.725794495610730E-04	3.194673878341977E-04	3.200780342562203E-04	3.201170595752905E-04	3.261013666527403E-04	3.271268349797658E-04	3.269959277063033E-04	2.046743984909541E-05	7.003305889832418E-05	6.889731247161453E-05	8.076472496980771E-05	8.050248222052543E-05	8.181688193817602E-05	8.156367015800788E-05	3.868218370073781E-07	2.989977590671259E-07
DCN:CapB3N	-1.059165344758831E-04	-1.042903008973916E-04	-8.477230632073677E-05	-8.328108098848769E-05	2.599850462119475E-04	3.194673878341977E-04	2.592657782492480E-03	2.632723187327415E-03	2.632575730358321E-03	2.751394308354044E-03	2.769123903863691E-03	2.772382953895874E-03	3.537074928046270E-05	9.927435380050016E-04	1.131437589204950E-03	2.113550275376238E-03	2.115229300779663E-03	2.147807797045682E-03	2.149737301568381E-03	1.172162196810607E-06	3.652127692767401E-06
DCN:CapNL	-1.005791560035839E-04	-1.772212495692890E-04	-8.089534561545646E-05	-1.429987219766070E-04	2.594709972483413E-04	3.200780342562203E-04	2.632723187327415E-03	3.115032855657194E-03	2.694365243336115E-03	3.058693917873536E-03	3.149249564766744E-03	3.019320036217290E-03	3.669892065824018E-05	1.028205479942847E-03	1.170643839228776E-03	2.447349114594132E-03	2.241645435646245E-03	2.491632771903823E-03	2.290831059014953E-03	3.315349252416346E-05	-2.699358921387470E-05
DCN:CapNR	-1.770124847560849E-04	-9.658265036110598E-05	-1.432866290631504E-04	-7.750116282520037E-05	2.595140693957013E-04	3.201170595752905E-04	2.632575730358321E-03	2.694365243336115E-03	3.114512592831188E-03	3.056508213396657E-03	3.015033174173799E-03	3.152840877522072E-03	3.669299480617383E-05	1.028338356271041E-03	1.170741752912305E-03	2.239910750046605E-03	2.449085323403200E-03	2.288754591084211E-03	2.493706740830019E-03	-2.871420309023741E-05	3.816367208440720E-05
DCN:DrvGnd	-1.000203156823283E-03	-1.013798022022697E-03	-6.770585797527440E-04	-6.839093324803074E-04	2.602507374111123E-04	3.261013666527403E-04	2.751394308354044E-03	3.058693917873536E-03	3.056508213396657E-03	3.442464767139869E-02	7.665810283735894E-03	7.667305960338383E-03	4.315139370606984E-05	1.192334505161521E-03	1.347456402431039E-03	3.458546648429798E-03	3.456570132844113E-03	3.775580281438370E-03	3.772677946713479E-03	-6.736329296640033E-03	-6.696426249286314E-03
DCN:QL_S_L	-1.223683831608402E-03	-1.998297543270626E-03	-6.586668335118768E-04	-1.711620896109412E-03	2.604875379945785E-04	3.271268349797658E-04	2.769123903863691E-03	3.149249564766744E-03	3.015033174173799E-03	7.665810283735894E-03	1.118622779135927E-02	5.617337400604973E-03	4.437462447750045E-05	1.224321501863511E-03	1.380583291544969E-03	4.011521775376919E-03	3.163821208911855E-03	4.461967393984483E-03	3.424044650330102E-03	2.151103975170162E-03	-1.557798008565136E-03
DCN:QL_S_R	-1.988063861866253E-03	-1.217859887654676E-03	-1.703231401369112E-03	-6.488025544617588E-04	2.603975312796865E-04	3.269959277063033E-04	2.772382953895874E-03	3.019320036217290E-03	3.152840877522072E-03	7.667305960338383E-03	5.617337400604973E-03	1.120416803100868E-02	4.431044768483536E-05	1.223513277839410E-03	1.379790772316824E-03	3.165914240864932E-03	4.011456524777402E-03	3.426858309011547E-03	4.465435499196591E-03	-1.563081778867218E-03	2.167202396324198E-03
DCP:CapB1P	-5.368495654999239E-06	-5.351235528768546E-06	-4.481152837121607E-06	-4.417963789967470E-06	2.148056556500229E-05	2.046743984909541E-05	3.537074928046270E-05	3.669892065824018E-05	3.669299480617383E-05	4.315139370606984E-05	4.437462447750045E-05	4.431044768483536E-05	7.596665143385778E-04	6.649276987014327E-04	6.658077453102663E-04	6.756085407478415E-04	6.757539145224273E-04	6.765310883436884E-04	6.767001820530290E-04	3.139177025641695E-07	2.872262293079725E-07
DCP:CapB2P	-1.032893902083444E-04	-1.028344967529733E-04	-8.214752371441225E-05	-8.130412565392043E-05	-1.642414655904593E-05	7.003305889832418E-05	9.927435380050016E-04	1.028205479942847E-03	1.028338356271041E-03	1.192334505161521E-03	1.224321501863511E-03	1.223513277839410E-03	6.649276987014327E-04	3.429675198781664E-03	3.439775054444969E-03	3.493713869679843E-03	3.494311153278154E-03	3.515769749656235E-03	3.516611202317439E-03	9.989789710708531E-06	9.200902782551191E-06
DCP:CapB3P	-1.108597525836988E-04	-1.104559169938062E-04	-8.835583475095043E-05	-8.755272337745740E-05	-1.863858202459402E-05	6.889731247161453E-05	1.131437589204950E-03	1.170643839228776E-03	1.170741752912305E-03	1.347456402431039E-03	1.380583291544969E-03	1.379790772316824E-03	6.658077453102663E-04	3.439775054444969E-03	3.560509256727331E-03	3.625842497461745E-03	3.626308818685259E-03	3.649890730737846E-03	3.650626419948183E-03	1.008257837545402E-05	9.239687799439401E-06
DCP:CapPL	-3.971789224127975E-04	-2.983759405791818E-04	-3.356393022155275E-04	-2.102599471162969E-04	-1.910815593614298E-05	8.076472496980771E-05	2.113550275376238E-03	2.447349114594132E-03	2.239910750046605E-03	3.458546648429798E-03	4.011521775376919E-03	3.165914240864932E-03	6.756085407478415E-04	3.493713869679843E-03	3.625842497461745E-03	9.026764893514163E-03	4.845999088982750E-03	9.032386783870080E-03	4.943447630614755E-03	3.989822816670777E-04	-3.109950036736207E-04
DCP:CapPR	-2.942059321524895E-04	-3.884604143414948E-04	-2.081453872252501E-04	-3.268545168015639E-04	-1.937769030906313E-05	8.050248222052543E-05	2.115229300779663E-03	2.241645435646245E-03	2.449085323403200E-03	3.456570132844113E-03	3.163821208911855E-03	4.011456524777402E-03	6.757539145224273E-04	3.494311153278154E-03	3.626308818685259E-03	4.845999088982750E-03	9.029506491261385E-03	4.942609882735879E-03	9.036542640679338E-03	-3.120478390819044E-04	4.016897349827151E-04
DCP:QH_D_L	-4.177605163650795E-04	-3.939147718579808E-04	-3.531703147653574E-04	-2.885342651564113E-04	-1.888638896856127E-05	8.181688193817602E-05	2.147807797045682E-03	2.491632771903823E-03	2.288754591084211E-03	3.775580281438370E-03	4.461967393984483E-03	3.426858309011547E-03	6.765310883436884E-04	3.515769749656235E-03	3.649890730737846E-03	9.032386783870080E-03	4.942609882735879E-03	9.617093181427477E-03	5.055961065635474E-03	4.547999927927143E-04	-3.422390710696364E-04
DCP:QH_D_R	-3.890967167221915E-04	-4.056394445356825E-04	-2.862958557248084E-04	-3.410378019891084E-04	-1.915700658985719E-05	8.156367015800788E-05	2.149737301568381E-03	2.290831059014953E-03	2.493706740830019E-03	3.772677946713479E-03	3.424044650330102E-03	4.465435499196591E-03	6.767001820530290E-04	3.516611202317439E-03	3.650626419948183E-03	4.943447630614755E-03	9.036542640679338E-03	5.055961065635474E-03	9.623876797670634E-03	-3.436938091054152E-04	4.621745920719366E-04
G:Gate_L	5.918188068766045E-04	-6.025005477233234E-04	6.902619619484179E-04	-6.360248042262800E-04	2.340772426504624E-07	3.868218370073781E-07	1.172162196810607E-06	3.315349252416346E-05	-2.871420309023741E-05	-6.736329296640033E-03	2.151103975170162E-03	-1.563081778867218E-03	3.139177025641695E-07	9.989789710708531E-06	1.008257837545402E-05	3.989822816670777E-04	-3.120478390819044E-04	4.547999927927143E-04	-3.436938091054152E-04	4.876267089928561E-02	3.962156502429031E-03
G:Gate_R	-6.165979763613087E-04	6.046026422736358E-04	-6.438817442838819E-04	7.016866227334692E-04	1.832836373788962E-07	2.989977590671259E-07	3.652127692767401E-06	-2.699358921387470E-05	3.816367208440720E-05	-6.696426249286314E-03	-1.557798008565136E-03	2.167202396324198E-03	2.872262293079725E-07	9.200902782551191E-06	9.239687799439401E-06	-3.109950036736207E-04	4.016897349827151E-04	-3.422390710696364E-04	4.621745920719366E-04	3.962156502429031E-03	4.872713548385066E-02

AC Resistance Matrix Coupling Coefficient
	AC:QH_S_L	AC:QH_S_R	AC:QL_D_L	AC:QL_D_R	DCN:CapB1N	DCN:CapB2N	DCN:CapB3N	DCN:CapNL	DCN:CapNR	DCN:DrvGnd	DCN:QL_S_L	DCN:QL_S_R	DCP:CapB1P	DCP:CapB2P	DCP:CapB3P	DCP:CapPL	DCP:CapPR	DCP:QH_D_L	DCP:QH_D_R	G:Gate_L	G:Gate_R	
AC:QH_S_L	1.000000000000000E+00	7.910145032751667E-02	9.425082768194262E-01	6.018528224680231E-02	1.782209092382114E-04	2.875146785130534E-03	2.621037211499461E-02	2.270694423370612E-02	3.996601757778567E-02	6.792591403607660E-02	1.457838497660215E-01	2.366587392242191E-01	2.454274508155056E-03	2.222343766472787E-02	2.340991666292658E-02	5.267470958278576E-02	3.901228967173673E-02	5.367690932347121E-02	4.997635306491968E-02	3.376968749180766E-02	3.519643500494548E-02
AC:QH_S_R	7.910145032751667E-02	1.000000000000000E+00	6.016756175651834E-02	9.422393745481142E-01	2.143690277271109E-04	2.922798977491055E-03	2.567871533137871E-02	3.980947487241035E-02	2.169731747217896E-02	6.850443011898887E-02	2.368755825160657E-01	1.442478969307721E-01	2.434134349572021E-03	2.201477752251711E-02	2.320784932436524E-02	3.937310869373341E-02	5.125269799998770E-02	5.035960621591157E-02	5.184025418484052E-02	3.420705403316011E-02	3.433891513775118E-02
AC:QL_D_L	9.425082768194262E-01	6.016756175651834E-02	1.000000000000000E+00	4.368847926466009E-02	1.714243405825121E-04	2.477972609877986E-03	2.164891069324677E-02	1.884720120915520E-02	3.338606757921142E-02	4.745108441276469E-02	8.098015695510781E-02	2.092370058344272E-01	2.114135957790900E-03	1.823990735233297E-02	1.925456993350907E-02	4.593686911740421E-02	2.848324277672034E-02	4.682922047154692E-02	3.794850594896001E-02	4.064665832926697E-02	3.792934293414963E-02
AC:QL_D_R	6.018528224680231E-02	9.422393745481142E-01	4.368847926466009E-02	1.000000000000000E+00	1.981290569467981E-04	2.520671936431941E-03	2.119603819341677E-02	3.320334040521677E-02	1.799675112052291E-02	4.776884225992924E-02	2.097233026048805E-01	7.943349693229942E-02	2.077263537888744E-03	1.799148557622261E-02	1.901492153712905E-02	2.867948992133101E-02	4.457623879458841E-02	3.812908832105090E-02	4.505141446627735E-02	3.732598248489410E-02	4.119444859747794E-02
DCN:CapB1N	1.782209092382114E-04	2.143690277271109E-04	1.714243405825121E-04	1.981290569467981E-04	1.000000000000000E+00	8.650333463564104E-01	2.631923269401060E-01	2.396375980449019E-01	2.396973954329950E-01	7.230272564040532E-02	1.269528849078893E-01	1.268073738776015E-01	4.017276024382186E-02	1.445618735239064E-02	1.610105236366863E-02	1.036692994855561E-02	1.051156684188587E-02	9.927147403500310E-03	1.006584118679976E-02	5.464027834332624E-05	4.279920551109933E-05
DCN:CapB2N	2.875146785130534E-03	2.922798977491055E-03	2.477972609877986E-03	2.520671936431941E-03	8.650333463564104E-01	1.000000000000000E+00	3.250457443091191E-01	2.971085206592733E-01	2.971695626256919E-01	9.105596859733719E-02	1.602377706055910E-01	1.600453605064392E-01	3.847180676131030E-02	6.195368610254647E-02	5.981867284509322E-02	4.403988786785277E-02	4.389022588619434E-02	4.322266730446393E-02	4.307371041850900E-02	9.075233165713286E-05	7.017348485034726E-05
DCN:CapB3N	2.621037211499461E-02	2.567871533137871E-02	2.164891069324677E-02	2.119603819341677E-02	2.631923269401060E-01	3.250457443091191E-01	1.000000000000000E+00	9.264058409992280E-01	9.264313216903209E-01	2.912362863393540E-01	5.141951325266234E-01	5.143879842961169E-01	2.520346024297445E-02	3.329185346534256E-01	3.723933744057228E-01	4.368918259895184E-01	4.371725135058706E-01	4.301311593838215E-01	4.303658150215378E-01	1.042488733853279E-04	3.249285819089969E-04
DCN:CapNL	2.270694423370612E-02	3.980947487241035E-02	1.884720120915520E-02	3.320334040521677E-02	2.396375980449019E-01	2.971085206592733E-01	9.264058409992280E-01	1.000000000000000E+00	8.650278820539833E-01	2.953724270827502E-01	5.334993967903701E-01	5.110789883193854E-01	2.385670629924076E-02	3.145734764138384E-01	3.515097764459360E-01	4.615285212661648E-01	4.226721155367008E-01	4.552299286093041E-01	4.183952250150259E-01	2.690012059288199E-03	2.191007569807059E-03
DCN:CapNR	3.996601757778567E-02	2.169731747217896E-02	3.338606757921142E-02	1.799675112052291E-02	2.396973954329950E-01	2.971695626256919E-01	9.264313216903209E-01	8.650278820539833E-01	1.000000000000000E+00	2.951860091759424E-01	5.108050944416009E-01	5.337245753568481E-01	2.385484626984758E-02	3.146404053666782E-01	3.515685371861238E-01	4.224444442467782E-01	4.618243874356160E-01	4.181983075345111E-01	4.554862868073923E-01	2.330011043510284E-03	3.097916225736190E-03
DCN:DrvGnd	6.792591403607660E-02	6.850443011898887E-02	4.745108441276469E-02	4.776884225992924E-02	7.230272564040532E-02	9.105596859733719E-02	2.912362863393540E-01	2.953724270827502E-01	2.951860091759424E-01	1.000000000000000E+00	3.906442943696289E-01	3.904075746396890E-01	8.438176076913767E-03	1.097329017620409E-01	1.217093409274492E-01	1.961972067875569E-01	1.960553119931138E-01	2.075042734503766E-01	2.072716735766433E-01	1.644162786193481E-01	1.635019352479783E-01
DCN:QL_S_L	1.457838497660215E-01	2.368755825160657E-01	8.098015695510781E-02	2.097233026048805E-01	1.269528849078893E-01	1.602377706055910E-01	5.141951325266234E-01	5.334993967903701E-01	5.108050944416009E-01	3.906442943696289E-01	1.000000000000000E+00	5.017632781775800E-01	1.522233830992692E-02	1.976638048421370E-01	2.187583928166122E-01	3.992098596890649E-01	3.148024446944611E-01	4.301923180304603E-01	3.300065520587606E-01	9.210343567423625E-02	6.672427663134643E-02
DCN:QL_S_R	2.366587392242191E-01	1.442478969307721E-01	2.092370058344272E-01	7.943349693229942E-02	1.268073738776015E-01	1.600453605064392E-01	5.143879842961169E-01	5.110789883193854E-01	5.337245753568481E-01	3.904075746396890E-01	5.017632781775800E-01	1.000000000000000E+00	1.518814866657933E-02	1.973751093476808E-01	2.184577065078195E-01	3.148061978632322E-01	3.988230733006835E-01	3.301295722970177E-01	4.300302301583776E-01	6.687259110173199E-02	9.275220115099315E-02
DCP:CapB1P	2.454274508155056E-03	2.434134349572021E-03	2.114135957790900E-03	2.077263537888744E-03	4.017276024382186E-02	3.847180676131030E-02	2.520346024297445E-02	2.385670629924076E-02	2.385484626984758E-02	8.438176076913767E-03	1.522233830992692E-02	1.518814866657933E-02	1.000000000000000E+00	4.119423445808451E-01	4.048380195944337E-01	2.579987333605491E-01	2.580150690935779E-01	2.502962567417442E-01	2.502705651453065E-01	5.157753386662145E-05	4.720925690765520E-05
DCP:CapB2P	2.222343766472787E-02	2.201477752251711E-02	1.823990735233297E-02	1.799148557622261E-02	1.445618735239064E-02	6.195368610254647E-02	3.329185346534256E-01	3.145734764138384E-01	3.146404053666782E-01	1.097329017620409E-01	1.976638048421370E-01	1.973751093476808E-01	4.119423445808451E-01	1.000000000000000E+00	9.843453330551052E-01	6.279062008568077E-01	6.279181993648946E-01	6.121699631505195E-01	6.121006369895339E-01	7.724779776229482E-04	7.117352979017522E-04
DCP:CapB3P	2.340991666292658E-02	2.320784932436524E-02	1.925456993350907E-02	1.901492153712905E-02	1.610105236366863E-02	5.981867284509322E-02	3.723933744057228E-01	3.515097764459360E-01	3.515685371861238E-01	1.217093409274492E-01	2.187583928166122E-01	2.184577065078195E-01	4.048380195944337E-01	9.843453330551052E-01	1.000000000000000E+00	6.395681229359625E-01	6.395532632925838E-01	6.237375517449916E-01	6.236433641099117E-01	7.651944375142506E-04	7.014808132498002E-04
DCP:CapPL	5.267470958278576E-02	3.937310869373341E-02	4.593686911740421E-02	2.867948992133101E-02	1.036692994855561E-02	4.403988786785277E-02	4.368918259895184E-01	4.615285212661648E-01	4.224444442467782E-01	1.961972067875569E-01	3.992098596890649E-01	3.148061978632322E-01	2.579987333605491E-01	6.279062008568077E-01	6.395681229359625E-01	1.000000000000000E+00	5.367663169849359E-01	9.694257448707059E-01	5.303820832481908E-01	1.901707859215385E-02	1.482865993432858E-02
DCP:CapPR	3.901228967173673E-02	5.125269799998770E-02	2.848324277672034E-02	4.457623879458841E-02	1.051156684188587E-02	4.389022588619434E-02	4.371725135058706E-01	4.226721155367008E-01	4.618243874356160E-01	1.960553119931138E-01	3.148024446944611E-01	3.988230733006835E-01	2.580150690935779E-01	6.279181993648946E-01	6.395532632925838E-01	5.367663169849359E-01	1.000000000000000E+00	5.303986547901864E-01	9.693827062113162E-01	1.487117997082518E-02	1.915019875347743E-02
DCP:QH_D_L	5.367690932347121E-02	5.035960621591157E-02	4.682922047154692E-02	3.812908832105090E-02	9.927147403500310E-03	4.322266730446393E-02	4.301311593838215E-01	4.552299286093041E-01	4.181983075345111E-01	2.075042734503766E-01	4.301923180304603E-01	3.301295722970177E-01	2.502962567417442E-01	6.121699631505195E-01	6.237375517449916E-01	9.694257448707059E-01	5.303986547901864E-01	1.000000000000000E+00	5.255412159942113E-01	2.100171663255714E-02	1.580964928320157E-02
DCP:QH_D_R	4.997635306491968E-02	5.184025418484052E-02	3.794850594896001E-02	4.505141446627735E-02	1.006584118679976E-02	4.307371041850900E-02	4.303658150215378E-01	4.183952250150259E-01	4.554862868073923E-01	2.072716735766433E-01	3.300065520587606E-01	4.300302301583776E-01	2.502705651453065E-01	6.121006369895339E-01	6.236433641099117E-01	5.303820832481908E-01	9.693827062113162E-01	5.255412159942113E-01	1.000000000000000E+00	1.586546989457520E-02	2.134251516058415E-02
G:Gate_L	3.376968749180766E-02	3.420705403316011E-02	4.064665832926697E-02	3.732598248489410E-02	5.464027834332624E-05	9.075233165713286E-05	1.042488733853279E-04	2.690012059288199E-03	2.330011043510284E-03	1.644162786193481E-01	9.210343567423625E-02	6.687259110173199E-02	5.157753386662145E-05	7.724779776229482E-04	7.651944375142506E-04	1.901707859215385E-02	1.487117997082518E-02	2.100171663255714E-02	1.586546989457520E-02	1.000000000000000E+00	8.128350876131446E-02
G:Gate_R	3.519643500494548E-02	3.433891513775118E-02	3.792934293414963E-02	4.119444859747794E-02	4.279920551109933E-05	7.017348485034726E-05	3.249285819089969E-04	2.191007569807059E-03	3.097916225736190E-03	1.635019352479783E-01	6.672427663134643E-02	9.275220115099315E-02	4.720925690765520E-05	7.117352979017522E-04	7.014808132498002E-04	1.482865993432858E-02	1.915019875347743E-02	1.580964928320157E-02	2.134251516058415E-02	8.128350876131446E-02	1.000000000000000E+00

