Design Variation:  h_23='1.2mm' h_34='0.10000000000000001mm' h_diel='0.10000000000000001mm' r_anti='0.34999999999999998mm' t_L1='0.070000000000000007mm' t_L2='0.070000000000000007mm' t_L3='0.070000000000000007mm' t_L4='0.070000000000000007mm' t_pad='0.035000000000000003mm' via_r='0.14999999999999999mm' z_L1='0.17000000000000001mm' z_L3b='-1.2699999999999998mm' z_L3t='-1.2mm' z_L4b='-1.4399999999999999mm' z_L4t='-1.3699999999999999mm' z_top='0.24000000000000002mm'
Setup1:LastAdaptive
Problem Type:  C, DC RL, AC RL
C Units:pF, G Units:mSie, R Units:ohm, L Units:nH
Reduce Matrix:  Original
Frequency:  100MHz

Capacitance Matrix
	AC	DCN	DCP	G	
AC	8.943013329196024E+00	-7.799931615543866E+00	-8.217963780128564E-01	-3.199102442544049E-02
DCN	-7.799931615543866E+00	2.770080285736578E+01	-1.905187109673390E+01	-4.975583224336634E-01
DCP	-8.217963780128564E-01	-1.905187109673390E+01	2.046919643090485E+01	-1.959306851141799E-03
G	-3.199102442544049E-02	-4.975583224336634E-01	-1.959306851141799E-03	5.343737264161287E-01

Capacitance Matrix Coupling Coefficient
	AC	DCN	DCP	G	
AC	1.000000000000000E+00	4.955673412032803E-01	6.073959432167928E-02	1.463402052685399E-02
DCN	4.955673412032803E-01	1.000000000000000E+00	8.000940843211938E-01	1.293228503477183E-01
DCP	6.073959432167928E-02	8.000940843211938E-01	1.000000000000000E+00	5.924197270881807E-04
G	1.463402052685399E-02	1.293228503477183E-01	5.924197270881807E-04	1.000000000000000E+00

Spice Capacitance Matrix
	AC	DCN	DCP	G	
AC	2.892943112138593E-01	7.799931615543866E+00	8.217963780128564E-01	3.199102442544049E-02
DCN	7.799931615543866E+00	3.514418226543494E-01	1.905187109673390E+01	4.975583224336634E-01
DCP	8.217963780128564E-01	1.905187109673390E+01	5.935696493069519E-01	1.959306851141799E-03
G	3.199102442544049E-02	4.975583224336634E-01	1.959306851141799E-03	2.865072705882982E-03

Conductance Matrix
	AC	DCN	DCP	G	
AC	0.000000000000000E+00	0.000000000000000E+00	0.000000000000000E+00	0.000000000000000E+00
DCN	0.000000000000000E+00	0.000000000000000E+00	0.000000000000000E+00	0.000000000000000E+00
DCP	0.000000000000000E+00	0.000000000000000E+00	0.000000000000000E+00	0.000000000000000E+00
G	0.000000000000000E+00	0.000000000000000E+00	0.000000000000000E+00	0.000000000000000E+00

Conductance Matrix Coupling Coefficient
	AC	DCN	DCP	G	
AC	0.000000000000000E+00	0.000000000000000E+00	0.000000000000000E+00	0.000000000000000E+00
DCN	0.000000000000000E+00	0.000000000000000E+00	0.000000000000000E+00	0.000000000000000E+00
DCP	0.000000000000000E+00	0.000000000000000E+00	0.000000000000000E+00	0.000000000000000E+00
G	0.000000000000000E+00	0.000000000000000E+00	0.000000000000000E+00	0.000000000000000E+00

Spice Conductance Matrix
	AC	DCN	DCP	G	
AC	0.000000000000000E+00	-0.000000000000000E+00	-0.000000000000000E+00	-0.000000000000000E+00
DCN	-0.000000000000000E+00	0.000000000000000E+00	-0.000000000000000E+00	-0.000000000000000E+00
DCP	-0.000000000000000E+00	-0.000000000000000E+00	0.000000000000000E+00	-0.000000000000000E+00
G	-0.000000000000000E+00	-0.000000000000000E+00	-0.000000000000000E+00	0.000000000000000E+00

DC Inductance Matrix
	AC:QH_S_L	AC:QH_S_R	AC:QL_D_L	AC:QL_D_R	DCN:CapB1N	DCN:CapB2N	DCN:CapB3N	DCN:CapNL	DCN:CapNR	DCN:DrvGnd	DCN:QL_S_L	DCN:QL_S_R	DCP:CapB1P	DCP:CapB2P	DCP:CapB3P	DCP:CapPL	DCP:CapPR	DCP:QH_D_L	DCP:QH_D_R	G:Gate_L	G:Gate_R	
AC:QH_S_L	2.605758312329749E+00	5.453077378012529E-01	2.314927117868139E+00	4.205922085707719E-01	1.430238184991465E-02	-1.424007739738449E-02	-3.297658915287596E-01	-3.856816925755948E-01	-4.412695183918295E-01	-1.122106245451321E+00	-1.104027908841561E+00	-1.656037780439613E+00	-2.278872287565854E-02	-2.771260807138217E-01	-3.135942427677760E-01	-4.658421310395309E-01	-8.384740043453219E-01	-5.898998091549439E-01	-9.295545359449862E-01	6.050964862601672E-01	-6.453899758166083E-01
AC:QH_S_R	5.453077378012529E-01	2.595089205993175E+00	4.208222040302872E-01	2.303505896206933E+00	1.421439714660625E-02	-1.430038427941033E-02	-3.297166636269250E-01	-4.408154907402461E-01	-3.861353986058508E-01	-1.121288137753056E+00	-1.651679641627932E+00	-1.109592173322622E+00	-2.287533046265387E-02	-2.771267360110494E-01	-3.136413060296070E-01	-8.366757378882753E-01	-4.677712418077515E-01	-9.278569540716713E-01	-5.912586370989839E-01	-6.407038944411746E-01	5.994187416524999E-01
AC:QL_D_L	2.314927117868139E+00	4.208222040302872E-01	2.213775937241561E+00	3.140837859427395E-01	1.146432288220340E-02	-1.025623417129678E-02	-2.478281090355652E-01	-2.788013688084346E-01	-3.427558798951623E-01	-8.476584690988939E-01	-6.214564898519954E-01	-1.376997468411653E+00	-1.682463784547000E-02	-2.091803187137449E-01	-2.366953092719193E-01	-2.867661247976154E-01	-6.898786448913624E-01	-3.642721402612907E-01	-7.654545466359610E-01	6.449356630228229E-01	-6.224379659481624E-01
AC:QL_D_R	4.205922085707719E-01	2.303505896206933E+00	3.140837859427395E-01	2.201471325863126E+00	1.137796800641343E-02	-1.031858781612408E-02	-2.477949844737700E-01	-3.423217877335784E-01	-2.792205013654891E-01	-8.468373220962239E-01	-1.372584577096084E+00	-6.274323364942445E-01	-1.690765191301337E-02	-2.091911926661008E-01	-2.367422334152802E-01	-6.880708938930672E-01	-2.886749700263933E-01	-7.636861566991083E-01	-3.658116720544163E-01	-6.176375865925008E-01	6.386787973974897E-01
DCN:CapB1N	1.430238184991465E-02	1.421439714660625E-02	1.146432288220340E-02	1.137796800641343E-02	1.135775888552901E-01	1.011491540389484E-01	5.547570721264900E-02	4.936796454262830E-02	4.932116225592269E-02	2.959982167045996E-02	2.850421104798049E-02	2.841564357158086E-02	3.538192038601184E-02	-4.255174898942338E-04	-6.131450426085381E-03	-2.998021097133947E-02	-3.011658088536611E-02	-3.329055104145050E-02	-3.341149560698947E-02	1.540102831617531E-03	1.462645000815845E-03
DCN:CapB2N	-1.424007739738449E-02	-1.430038427941033E-02	-1.025623417129678E-02	-1.031858781612408E-02	1.011491540389484E-01	1.114190288499535E-01	1.405863602256905E-01	1.438788373694282E-01	1.438405055891303E-01	1.593424141465857E-01	1.705619625920504E-01	1.704658601703569E-01	4.050410081386315E-02	9.306160742941523E-02	9.561551600207194E-02	1.154356399471714E-01	1.152939904007371E-01	1.198981567589546E-01	1.197356959193033E-01	5.778376692672321E-03	5.703577087957353E-03
DCN:CapB3N	-3.297658915287596E-01	-3.297166636269250E-01	-2.478281090355652E-01	-2.477949844737700E-01	5.547570721264900E-02	1.405863602256905E-01	1.118598188906049E+00	1.253076526370407E+00	1.253125254138891E+00	1.695736877125810E+00	1.842823829318072E+00	1.842598167256842E+00	9.500403337677986E-02	7.949115530401089E-01	9.100903234125041E-01	1.528294337849462E+00	1.528165862152994E+00	1.628273121222773E+00	1.627721342484786E+00	6.024895199096476E-02	6.002177736825377E-02
DCN:CapNL	-3.856816925755948E-01	-4.408154907402461E-01	-2.788013688084346E-01	-3.423217877335784E-01	4.936796454262830E-02	1.438788373694282E-01	1.253076526370407E+00	1.519001325076400E+00	1.397784445198400E+00	2.027127386879677E+00	2.279292759890688E+00	2.127808358316331E+00	1.016875903614126E-01	8.877972372139574E-01	1.017466004446115E+00	1.882409303282844E+00	1.694493052076715E+00	2.027811562664348E+00	1.810570673767904E+00	1.073161112126158E-01	3.120729738484184E-02
DCN:CapNR	-4.412695183918295E-01	-3.861353986058508E-01	-3.427558798951623E-01	-2.792205013654891E-01	4.932116225592269E-02	1.438405055891303E-01	1.253125254138891E+00	1.397784445198400E+00	1.519481741778671E+00	2.027497232848146E+00	2.128296427746840E+00	2.279614597198869E+00	1.016858484562294E-01	8.878594333936120E-01	1.017602972170927E+00	1.694801699474798E+00	1.882800121729311E+00	1.811385324555821E+00	2.027687847533548E+00	3.150067949881166E-02	1.070118672161740E-01
DCN:DrvGnd	-1.122106245451321E+00	-1.121288137753056E+00	-8.476584690988939E-01	-8.468373220962239E-01	2.959982167045996E-02	1.593424141465857E-01	1.695736877125810E+00	2.027127386879677E+00	2.027497232848146E+00	4.035989466001609E+00	3.948767952576857E+00	3.949152521107773E+00	1.295583947363487E-01	1.240461444073634E+00	1.417918512460722E+00	2.714170117529377E+00	2.714569750061464E+00	3.026705273400609E+00	3.025700565541876E+00	-1.582995823316747E-01	-1.580935012392126E-01
DCN:QL_S_L	-1.104027908841561E+00	-1.651679641627932E+00	-6.214564898519954E-01	-1.372584577096084E+00	2.850421104798049E-02	1.705619625920504E-01	1.842823829318072E+00	2.279292759890688E+00	2.128296427746840E+00	3.948767952576857E+00	5.464821966086062E+00	3.921206384753053E+00	1.426638479270123E-01	1.361965584842647E+00	1.555400731039095E+00	3.248966458465250E+00	2.731100888924356E+00	3.696385193962060E+00	3.020394133065237E+00	9.841840486338282E-01	-3.260528947642917E-01
DCN:QL_S_R	-1.656037780439613E+00	-1.109592173322622E+00	-1.376997468411653E+00	-6.274323364942445E-01	2.841564357158086E-02	1.704658601703569E-01	1.842598167256842E+00	2.127808358316331E+00	2.279614597198869E+00	3.949152521107773E+00	3.921206384753053E+00	5.462687202254384E+00	1.425979270750149E-01	1.361763142581081E+00	1.555245095154586E+00	2.730768392947630E+00	3.248887332358016E+00	3.021385971640681E+00	3.694465063133520E+00	-3.254099314697864E-01	9.813706824067651E-01
DCP:CapB1P	-2.278872287565854E-02	-2.287533046265387E-02	-1.682463784547000E-02	-1.690765191301337E-02	3.538192038601184E-02	4.050410081386315E-02	9.500403337677986E-02	1.016875903614126E-01	1.016858484562294E-01	1.295583947363487E-01	1.426638479270123E-01	1.425979270750149E-01	2.013889341636046E-01	2.489358553455300E-01	2.540360462339278E-01	2.885224460267193E-01	2.884558897532441E-01	2.951395168162464E-01	2.950541370547843E-01	6.065352773336725E-03	5.974950142138467E-03
DCP:CapB2P	-2.771260807138217E-01	-2.771267360110494E-01	-2.091803187137449E-01	-2.091911926661008E-01	-4.255174898942338E-04	9.306160742941523E-02	7.949115530401089E-01	8.877972372139574E-01	8.878594333936120E-01	1.240461444073634E+00	1.361965584842647E+00	1.361763142581081E+00	2.489358553455300E-01	1.363997287017039E+00	1.438028561466843E+00	1.856938172808519E+00	1.856734855669542E+00	1.934364186731994E+00	1.933845106584186E+00	4.573659991716793E-02	4.550121471505474E-02
DCP:CapB3P	-3.135942427677760E-01	-3.136413060296070E-01	-2.366953092719193E-01	-2.367422334152802E-01	-6.131450426085381E-03	9.561551600207194E-02	9.100903234125041E-01	1.017466004446115E+00	1.017602972170927E+00	1.417918512460722E+00	1.555400731039095E+00	1.555245095154586E+00	2.540360462339278E-01	1.438028561466843E+00	1.536326160579512E+00	2.018749500518187E+00	2.018677679873586E+00	2.107039864036349E+00	2.106628992574270E+00	5.126279584717058E-02	5.097867247427355E-02
DCP:CapPL	-4.658421310395309E-01	-8.366757378882753E-01	-2.867661247976154E-01	-6.880708938930672E-01	-2.998021097133947E-02	1.154356399471714E-01	1.528294337849462E+00	1.882409303282844E+00	1.694801699474798E+00	2.714170117529377E+00	3.248966458465250E+00	2.730768392947630E+00	2.885224460267193E-01	1.856938172808519E+00	2.018749500518187E+00	4.032749846962252E+00	2.881972710242230E+00	4.257566763296471E+00	3.048007027281226E+00	2.717887572707751E-01	-6.225933514740631E-02
DCP:CapPR	-8.384740043453219E-01	-4.677712418077515E-01	-6.898786448913624E-01	-2.886749700263933E-01	-3.011658088536611E-02	1.152939904007371E-01	1.528165862152994E+00	1.694493052076715E+00	1.882800121729311E+00	2.714569750061464E+00	2.731100888924356E+00	3.248887332358016E+00	2.884558897532441E-01	1.856734855669542E+00	2.018677679873586E+00	2.881972710242230E+00	4.033158000396266E+00	3.048746522852730E+00	4.257365327988142E+00	-6.171716667527635E-02	2.712085515377976E-01
DCP:QH_D_L	-5.898998091549439E-01	-9.278569540716713E-01	-3.642721402612907E-01	-7.636861566991083E-01	-3.329055104145050E-02	1.198981567589546E-01	1.628273121222773E+00	2.027811562664348E+00	1.811385324555821E+00	3.026705273400609E+00	3.696385193962060E+00	3.021385971640681E+00	2.951395168162464E-01	1.934364186731994E+00	2.107039864036349E+00	4.257566763296471E+00	3.048746522852730E+00	4.640710271283161E+00	3.229269211538827E+00	2.932376701846234E-01	-4.891324577533439E-02
DCP:QH_D_R	-9.295545359449862E-01	-5.912586370989839E-01	-7.654545466359610E-01	-3.658116720544163E-01	-3.341149560698947E-02	1.197356959193033E-01	1.627721342484786E+00	1.810570673767904E+00	2.027687847533548E+00	3.025700565541876E+00	3.020394133065237E+00	3.694465063133520E+00	2.950541370547843E-01	1.933845106584186E+00	2.106628992574270E+00	3.048007027281226E+00	4.257365327988142E+00	3.229269211538827E+00	4.638534519764536E+00	-4.851728079047158E-02	2.926000496500283E-01
G:Gate_L	6.050964862601672E-01	-6.407038944411746E-01	6.449356630228229E-01	-6.176375865925008E-01	1.540102831617531E-03	5.778376692672321E-03	6.024895199096476E-02	1.073161112126158E-01	3.150067949881166E-02	-1.582995823316747E-01	9.841840486338282E-01	-3.254099314697864E-01	6.065352773336725E-03	4.573659991716793E-02	5.126279584717058E-02	2.717887572707751E-01	-6.171716667527635E-02	2.932376701846234E-01	-4.851728079047158E-02	4.602465879615024E+00	-2.351196778982295E-01
G:Gate_R	-6.453899758166083E-01	5.994187416524999E-01	-6.224379659481624E-01	6.386787973974897E-01	1.462645000815845E-03	5.703577087957353E-03	6.002177736825377E-02	3.120729738484184E-02	1.070118672161740E-01	-1.580935012392126E-01	-3.260528947642917E-01	9.813706824067651E-01	5.974950142138467E-03	4.550121471505474E-02	5.097867247427355E-02	-6.225933514740631E-02	2.712085515377976E-01	-4.891324577533439E-02	2.926000496500283E-01	-2.351196778982295E-01	4.592426497380229E+00

DC Inductance Matrix Coupling Coefficient
	AC:QH_S_L	AC:QH_S_R	AC:QL_D_L	AC:QL_D_R	DCN:CapB1N	DCN:CapB2N	DCN:CapB3N	DCN:CapNL	DCN:CapNR	DCN:DrvGnd	DCN:QL_S_L	DCN:QL_S_R	DCP:CapB1P	DCP:CapB2P	DCP:CapB3P	DCP:CapPL	DCP:CapPR	DCP:QH_D_L	DCP:QH_D_R	G:Gate_L	G:Gate_R	
AC:QH_S_L	1.000000000000000E+00	2.097000088143476E-01	9.638366252940122E-01	1.756053086207704E-01	2.629026601544764E-02	2.642807919085100E-02	1.931530684055772E-01	1.938576224737986E-01	2.217630161979349E-01	3.460125902710411E-01	2.925667566392597E-01	4.389347935601706E-01	3.145829056756032E-02	1.469953445625789E-01	1.567325870304764E-01	1.437047277392448E-01	2.586425173490020E-01	1.696363666813271E-01	2.673729156923481E-01	1.747279076638237E-01	1.865666625976518E-01
AC:QH_S_R	2.097000088143476E-01	1.000000000000000E+00	1.755721671052941E-01	9.637328573979526E-01	2.618219043271267E-02	2.659450296015661E-02	1.935208197626766E-01	2.220248706414406E-01	1.944534838361925E-01	3.464703462268497E-01	4.385929647807740E-01	2.947026712991505E-01	3.164269239173222E-02	1.472975515303321E-01	1.570780116196026E-01	2.586308862817570E-01	1.445888337052055E-01	2.673699862313543E-01	1.704162309286394E-01	1.853898398983954E-01	1.736333182398369E-01
AC:QL_D_L	9.638366252940122E-01	1.755721671052941E-01	1.000000000000000E+00	1.422728952198994E-01	2.286310734437825E-02	2.065101549206269E-02	1.574877128739239E-01	1.520368958591733E-01	1.868832333869675E-01	2.835822618933415E-01	1.786717484806189E-01	3.959707844430932E-01	2.519771106566554E-02	1.203780311275180E-01	1.283456362290372E-01	9.597549806723897E-02	2.308783725060255E-01	1.136493348907991E-01	2.388703133512454E-01	2.020478682790844E-01	1.952127306827682E-01
AC:QL_D_R	1.756053086207704E-01	9.637328573979526E-01	1.422728952198994E-01	1.000000000000000E+00	2.275421562590486E-02	2.083454707100121E-02	1.579061115885610E-01	1.871970276295655E-01	1.526662517756176E-01	2.840981865414725E-01	3.957260035286831E-01	1.809285965282350E-01	2.539270573789066E-02	1.207202500003526E-01	1.287293306110913E-01	2.309276993503731E-01	9.687907752264378E-02	2.389275192827783E-01	1.144749982253569E-01	1.940358207378384E-01	2.008652803518596E-01
DCN:CapB1N	2.629026601544764E-02	2.618219043271267E-02	2.286310734437825E-02	2.275421562590486E-02	1.000000000000000E+00	8.991584875579898E-01	1.556393717523573E-01	1.188556476119962E-01	1.187241959012672E-01	4.371875241505766E-02	3.618051076207000E-02	3.607513854221937E-02	2.339468903277682E-01	1.081096197421548E-03	1.467828060889525E-02	4.429836738171334E-02	4.449761404372614E-02	4.585454978710009E-02	4.603193143266123E-02	2.130139806301406E-03	2.025216708184164E-03
DCN:CapB2N	2.642807919085100E-02	2.659450296015661E-02	2.065101549206269E-02	2.083454707100121E-02	8.991584875579898E-01	1.000000000000000E+00	3.982230982413930E-01	3.497342448139090E-01	3.495857920095878E-01	2.376165556649157E-01	2.185820482566740E-01	2.185015707304884E-01	2.703967760787350E-01	2.387174200127829E-01	2.311037410776705E-01	1.722104845996493E-01	1.719904640604338E-01	1.667403061245717E-01	1.665534226739226E-01	8.069207378397726E-03	7.973454573816771E-03
DCN:CapB3N	1.931530684055772E-01	1.935208197626766E-01	1.574877128739239E-01	1.579061115885610E-01	1.556393717523573E-01	3.982230982413930E-01	1.000000000000000E+00	9.613055778025669E-01	9.611909730187043E-01	7.980799438590016E-01	7.453474234347194E-01	7.454017574149152E-01	2.001645598570541E-01	6.435391903503624E-01	6.942337579156048E-01	7.195637997793048E-01	7.194669022249620E-01	7.146575236845786E-01	7.145828773600529E-01	2.655321746284292E-02	2.648199435659618E-02
DCN:CapNL	1.938576224737986E-01	2.220248706414406E-01	1.520368958591733E-01	1.871970276295655E-01	1.188556476119962E-01	3.497342448139090E-01	9.613055778025669E-01	1.000000000000000E+00	9.200541401185137E-01	8.187040762467463E-01	7.911029894172837E-01	7.386696707679801E-01	1.838531512647043E-01	6.167767008269370E-01	6.660381690375519E-01	7.605615088826647E-01	6.846018968119028E-01	7.637589122510324E-01	6.820967949967253E-01	4.058733739594242E-02	1.181560533183487E-02
DCN:CapNR	2.217630161979349E-01	1.944534838361925E-01	1.868832333869675E-01	1.526662517756176E-01	1.187241959012672E-01	3.495857920095878E-01	9.611909730187043E-01	9.200541401185137E-01	1.000000000000000E+00	8.187239881600065E-01	7.385779947902152E-01	7.912441638164630E-01	1.838209355101930E-01	6.167223920688784E-01	6.660225151566518E-01	6.846529853114874E-01	7.605606582206049E-01	6.821358492103385E-01	7.637706385724305E-01	1.191178621250322E-02	4.051007917492141E-02
DCN:DrvGnd	3.460125902710411E-01	3.464703462268497E-01	2.835822618933415E-01	2.840981865414725E-01	4.371875241505766E-02	2.376165556649157E-01	7.980799438590016E-01	8.187040762467463E-01	8.187239881600065E-01	1.000000000000000E+00	8.408114019186445E-01	8.410575784374065E-01	1.437052864140011E-01	5.286904977589276E-01	5.694224004500533E-01	6.727619349249518E-01	6.728269444794460E-01	6.993633890403756E-01	6.992951850356767E-01	3.672903078250934E-02	3.672128740633903E-02
DCN:QL_S_L	2.925667566392597E-01	4.385929647807740E-01	1.786717484806189E-01	3.957260035286831E-01	3.618051076207000E-02	2.185820482566740E-01	7.453474234347194E-01	7.911029894172837E-01	7.385779947902152E-01	8.408114019186445E-01	1.000000000000000E+00	7.176761692296282E-01	1.359903598262172E-01	4.988516021687319E-01	5.368000861323995E-01	6.920804432000244E-01	5.817375755391084E-01	7.340015639747787E-01	5.999087722769946E-01	1.962424802120780E-01	6.508470553300021E-02
DCN:QL_S_R	4.389347935601706E-01	2.947026712991505E-01	3.959707844430932E-01	1.809285965282350E-01	3.607513854221937E-02	2.185015707304884E-01	7.454017574149152E-01	7.386696707679801E-01	7.912441638164630E-01	8.410575784374065E-01	7.176761692296282E-01	1.000000000000000E+00	1.359540795684287E-01	4.988749020920637E-01	5.368512403853639E-01	5.818098361593870E-01	6.921637747218088E-01	6.000822960228633E-01	7.339356794141748E-01	6.489815465657067E-02	1.959335494470541E-01
DCP:CapB1P	3.145829056756032E-02	3.164269239173222E-02	2.519771106566554E-02	2.539270573789066E-02	2.339468903277682E-01	2.703967760787350E-01	2.001645598570541E-01	1.838531512647043E-01	1.838209355101930E-01	1.437052864140011E-01	1.359903598262172E-01	1.359540795684287E-01	1.000000000000000E+00	4.749664126850660E-01	4.567050672509894E-01	3.201556437022587E-01	3.200655938291649E-01	3.052933416115612E-01	3.052765958492277E-01	6.300035184340498E-03	6.212914498220311E-03
DCP:CapB2P	1.469953445625789E-01	1.472975515303321E-01	1.203780311275180E-01	1.207202500003526E-01	1.081096197421548E-03	2.387174200127829E-01	6.435391903503624E-01	6.167767008269370E-01	6.167223920688784E-01	5.286904977589276E-01	4.988516021687319E-01	4.988749020920637E-01	4.749664126850660E-01	1.000000000000000E+00	9.933883117031014E-01	7.917536043123341E-01	7.916268556451748E-01	7.688458278529532E-01	7.688197585842607E-01	1.825415919744599E-02	1.818005239745545E-02
DCP:CapB3P	1.567325870304764E-01	1.570780116196026E-01	1.283456362290372E-01	1.287293306110913E-01	1.467828060889525E-02	2.311037410776705E-01	6.942337579156048E-01	6.660381690375519E-01	6.660225151566518E-01	5.694224004500533E-01	5.368000861323995E-01	5.368512403853639E-01	4.567050672509894E-01	9.933883117031014E-01	1.000000000000000E+00	8.110358985458749E-01	8.109660067069802E-01	7.891122979318985E-01	7.891434342945057E-01	1.927814697754649E-02	1.919224159542936E-02
DCP:CapPL	1.437047277392448E-01	2.586308862817570E-01	9.597549806723897E-02	2.309276993503731E-01	4.429836738171334E-02	1.722104845996493E-01	7.195637997793048E-01	7.605615088826647E-01	6.846529853114874E-01	6.727619349249518E-01	6.920804432000244E-01	5.818098361593870E-01	3.201556437022587E-01	7.917536043123341E-01	8.110358985458749E-01	1.000000000000000E+00	7.146059113174263E-01	9.841665441571456E-01	7.047335150950064E-01	6.308637271075022E-02	1.446714152297866E-02
DCP:CapPR	2.586425173490020E-01	1.445888337052055E-01	2.308783725060255E-01	9.687907752264378E-02	4.449761404372614E-02	1.719904640604338E-01	7.194669022249620E-01	6.846018968119028E-01	7.605606582206049E-01	6.728269444794460E-01	5.817375755391084E-01	6.921637747218088E-01	3.200655938291649E-01	7.916268556451748E-01	8.109660067069802E-01	7.146059113174263E-01	1.000000000000000E+00	7.047035711175840E-01	9.843009504761661E-01	1.432478371424612E-02	6.301728004777542E-02
DCP:QH_D_L	1.696363666813271E-01	2.673699862313543E-01	1.136493348907991E-01	2.389275192827783E-01	4.585454978710009E-02	1.667403061245717E-01	7.146575236845786E-01	7.637589122510324E-01	6.821358492103385E-01	6.993633890403756E-01	7.340015639747787E-01	6.000822960228633E-01	3.052933416115612E-01	7.688458278529532E-01	7.891122979318985E-01	9.841665441571456E-01	7.047035711175840E-01	1.000000000000000E+00	6.960198535606260E-01	6.345009020323422E-02	1.059529731247490E-02
DCP:QH_D_R	2.673729156923481E-01	1.704162309286394E-01	2.388703133512454E-01	1.144749982253569E-01	4.603193143266123E-02	1.665534226739226E-01	7.145828773600529E-01	6.820967949967253E-01	7.637706385724305E-01	6.992951850356767E-01	5.999087722769946E-01	7.339356794141748E-01	3.052765958492277E-01	7.688197585842607E-01	7.891434342945057E-01	7.047335150950064E-01	9.843009504761661E-01	6.960198535606260E-01	1.000000000000000E+00	1.050051904781952E-02	6.339615111898683E-02
G:Gate_L	1.747279076638237E-01	1.853898398983954E-01	2.020478682790844E-01	1.940358207378384E-01	2.130139806301406E-03	8.069207378397726E-03	2.655321746284292E-02	4.058733739594242E-02	1.191178621250322E-02	3.672903078250934E-02	1.962424802120780E-01	6.489815465657067E-02	6.300035184340498E-03	1.825415919744599E-02	1.927814697754649E-02	6.308637271075022E-02	1.432478371424612E-02	6.345009020323422E-02	1.050051904781952E-02	1.000000000000000E+00	5.114139641966115E-02
G:Gate_R	1.865666625976518E-01	1.736333182398369E-01	1.952127306827682E-01	2.008652803518596E-01	2.025216708184164E-03	7.973454573816771E-03	2.648199435659618E-02	1.181560533183487E-02	4.051007917492141E-02	3.672128740633903E-02	6.508470553300021E-02	1.959335494470541E-01	6.212914498220311E-03	1.818005239745545E-02	1.919224159542936E-02	1.446714152297866E-02	6.301728004777542E-02	1.059529731247490E-02	6.339615111898683E-02	5.114139641966115E-02	1.000000000000000E+00

DC Resistance Matrix
	AC:QH_S_L	AC:QH_S_R	AC:QL_D_L	AC:QL_D_R	DCN:CapB1N	DCN:CapB2N	DCN:CapB3N	DCN:CapNL	DCN:CapNR	DCN:DrvGnd	DCN:QL_S_L	DCN:QL_S_R	DCP:CapB1P	DCP:CapB2P	DCP:CapB3P	DCP:CapPL	DCP:CapPR	DCP:QH_D_L	DCP:QH_D_R	G:Gate_L	G:Gate_R	
AC:QH_S_L	2.499293115767852E-04	3.929482957632480E-05	2.245924116887910E-04	3.929792531859040E-05	0.000000000000000E+00	0.000000000000000E+00	0.000000000000000E+00	0.000000000000000E+00	0.000000000000000E+00	0.000000000000000E+00	0.000000000000000E+00	0.000000000000000E+00	0.000000000000000E+00	0.000000000000000E+00	0.000000000000000E+00	0.000000000000000E+00	0.000000000000000E+00	0.000000000000000E+00	0.000000000000000E+00	0.000000000000000E+00	0.000000000000000E+00
AC:QH_S_R	3.929482957632480E-05	2.490355404217972E-04	3.929687497916608E-05	2.236703453996460E-04	0.000000000000000E+00	0.000000000000000E+00	0.000000000000000E+00	0.000000000000000E+00	0.000000000000000E+00	0.000000000000000E+00	0.000000000000000E+00	0.000000000000000E+00	0.000000000000000E+00	0.000000000000000E+00	0.000000000000000E+00	0.000000000000000E+00	0.000000000000000E+00	0.000000000000000E+00	0.000000000000000E+00	0.000000000000000E+00	0.000000000000000E+00
AC:QL_D_L	2.245924116887910E-04	3.929687497916608E-05	2.501518585448690E-04	3.929997088645926E-05	0.000000000000000E+00	0.000000000000000E+00	0.000000000000000E+00	0.000000000000000E+00	0.000000000000000E+00	0.000000000000000E+00	0.000000000000000E+00	0.000000000000000E+00	0.000000000000000E+00	0.000000000000000E+00	0.000000000000000E+00	0.000000000000000E+00	0.000000000000000E+00	0.000000000000000E+00	0.000000000000000E+00	0.000000000000000E+00	0.000000000000000E+00
AC:QL_D_R	3.929792531859040E-05	2.236703453996460E-04	3.929997088645926E-05	2.489123829683895E-04	0.000000000000000E+00	0.000000000000000E+00	0.000000000000000E+00	0.000000000000000E+00	0.000000000000000E+00	0.000000000000000E+00	0.000000000000000E+00	0.000000000000000E+00	0.000000000000000E+00	0.000000000000000E+00	0.000000000000000E+00	0.000000000000000E+00	0.000000000000000E+00	0.000000000000000E+00	0.000000000000000E+00	0.000000000000000E+00	0.000000000000000E+00
DCN:CapB1N	0.000000000000000E+00	0.000000000000000E+00	0.000000000000000E+00	0.000000000000000E+00	3.024929724018089E-05	2.636574029546290E-05	2.147842579105327E-05	2.140682669177139E-05	2.140629963615900E-05	2.115822381738690E-05	2.130604720308983E-05	2.130559397532742E-05	0.000000000000000E+00	0.000000000000000E+00	0.000000000000000E+00	0.000000000000000E+00	0.000000000000000E+00	0.000000000000000E+00	0.000000000000000E+00	0.000000000000000E+00	0.000000000000000E+00
DCN:CapB2N	0.000000000000000E+00	0.000000000000000E+00	0.000000000000000E+00	0.000000000000000E+00	2.636574029546290E-05	3.025766578008237E-05	2.153121294379647E-05	2.145931925712609E-05	2.145900845261142E-05	2.121016935840671E-05	2.135829541972488E-05	2.135801111734005E-05	0.000000000000000E+00	0.000000000000000E+00	0.000000000000000E+00	0.000000000000000E+00	0.000000000000000E+00	0.000000000000000E+00	0.000000000000000E+00	0.000000000000000E+00	0.000000000000000E+00
DCN:CapB3N	0.000000000000000E+00	0.000000000000000E+00	0.000000000000000E+00	0.000000000000000E+00	2.147842579105327E-05	2.153121294379647E-05	1.036264897126932E-04	9.748342836783127E-05	9.749201575807182E-05	9.293428168853398E-05	9.375292554942359E-05	9.375161233142929E-05	0.000000000000000E+00	0.000000000000000E+00	0.000000000000000E+00	0.000000000000000E+00	0.000000000000000E+00	0.000000000000000E+00	0.000000000000000E+00	0.000000000000000E+00	0.000000000000000E+00
DCN:CapNL	0.000000000000000E+00	0.000000000000000E+00	0.000000000000000E+00	0.000000000000000E+00	2.140682669177139E-05	2.145931925712609E-05	9.748342836783127E-05	1.221586990668815E-04	9.251727471732519E-05	9.323394041375490E-05	9.539721140217346E-05	9.207039586891803E-05	0.000000000000000E+00	0.000000000000000E+00	0.000000000000000E+00	0.000000000000000E+00	0.000000000000000E+00	0.000000000000000E+00	0.000000000000000E+00	0.000000000000000E+00	0.000000000000000E+00
DCN:CapNR	0.000000000000000E+00	0.000000000000000E+00	0.000000000000000E+00	0.000000000000000E+00	2.140629963615900E-05	2.145900845261142E-05	9.749201575807182E-05	9.251727471732519E-05	1.221893457012709E-04	9.323211719263806E-05	9.207309920624307E-05	9.539492335655211E-05	0.000000000000000E+00	0.000000000000000E+00	0.000000000000000E+00	0.000000000000000E+00	0.000000000000000E+00	0.000000000000000E+00	0.000000000000000E+00	0.000000000000000E+00	0.000000000000000E+00
DCN:DrvGnd	0.000000000000000E+00	0.000000000000000E+00	0.000000000000000E+00	0.000000000000000E+00	2.115822381738690E-05	2.121016935840671E-05	9.293428168853398E-05	9.323394041375490E-05	9.323211719263806E-05	3.524254681093890E-04	1.636826593028530E-04	1.636981487605098E-04	0.000000000000000E+00	0.000000000000000E+00	0.000000000000000E+00	0.000000000000000E+00	0.000000000000000E+00	0.000000000000000E+00	0.000000000000000E+00	0.000000000000000E+00	0.000000000000000E+00
DCN:QL_S_L	0.000000000000000E+00	0.000000000000000E+00	0.000000000000000E+00	0.000000000000000E+00	2.130604720308983E-05	2.135829541972488E-05	9.375292554942359E-05	9.539721140217346E-05	9.207309920624307E-05	1.636826593028530E-04	3.116389967226658E-04	1.376748157578234E-04	0.000000000000000E+00	0.000000000000000E+00	0.000000000000000E+00	0.000000000000000E+00	0.000000000000000E+00	0.000000000000000E+00	0.000000000000000E+00	0.000000000000000E+00	0.000000000000000E+00
DCN:QL_S_R	0.000000000000000E+00	0.000000000000000E+00	0.000000000000000E+00	0.000000000000000E+00	2.130559397532742E-05	2.135801111734005E-05	9.375161233142929E-05	9.207039586891803E-05	9.539492335655211E-05	1.636981487605098E-04	1.376748157578234E-04	3.116845122464098E-04	0.000000000000000E+00	0.000000000000000E+00	0.000000000000000E+00	0.000000000000000E+00	0.000000000000000E+00	0.000000000000000E+00	0.000000000000000E+00	0.000000000000000E+00	0.000000000000000E+00
DCP:CapB1P	0.000000000000000E+00	0.000000000000000E+00	0.000000000000000E+00	0.000000000000000E+00	0.000000000000000E+00	0.000000000000000E+00	0.000000000000000E+00	0.000000000000000E+00	0.000000000000000E+00	0.000000000000000E+00	0.000000000000000E+00	0.000000000000000E+00	5.790711388629617E-05	4.284824854900983E-05	4.284867119950757E-05	4.264558521215417E-05	4.264283396767658E-05	4.264602848155607E-05	4.264319231908615E-05	0.000000000000000E+00	0.000000000000000E+00
DCP:CapB2P	0.000000000000000E+00	0.000000000000000E+00	0.000000000000000E+00	0.000000000000000E+00	0.000000000000000E+00	0.000000000000000E+00	0.000000000000000E+00	0.000000000000000E+00	0.000000000000000E+00	0.000000000000000E+00	0.000000000000000E+00	0.000000000000000E+00	4.284824854900983E-05	1.378221878212156E-04	1.338828446798240E-04	1.168629527888517E-04	1.168568953041998E-04	1.168651828124933E-04	1.168588096664496E-04	0.000000000000000E+00	0.000000000000000E+00
DCP:CapB3P	0.000000000000000E+00	0.000000000000000E+00	0.000000000000000E+00	0.000000000000000E+00	0.000000000000000E+00	0.000000000000000E+00	0.000000000000000E+00	0.000000000000000E+00	0.000000000000000E+00	0.000000000000000E+00	0.000000000000000E+00	0.000000000000000E+00	4.284867119950757E-05	1.338828446798240E-04	1.378079424784850E-04	1.168637711228985E-04	1.168565164771887E-04	1.168659961636412E-04	1.168584214915197E-04	0.000000000000000E+00	0.000000000000000E+00
DCP:CapPL	0.000000000000000E+00	0.000000000000000E+00	0.000000000000000E+00	0.000000000000000E+00	0.000000000000000E+00	0.000000000000000E+00	0.000000000000000E+00	0.000000000000000E+00	0.000000000000000E+00	0.000000000000000E+00	0.000000000000000E+00	0.000000000000000E+00	4.264558521215417E-05	1.168629527888517E-04	1.168637711228985E-04	2.917497931940420E-04	1.291452610825572E-04	2.749314474223743E-04	1.290438417244985E-04	0.000000000000000E+00	0.000000000000000E+00
DCP:CapPR	0.000000000000000E+00	0.000000000000000E+00	0.000000000000000E+00	0.000000000000000E+00	0.000000000000000E+00	0.000000000000000E+00	0.000000000000000E+00	0.000000000000000E+00	0.000000000000000E+00	0.000000000000000E+00	0.000000000000000E+00	0.000000000000000E+00	4.264283396767658E-05	1.168568953041998E-04	1.168565164771887E-04	1.291452610825572E-04	2.921508170096083E-04	1.290400343850746E-04	2.753505072311250E-04	0.000000000000000E+00	0.000000000000000E+00
DCP:QH_D_L	0.000000000000000E+00	0.000000000000000E+00	0.000000000000000E+00	0.000000000000000E+00	0.000000000000000E+00	0.000000000000000E+00	0.000000000000000E+00	0.000000000000000E+00	0.000000000000000E+00	0.000000000000000E+00	0.000000000000000E+00	0.000000000000000E+00	4.264602848155607E-05	1.168651828124933E-04	1.168659961636412E-04	2.749314474223743E-04	1.290400343850746E-04	3.008890207300784E-04	1.289391025698203E-04	0.000000000000000E+00	0.000000000000000E+00
DCP:QH_D_R	0.000000000000000E+00	0.000000000000000E+00	0.000000000000000E+00	0.000000000000000E+00	0.000000000000000E+00	0.000000000000000E+00	0.000000000000000E+00	0.000000000000000E+00	0.000000000000000E+00	0.000000000000000E+00	0.000000000000000E+00	0.000000000000000E+00	4.264319231908615E-05	1.168588096664496E-04	1.168584214915197E-04	1.290438417244985E-04	2.753505072311250E-04	1.289391025698203E-04	3.010854987590073E-04	0.000000000000000E+00	0.000000000000000E+00
G:Gate_L	0.000000000000000E+00	0.000000000000000E+00	0.000000000000000E+00	0.000000000000000E+00	0.000000000000000E+00	0.000000000000000E+00	0.000000000000000E+00	0.000000000000000E+00	0.000000000000000E+00	0.000000000000000E+00	0.000000000000000E+00	0.000000000000000E+00	0.000000000000000E+00	0.000000000000000E+00	0.000000000000000E+00	0.000000000000000E+00	0.000000000000000E+00	0.000000000000000E+00	0.000000000000000E+00	5.924126333316422E-03	8.751365445549984E-04
G:Gate_R	0.000000000000000E+00	0.000000000000000E+00	0.000000000000000E+00	0.000000000000000E+00	0.000000000000000E+00	0.000000000000000E+00	0.000000000000000E+00	0.000000000000000E+00	0.000000000000000E+00	0.000000000000000E+00	0.000000000000000E+00	0.000000000000000E+00	0.000000000000000E+00	0.000000000000000E+00	0.000000000000000E+00	0.000000000000000E+00	0.000000000000000E+00	0.000000000000000E+00	0.000000000000000E+00	8.751365445549984E-04	5.923835621956158E-03

DC Resistance Matrix Coupling Coefficient
	AC:QH_S_L	AC:QH_S_R	AC:QL_D_L	AC:QL_D_R	DCN:CapB1N	DCN:CapB2N	DCN:CapB3N	DCN:CapNL	DCN:CapNR	DCN:DrvGnd	DCN:QL_S_L	DCN:QL_S_R	DCP:CapB1P	DCP:CapB2P	DCP:CapB3P	DCP:CapPL	DCP:CapPR	DCP:QH_D_L	DCP:QH_D_R	G:Gate_L	G:Gate_R	
AC:QH_S_L	1.000000000000000E+00	1.575056537925203E-01	8.982239178243085E-01	1.575570262304750E-01	0.000000000000000E+00	0.000000000000000E+00	0.000000000000000E+00	0.000000000000000E+00	0.000000000000000E+00	0.000000000000000E+00	0.000000000000000E+00	0.000000000000000E+00	0.000000000000000E+00	0.000000000000000E+00	0.000000000000000E+00	0.000000000000000E+00	0.000000000000000E+00	0.000000000000000E+00	0.000000000000000E+00	0.000000000000000E+00	0.000000000000000E+00
AC:QH_S_R	1.575056537925203E-01	1.000000000000000E+00	1.574437708999735E-01	8.983684507328511E-01	0.000000000000000E+00	0.000000000000000E+00	0.000000000000000E+00	0.000000000000000E+00	0.000000000000000E+00	0.000000000000000E+00	0.000000000000000E+00	0.000000000000000E+00	0.000000000000000E+00	0.000000000000000E+00	0.000000000000000E+00	0.000000000000000E+00	0.000000000000000E+00	0.000000000000000E+00	0.000000000000000E+00	0.000000000000000E+00	0.000000000000000E+00
AC:QL_D_L	8.982239178243085E-01	1.574437708999735E-01	1.000000000000000E+00	1.574951231696214E-01	0.000000000000000E+00	0.000000000000000E+00	0.000000000000000E+00	0.000000000000000E+00	0.000000000000000E+00	0.000000000000000E+00	0.000000000000000E+00	0.000000000000000E+00	0.000000000000000E+00	0.000000000000000E+00	0.000000000000000E+00	0.000000000000000E+00	0.000000000000000E+00	0.000000000000000E+00	0.000000000000000E+00	0.000000000000000E+00	0.000000000000000E+00
AC:QL_D_R	1.575570262304750E-01	8.983684507328511E-01	1.574951231696214E-01	1.000000000000000E+00	0.000000000000000E+00	0.000000000000000E+00	0.000000000000000E+00	0.000000000000000E+00	0.000000000000000E+00	0.000000000000000E+00	0.000000000000000E+00	0.000000000000000E+00	0.000000000000000E+00	0.000000000000000E+00	0.000000000000000E+00	0.000000000000000E+00	0.000000000000000E+00	0.000000000000000E+00	0.000000000000000E+00	0.000000000000000E+00	0.000000000000000E+00
DCN:CapB1N	0.000000000000000E+00	0.000000000000000E+00	0.000000000000000E+00	0.000000000000000E+00	1.000000000000000E+00	8.714944274696543E-01	3.836272153982093E-01	3.521538565144348E-01	3.521010221608548E-01	2.049216855984882E-01	2.194417921143005E-01	2.194211012224653E-01	0.000000000000000E+00	0.000000000000000E+00	0.000000000000000E+00	0.000000000000000E+00	0.000000000000000E+00	0.000000000000000E+00	0.000000000000000E+00	0.000000000000000E+00	0.000000000000000E+00
DCN:CapB2N	0.000000000000000E+00	0.000000000000000E+00	0.000000000000000E+00	0.000000000000000E+00	8.714944274696543E-01	1.000000000000000E+00	3.845168642461533E-01	3.529685661354585E-01	3.529191873138981E-01	2.053963789573687E-01	2.199495003395486E-01	2.199305125019289E-01	0.000000000000000E+00	0.000000000000000E+00	0.000000000000000E+00	0.000000000000000E+00	0.000000000000000E+00	0.000000000000000E+00	0.000000000000000E+00	0.000000000000000E+00	0.000000000000000E+00
DCN:CapB3N	0.000000000000000E+00	0.000000000000000E+00	0.000000000000000E+00	0.000000000000000E+00	3.836272153982093E-01	3.845168642461533E-01	1.000000000000000E+00	8.664294416418449E-01	8.663970939572356E-01	4.863029570984488E-01	5.217032431310918E-01	5.216578423025449E-01	0.000000000000000E+00	0.000000000000000E+00	0.000000000000000E+00	0.000000000000000E+00	0.000000000000000E+00	0.000000000000000E+00	0.000000000000000E+00	0.000000000000000E+00	0.000000000000000E+00
DCN:CapNL	0.000000000000000E+00	0.000000000000000E+00	0.000000000000000E+00	0.000000000000000E+00	3.521538565144348E-01	3.529685661354585E-01	8.664294416418449E-01	1.000000000000000E+00	7.572581604472410E-01	4.493432243629617E-01	4.889310085208899E-01	4.718459152013318E-01	0.000000000000000E+00	0.000000000000000E+00	0.000000000000000E+00	0.000000000000000E+00	0.000000000000000E+00	0.000000000000000E+00	0.000000000000000E+00	0.000000000000000E+00	0.000000000000000E+00
DCN:CapNR	0.000000000000000E+00	0.000000000000000E+00	0.000000000000000E+00	0.000000000000000E+00	3.521010221608548E-01	3.529191873138981E-01	8.663970939572356E-01	7.572581604472410E-01	1.000000000000000E+00	4.492780843891553E-01	4.718350439276996E-01	4.888222689319079E-01	0.000000000000000E+00	0.000000000000000E+00	0.000000000000000E+00	0.000000000000000E+00	0.000000000000000E+00	0.000000000000000E+00	0.000000000000000E+00	0.000000000000000E+00	0.000000000000000E+00
DCN:DrvGnd	0.000000000000000E+00	0.000000000000000E+00	0.000000000000000E+00	0.000000000000000E+00	2.049216855984882E-01	2.053963789573687E-01	4.863029570984488E-01	4.493432243629617E-01	4.492780843891553E-01	1.000000000000000E+00	4.939046680982015E-01	4.939153394381853E-01	0.000000000000000E+00	0.000000000000000E+00	0.000000000000000E+00	0.000000000000000E+00	0.000000000000000E+00	0.000000000000000E+00	0.000000000000000E+00	0.000000000000000E+00	0.000000000000000E+00
DCN:QL_S_L	0.000000000000000E+00	0.000000000000000E+00	0.000000000000000E+00	0.000000000000000E+00	2.194417921143005E-01	2.199495003395486E-01	5.217032431310918E-01	4.889310085208899E-01	4.718350439276996E-01	4.939046680982015E-01	1.000000000000000E+00	4.417443402786736E-01	0.000000000000000E+00	0.000000000000000E+00	0.000000000000000E+00	0.000000000000000E+00	0.000000000000000E+00	0.000000000000000E+00	0.000000000000000E+00	0.000000000000000E+00	0.000000000000000E+00
DCN:QL_S_R	0.000000000000000E+00	0.000000000000000E+00	0.000000000000000E+00	0.000000000000000E+00	2.194211012224653E-01	2.199305125019289E-01	5.216578423025449E-01	4.718459152013318E-01	4.888222689319079E-01	4.939153394381853E-01	4.417443402786736E-01	1.000000000000000E+00	0.000000000000000E+00	0.000000000000000E+00	0.000000000000000E+00	0.000000000000000E+00	0.000000000000000E+00	0.000000000000000E+00	0.000000000000000E+00	0.000000000000000E+00	0.000000000000000E+00
DCP:CapB1P	0.000000000000000E+00	0.000000000000000E+00	0.000000000000000E+00	0.000000000000000E+00	0.000000000000000E+00	0.000000000000000E+00	0.000000000000000E+00	0.000000000000000E+00	0.000000000000000E+00	0.000000000000000E+00	0.000000000000000E+00	0.000000000000000E+00	1.000000000000000E+00	4.796313308224469E-01	4.796608514395336E-01	3.280974386548791E-01	3.278510257685622E-01	3.230795446829510E-01	3.229526328816923E-01	0.000000000000000E+00	0.000000000000000E+00
DCP:CapB2P	0.000000000000000E+00	0.000000000000000E+00	0.000000000000000E+00	0.000000000000000E+00	0.000000000000000E+00	0.000000000000000E+00	0.000000000000000E+00	0.000000000000000E+00	0.000000000000000E+00	0.000000000000000E+00	0.000000000000000E+00	0.000000000000000E+00	4.796313308224469E-01	1.000000000000000E+00	9.714674133271097E-01	5.827898872906938E-01	5.823595760342315E-01	5.738817348014328E-01	5.736631705615682E-01	0.000000000000000E+00	0.000000000000000E+00
DCP:CapB3P	0.000000000000000E+00	0.000000000000000E+00	0.000000000000000E+00	0.000000000000000E+00	0.000000000000000E+00	0.000000000000000E+00	0.000000000000000E+00	0.000000000000000E+00	0.000000000000000E+00	0.000000000000000E+00	0.000000000000000E+00	0.000000000000000E+00	4.796608514395336E-01	9.714674133271097E-01	1.000000000000000E+00	5.828240894977937E-01	5.823877868053831E-01	5.739153896684007E-01	5.736909141987246E-01	0.000000000000000E+00	0.000000000000000E+00
DCP:CapPL	0.000000000000000E+00	0.000000000000000E+00	0.000000000000000E+00	0.000000000000000E+00	0.000000000000000E+00	0.000000000000000E+00	0.000000000000000E+00	0.000000000000000E+00	0.000000000000000E+00	0.000000000000000E+00	0.000000000000000E+00	0.000000000000000E+00	3.280974386548791E-01	5.827898872906938E-01	5.828240894977937E-01	1.000000000000000E+00	4.423536789803877E-01	9.279316108615078E-01	4.353986577727882E-01	0.000000000000000E+00	0.000000000000000E+00
DCP:CapPR	0.000000000000000E+00	0.000000000000000E+00	0.000000000000000E+00	0.000000000000000E+00	0.000000000000000E+00	0.000000000000000E+00	0.000000000000000E+00	0.000000000000000E+00	0.000000000000000E+00	0.000000000000000E+00	0.000000000000000E+00	0.000000000000000E+00	3.278510257685622E-01	5.823595760342315E-01	5.823877868053831E-01	4.423536789803877E-01	1.000000000000000E+00	4.352289215339641E-01	9.284048675471012E-01	0.000000000000000E+00	0.000000000000000E+00
DCP:QH_D_L	0.000000000000000E+00	0.000000000000000E+00	0.000000000000000E+00	0.000000000000000E+00	0.000000000000000E+00	0.000000000000000E+00	0.000000000000000E+00	0.000000000000000E+00	0.000000000000000E+00	0.000000000000000E+00	0.000000000000000E+00	0.000000000000000E+00	3.230795446829510E-01	5.738817348014328E-01	5.739153896684007E-01	9.279316108615078E-01	4.352289215339641E-01	1.000000000000000E+00	4.283872664484012E-01	0.000000000000000E+00	0.000000000000000E+00
DCP:QH_D_R	0.000000000000000E+00	0.000000000000000E+00	0.000000000000000E+00	0.000000000000000E+00	0.000000000000000E+00	0.000000000000000E+00	0.000000000000000E+00	0.000000000000000E+00	0.000000000000000E+00	0.000000000000000E+00	0.000000000000000E+00	0.000000000000000E+00	3.229526328816923E-01	5.736631705615682E-01	5.736909141987246E-01	4.353986577727882E-01	9.284048675471012E-01	4.283872664484012E-01	1.000000000000000E+00	0.000000000000000E+00	0.000000000000000E+00
G:Gate_L	0.000000000000000E+00	0.000000000000000E+00	0.000000000000000E+00	0.000000000000000E+00	0.000000000000000E+00	0.000000000000000E+00	0.000000000000000E+00	0.000000000000000E+00	0.000000000000000E+00	0.000000000000000E+00	0.000000000000000E+00	0.000000000000000E+00	0.000000000000000E+00	0.000000000000000E+00	0.000000000000000E+00	0.000000000000000E+00	0.000000000000000E+00	0.000000000000000E+00	0.000000000000000E+00	1.000000000000000E+00	1.477277776755496E-01
G:Gate_R	0.000000000000000E+00	0.000000000000000E+00	0.000000000000000E+00	0.000000000000000E+00	0.000000000000000E+00	0.000000000000000E+00	0.000000000000000E+00	0.000000000000000E+00	0.000000000000000E+00	0.000000000000000E+00	0.000000000000000E+00	0.000000000000000E+00	0.000000000000000E+00	0.000000000000000E+00	0.000000000000000E+00	0.000000000000000E+00	0.000000000000000E+00	0.000000000000000E+00	0.000000000000000E+00	1.477277776755496E-01	1.000000000000000E+00

AC Inductance Matrix
	AC:QH_S_L	AC:QH_S_R	AC:QL_D_L	AC:QL_D_R	DCN:CapB1N	DCN:CapB2N	DCN:CapB3N	DCN:CapNL	DCN:CapNR	DCN:DrvGnd	DCN:QL_S_L	DCN:QL_S_R	DCP:CapB1P	DCP:CapB2P	DCP:CapB3P	DCP:CapPL	DCP:CapPR	DCP:QH_D_L	DCP:QH_D_R	G:Gate_L	G:Gate_R	
AC:QH_S_L	1.099689394714538E+00	3.782959863719803E-01	1.043630295866202E+00	3.555729361243667E-01	-6.094881342180944E-05	-2.695077316337433E-04	-5.245042867695259E-03	2.442073005237955E-03	-1.746222058603700E-02	-9.812697616245014E-02	-6.768177324198835E-02	-1.355437592947840E-01	-3.820882215370662E-04	-5.973198827794475E-03	-6.305459051736120E-03	4.666213377791426E-02	-8.074985281936979E-02	5.543087752223592E-02	-9.789255503752688E-02	7.052201938955116E-02	-6.554393787166167E-03
AC:QH_S_R	3.782959863719803E-01	1.099771233521069E+00	3.555640127131542E-01	1.043661142470747E+00	-4.973371457179980E-05	-2.607878308847153E-04	-5.252150017883514E-03	-1.748603336234313E-02	2.416141047731407E-03	-9.819159118225497E-02	-1.356383279895512E-01	-6.771460330707230E-02	-3.783419714592170E-04	-5.978789739742585E-03	-6.313636244793469E-03	-8.075638782302980E-02	4.660025925361416E-02	-9.789604748269157E-02	5.537613495781262E-02	-6.632842439522085E-03	7.048667596781931E-02
AC:QL_D_L	1.043630295866202E+00	3.555640127131542E-01	1.064515008418044E+00	3.349880724961801E-01	-5.109538686685263E-05	-2.292245229989766E-04	-4.326314444273366E-03	2.704875057962814E-03	-1.517177884049879E-02	-7.402314110170276E-02	1.181807449067515E-03	-1.215865782641471E-01	-3.298720791607974E-04	-4.569465137700535E-03	-4.848717925017152E-03	4.976628800807803E-02	-7.387282815609138E-02	5.793487017986922E-02	-8.920298432362987E-02	1.094743241466550E-01	-2.013421491791754E-02
AC:QL_D_R	3.555729361243667E-01	1.043661142470747E+00	3.349880724961801E-01	1.064533737346559E+00	-4.063341864101731E-05	-2.207726194066512E-04	-4.324496536530464E-03	-1.518289770180670E-02	2.690335984267300E-03	-7.403231217948548E-02	-1.216436784152562E-01	1.107068894969550E-03	-3.202845602293087E-04	-4.528389151217335E-03	-4.809698388698965E-03	-7.380602244594878E-02	4.982157462703749E-02	-8.913258792534788E-02	5.799751729228143E-02	-2.017621797552475E-02	1.093950439531567E-01
DCN:CapB1N	-6.094881342180944E-05	-4.973371457179980E-05	-5.109538686685263E-05	-4.063341864101731E-05	3.224690460123791E-02	2.914070869726598E-02	2.630980061612223E-02	2.633125178050860E-02	2.633017454960002E-02	2.646954707598849E-02	2.641897791434747E-02	2.641822642988372E-02	1.715060950871363E-03	1.163963280681310E-03	1.107242182717555E-03	1.232308650522906E-03	1.254297402222492E-03	1.254416306543159E-03	1.277670545885549E-03	-4.314252183822994E-05	-4.727090090276207E-05
DCN:CapB2N	-2.695077316337433E-04	-2.607878308847153E-04	-2.292245229989766E-04	-2.207726194066512E-04	2.914070869726598E-02	3.211368276145869E-02	2.971673085013283E-02	2.978777650093350E-02	2.978635547460502E-02	3.010225058650446E-02	3.006063954919008E-02	3.005909055996004E-02	1.643947605074620E-03	6.263945075115136E-03	6.244546943060142E-03	6.989860111880348E-03	7.007771503999587E-03	7.046845483655361E-03	7.066163320809405E-03	-5.547290049942829E-05	-5.903320855187162E-05
DCN:CapB3N	-5.245042867695259E-03	-5.252150017883514E-03	-4.326314444273366E-03	-4.324496536530464E-03	2.630980061612223E-02	2.971673085013283E-02	1.516682892466232E-01	1.544897396086239E-01	1.544775127909229E-01	1.612824735281703E-01	1.610028994998764E-01	1.609912529098598E-01	2.190188189856443E-03	6.009197322944997E-02	6.722688860826667E-02	1.230484534426898E-01	1.230358975120826E-01	1.244785677850690E-01	1.244704328252816E-01	-7.541879363300411E-04	-7.775289088061425E-04
DCN:CapNL	2.442073005237955E-03	-1.748603336234313E-02	2.704875057962814E-03	-1.518289770180670E-02	2.633125178050860E-02	2.978777650093350E-02	1.544897396086239E-01	2.014106232619804E-01	1.592226235342880E-01	1.902534741115775E-01	2.045318089003747E-01	1.746804031325606E-01	2.259901901160778E-03	6.260573038720806E-02	6.989855008189161E-02	1.593717208351750E-01	1.319346107008623E-01	1.612234393057012E-01	1.347989240523763E-01	1.324349399357150E-02	-1.579760612856013E-02
DCN:CapNR	-1.746222058603700E-02	2.416141047731407E-03	-1.517177884049879E-02	2.690335984267300E-03	2.633017454960002E-02	2.978635547460502E-02	1.544775127909229E-01	1.592226235342880E-01	2.013313920440724E-01	1.902472853337380E-01	1.746823704852059E-01	2.044782249341735E-01	2.261771723806724E-03	6.259148897771161E-02	6.988232338771184E-02	1.319285217351237E-01	1.592844600002833E-01	1.347864877038934E-01	1.611363396179527E-01	-1.574091852364512E-02	1.322604340959434E-02
DCN:DrvGnd	-9.812697616245014E-02	-9.819159118225497E-02	-7.402314110170276E-02	-7.403231217948548E-02	2.646954707598849E-02	3.010225058650446E-02	1.612824735281703E-01	1.902534741115775E-01	1.902472853337380E-01	6.992780529016484E-01	3.510067463724758E-01	3.509647687769393E-01	2.550875732422935E-03	7.064583249222510E-02	7.832760714503681E-02	1.996074457832866E-01	1.995549573104777E-01	2.289060984195325E-01	2.289173198032604E-01	-2.675916392262974E-01	-2.681005459169768E-01
DCN:QL_S_L	-6.768177324198835E-02	-1.356383279895512E-01	1.181807449067515E-03	-1.216436784152562E-01	2.641897791434747E-02	3.006063954919008E-02	1.610028994998764E-01	2.045318089003747E-01	1.746823704852059E-01	3.510067463724758E-01	5.917101220826579E-01	2.567304027215931E-01	2.552788378791789E-03	7.095694859516631E-02	7.862890082438856E-02	2.236249856716037E-01	1.734163120469649E-01	2.781345511878737E-01	1.867968350694862E-01	1.707812806361189E-01	-1.062622999285168E-01
DCN:QL_S_R	-1.355437592947840E-01	-6.771460330707230E-02	-1.215865782641471E-01	1.107068894969550E-03	2.641822642988372E-02	3.005909055996004E-02	1.609912529098598E-01	1.746804031325606E-01	2.044782249341735E-01	3.509647687769393E-01	2.567304027215931E-01	5.914758739392071E-01	2.552884161526412E-03	7.095485954107825E-02	7.862503901274290E-02	1.734543987232097E-01	2.235858203405625E-01	1.868094400426907E-01	2.781160276398065E-01	-1.060323474650141E-01	1.707764534374506E-01
DCP:CapB1P	-3.820882215370662E-04	-3.783419714592170E-04	-3.298720791607974E-04	-3.202845602293087E-04	1.715060950871363E-03	1.643947605074620E-03	2.190188189856443E-03	2.259901901160778E-03	2.261771723806724E-03	2.550875732422935E-03	2.552788378791789E-03	2.552884161526412E-03	7.330956265138343E-02	6.449848542525942E-02	6.453347264883000E-02	6.527590286660903E-02	6.529430388022697E-02	6.533035162736518E-02	6.534625973745144E-02	-2.836607255044126E-05	-2.294073027316664E-05
DCP:CapB2P	-5.973198827794475E-03	-5.978789739742585E-03	-4.569465137700535E-03	-4.528389151217335E-03	1.163963280681310E-03	6.263945075115136E-03	6.009197322944997E-02	6.260573038720806E-02	6.259148897771161E-02	7.064583249222510E-02	7.095694859516631E-02	7.095485954107825E-02	6.449848542525942E-02	5.068299572786948E-01	5.073464697049822E-01	5.238826255660984E-01	5.239482659953441E-01	5.254852685294830E-01	5.255588095124462E-01	-5.700322749546711E-04	-5.697470481467002E-04
DCP:CapB3P	-6.305459051736120E-03	-6.313636244793469E-03	-4.848717925017152E-03	-4.809698388698965E-03	1.107242182717555E-03	6.244546943060142E-03	6.722688860826667E-02	6.989855008189161E-02	6.988232338771184E-02	7.832760714503681E-02	7.862890082438856E-02	7.862503901274290E-02	6.453347264883000E-02	5.073464697049822E-01	5.139994255550540E-01	5.310019807674731E-01	5.310650900064525E-01	5.326794567196969E-01	5.327512796470316E-01	-6.081836136406124E-04	-6.107970466368242E-04
DCP:CapPL	4.666213377791426E-02	-8.075638782302980E-02	4.976628800807803E-02	-7.380602244594878E-02	1.232308650522906E-03	6.989860111880348E-03	1.230484534426898E-01	1.593717208351750E-01	1.319285217351237E-01	1.996074457832866E-01	2.236249856716037E-01	1.734543987232097E-01	6.527590286660903E-02	5.238826255660984E-01	5.310019807674731E-01	1.240436763116600E+00	7.326308438143351E-01	1.241987423995329E+00	7.396531434829303E-01	2.139917400252662E-02	-2.863419524131697E-02
DCP:CapPR	-8.074985281936979E-02	4.660025925361416E-02	-7.387282815609138E-02	4.982157462703749E-02	1.254297402222492E-03	7.007771503999587E-03	1.230358975120826E-01	1.319346107008623E-01	1.592844600002833E-01	1.995549573104777E-01	1.734163120469649E-01	2.235858203405625E-01	6.529430388022697E-02	5.239482659953441E-01	5.310650900064525E-01	7.326308438143351E-01	1.240531189747873E+00	7.396357750231893E-01	1.242143493161223E+00	-2.867656323898222E-02	2.133814124664406E-02
DCP:QH_D_L	5.543087752223592E-02	-9.789604748269157E-02	5.793487017986922E-02	-8.913258792534788E-02	1.254416306543159E-03	7.046845483655361E-03	1.244785677850690E-01	1.612234393057012E-01	1.347864877038934E-01	2.289060984195325E-01	2.781345511878737E-01	1.868094400426907E-01	6.533035162736518E-02	5.254852685294830E-01	5.326794567196969E-01	1.241987423995329E+00	7.396357750231893E-01	1.303323093916547E+00	7.483573146236171E-01	4.444923389477142E-02	-4.555886388812237E-02
DCP:QH_D_R	-9.789255503752688E-02	5.537613495781262E-02	-8.920298432362987E-02	5.799751729228143E-02	1.277670545885549E-03	7.066163320809405E-03	1.244704328252816E-01	1.347989240523763E-01	1.611363396179527E-01	2.289173198032604E-01	1.867968350694862E-01	2.781160276398065E-01	6.534625973745144E-02	5.255588095124462E-01	5.327512796470316E-01	7.396531434829303E-01	1.242143493161223E+00	7.483573146236171E-01	1.303409540273762E+00	-4.562520666274496E-02	4.438592097385958E-02
G:Gate_L	7.052201938955116E-02	-6.632842439522085E-03	1.094743241466550E-01	-2.017621797552475E-02	-4.314252183822994E-05	-5.547290049942829E-05	-7.541879363300411E-04	1.324349399357150E-02	-1.574091852364512E-02	-2.675916392262974E-01	1.707812806361189E-01	-1.060323474650141E-01	-2.836607255044126E-05	-5.700322749546711E-04	-6.081836136406124E-04	2.139917400252662E-02	-2.867656323898222E-02	4.444923389477142E-02	-4.562520666274496E-02	1.744826686520870E+00	3.380403946644990E-01
G:Gate_R	-6.554393787166167E-03	7.048667596781931E-02	-2.013421491791754E-02	1.093950439531567E-01	-4.727090090276207E-05	-5.903320855187162E-05	-7.775289088061425E-04	-1.579760612856013E-02	1.322604340959434E-02	-2.681005459169768E-01	-1.062622999285168E-01	1.707764534374506E-01	-2.294073027316664E-05	-5.697470481467002E-04	-6.107970466368242E-04	-2.863419524131697E-02	2.133814124664406E-02	-4.555886388812237E-02	4.438592097385958E-02	3.380403946644990E-01	1.744625143882205E+00

AC Inductance Matrix Coupling Coefficient
	AC:QH_S_L	AC:QH_S_R	AC:QL_D_L	AC:QL_D_R	DCN:CapB1N	DCN:CapB2N	DCN:CapB3N	DCN:CapNL	DCN:CapNR	DCN:DrvGnd	DCN:QL_S_L	DCN:QL_S_R	DCP:CapB1P	DCP:CapB2P	DCP:CapB3P	DCP:CapPL	DCP:CapPR	DCP:QH_D_L	DCP:QH_D_R	G:Gate_L	G:Gate_R	
AC:QH_S_L	1.000000000000000E+00	3.439897780187302E-01	9.645744745831082E-01	3.286351136944086E-01	3.236579061522539E-04	1.434138695370072E-03	1.284300434750913E-02	5.188985269956420E-03	3.711151667222542E-02	1.118995779862522E-01	8.390391213450638E-02	1.680645011989446E-01	1.345700201365324E-03	8.000936329566432E-03	8.386878944199217E-03	3.995234373455880E-02	6.913578160922670E-02	4.630103403704069E-02	8.176627210185151E-02	5.091122815860451E-02	4.732018655650688E-03
AC:QH_S_R	3.439897780187302E-01	1.000000000000000E+00	3.286175295870137E-01	9.645586085759587E-01	2.640922783436476E-04	1.387685619688995E-03	1.285992839656131E-02	3.715343206507016E-02	5.134703345808085E-03	1.119690957520742E-01	1.681422096528013E-01	8.395810804177636E-02	1.332456471169384E-03	8.008127226499205E-03	8.397442950200194E-03	6.914143559388758E-02	3.989636339720241E-02	8.176885839512782E-02	4.625205301439487E-02	4.788200807535204E-03	5.088675871596576E-02
AC:QL_D_L	9.645744745831082E-01	3.286175295870137E-01	1.000000000000000E+00	3.146833281065509E-01	2.757793736638701E-04	1.239767156029352E-03	1.076700198328121E-02	5.841577301820962E-03	3.277214447384168E-02	8.579592612799224E-02	1.489074166781917E-03	1.532290908514936E-01	1.180835358603756E-03	6.220973271499856E-03	6.554954907340893E-03	4.330839006044385E-02	6.428431011992597E-02	4.918561413104011E-02	7.572914297549541E-02	8.032675645391237E-02	1.477432818915600E-02
AC:QL_D_R	3.286351136944086E-01	9.645586085759587E-01	3.146833281065509E-01	1.000000000000000E+00	2.193106042231451E-04	1.194044298417802E-03	1.076238303738993E-02	3.278942224040472E-02	5.811270048705400E-03	8.580580096758446E-02	1.532693551725703E-01	1.395167710605718E-03	1.146505055872977E-03	6.164997260905760E-03	6.502147413623448E-03	6.422805514583318E-02	4.335447091944062E-02	7.567122351343254E-02	4.923673435418911E-02	1.480416438469988E-02	8.027251474528603E-02
DCN:CapB1N	3.236579061522539E-04	2.640922783436476E-04	2.757793736638701E-04	2.193106042231451E-04	1.000000000000000E+00	9.055470846302173E-01	3.762063713649135E-01	3.267279611997916E-01	3.267788752264880E-01	1.762696510286128E-01	1.912570690682424E-01	1.912894966900582E-01	3.527404203994864E-02	9.104668233432648E-03	8.600373049113244E-03	6.161524308722207E-03	6.271229039169403E-03	6.118875674767822E-03	6.232100080333054E-03	1.818801751295461E-04	1.992960995887827E-04
DCN:CapB2N	1.434138695370072E-03	1.387685619688995E-03	1.239767156029352E-03	1.194044298417802E-03	9.055470846302173E-01	1.000000000000000E+00	4.258028660473702E-01	3.703836810059996E-01	3.704388809196808E-01	2.008764206932613E-01	2.180713742222898E-01	2.181033132631088E-01	3.388149781407995E-02	4.909889816082056E-02	4.860428530736814E-02	3.502161047829152E-02	3.511001640508816E-02	3.444479838506897E-02	3.453807807744953E-02	2.343471468568616E-04	2.494021932769698E-04
DCN:CapB3N	1.284300434750913E-02	1.285992839656131E-02	1.076700198328121E-02	1.076238303738993E-02	3.762063713649135E-01	4.258028660473702E-01	1.000000000000000E+00	8.839161326332610E-01	8.840200723365587E-01	4.952389936020828E-01	5.374422490943686E-01	5.375097778217487E-01	2.077082393434924E-02	2.167394328443650E-01	2.407766129396557E-01	2.836883170971990E-01	2.836485734047390E-01	2.799762184655790E-01	2.799486373642329E-01	1.466074499329863E-03	1.511534581159558E-03
DCN:CapNL	5.188985269956420E-03	3.715343206507016E-02	5.841577301820962E-03	3.278942224040472E-02	3.267279611997916E-01	3.703836810059996E-01	8.839161326332610E-01	1.000000000000000E+00	7.906929029713790E-01	5.069515558443860E-01	5.924683749473432E-01	5.060978373869314E-01	1.859807892966988E-02	1.959484179691184E-01	2.172429360567281E-01	3.188473125307339E-01	2.639451640172622E-01	3.146740643048748E-01	2.630902728171421E-01	2.234010678578071E-02	2.665011155544209E-02
DCN:CapNR	3.711151667222542E-02	5.134703345808085E-03	3.277214447384168E-02	5.811270048705400E-03	3.267788752264880E-01	3.704388809196808E-01	8.840200723365587E-01	7.906929029713790E-01	1.000000000000000E+00	5.070348040288200E-01	5.061029040330084E-01	5.925469962330404E-01	1.861712899152514E-02	1.959423879161642E-01	2.172352362663250E-01	2.639949586440334E-01	3.187233015032759E-01	2.631264842689705E-01	3.145555107409243E-01	2.655817176061803E-02	2.231634834898448E-02
DCN:DrvGnd	1.118995779862522E-01	1.119690957520742E-01	8.579592612799224E-02	8.580580096758446E-02	1.762696510286128E-01	2.008764206932613E-01	4.952389936020828E-01	5.069515558443860E-01	5.070348040288200E-01	1.000000000000000E+00	5.456774605610510E-01	5.457202333580466E-01	1.126637075380027E-02	1.186671356995000E-01	1.306497531628161E-01	2.143208750880658E-01	2.142563627561448E-01	2.397763632125201E-01	2.397801655804242E-01	2.422542715547105E-01	2.427290106127072E-01
DCN:QL_S_L	8.390391213450638E-02	1.681422096528013E-01	1.489074166781917E-03	1.532693551725703E-01	1.912570690682424E-01	2.180713742222898E-01	5.374422490943686E-01	5.924683749473432E-01	5.061029040330084E-01	5.456774605610510E-01	1.000000000000000E+00	4.339645814203902E-01	1.225688187202085E-02	1.295714423584259E-01	1.425759875734819E-01	2.610228407976084E-01	2.024098312649241E-01	3.167192043150380E-01	2.127034659077906E-01	1.680775152339235E-01	1.045860229409031E-01
DCN:QL_S_R	1.680645011989446E-01	8.395810804177636E-02	1.532290908514936E-01	1.395167710605718E-03	1.912894966900582E-01	2.181033132631088E-01	5.375097778217487E-01	5.060978373869314E-01	5.925469962330404E-01	5.457202333580466E-01	4.339645814203902E-01	1.000000000000000E+00	1.225976871932506E-02	1.295932820723260E-01	1.425972137591351E-01	2.025020788616982E-01	2.610188645764542E-01	2.127669930857073E-01	3.167503129432299E-01	1.043743326259553E-01	1.681157526331905E-01
DCP:CapB1P	1.345700201365324E-03	1.332456471169384E-03	1.180835358603756E-03	1.146505055872977E-03	3.527404203994864E-02	3.388149781407995E-02	2.077082393434924E-02	1.859807892966988E-02	1.861712899152514E-02	1.126637075380027E-02	1.225688187202085E-02	1.225976871932506E-02	1.000000000000000E+00	3.346093434215107E-01	3.324477551237184E-01	2.164637902809882E-01	2.165165696860427E-01	2.113531067454719E-01	2.113975611397974E-01	7.931270236332447E-05	6.414692769143457E-05
DCP:CapB2P	8.000936329566432E-03	8.008127226499205E-03	6.220973271499856E-03	6.164997260905760E-03	9.104668233432648E-03	4.909889816082056E-02	2.167394328443650E-01	1.959484179691184E-01	1.959423879161642E-01	1.186671356995000E-01	1.295714423584259E-01	1.295932820723260E-01	3.346093434215107E-01	1.000000000000000E+00	9.940132820345392E-01	6.607170932160394E-01	6.607747286363235E-01	6.465518544809153E-01	6.466208945094207E-01	6.061668192210812E-04	6.058985060673489E-04
DCP:CapB3P	8.386878944199217E-03	8.397442950200194E-03	6.554954907340893E-03	6.502147413623448E-03	8.600373049113244E-03	4.860428530736814E-02	2.407766129396557E-01	2.172429360567281E-01	2.172352362663250E-01	1.306497531628161E-01	1.425759875734819E-01	1.425972137591351E-01	3.324477551237184E-01	9.940132820345392E-01	1.000000000000000E+00	6.650089798488477E-01	6.650627026984037E-01	6.508165464533578E-01	6.508827127917236E-01	6.422102759646632E-04	6.450071783755761E-04
DCP:CapPL	3.995234373455880E-02	6.914143559388758E-02	4.330839006044385E-02	6.422805514583318E-02	6.161524308722207E-03	3.502161047829152E-02	2.836883170971990E-01	3.188473125307339E-01	2.639949586440334E-01	2.143208750880658E-01	2.610228407976084E-01	2.025020788616982E-01	2.164637902809882E-01	6.607170932160394E-01	6.650089798488477E-01	1.000000000000000E+00	5.906008124765153E-01	9.767959234259350E-01	5.817017161361956E-01	1.454566389295285E-02	1.946465021217518E-02
DCP:CapPR	6.913578160922670E-02	3.989636339720241E-02	6.428431011992597E-02	4.335447091944062E-02	6.271229039169403E-03	3.511001640508816E-02	2.836485734047390E-01	2.639451640172622E-01	3.187233015032759E-01	2.142563627561448E-01	2.024098312649241E-01	2.610188645764542E-01	2.165165696860427E-01	6.607747286363235E-01	6.650627026984037E-01	5.906008124765153E-01	1.000000000000000E+00	5.816852077639610E-01	9.768490916867095E-01	1.949158294575259E-02	1.450446378391218E-02
DCP:QH_D_L	4.630103403704069E-02	8.176885839512782E-02	4.918561413104011E-02	7.567122351343254E-02	6.118875674767822E-03	3.444479838506897E-02	2.799762184655790E-01	3.146740643048748E-01	2.631264842689705E-01	2.397763632125201E-01	3.167192043150380E-01	2.127669930857073E-01	2.113531067454719E-01	6.465518544809153E-01	6.508165464533578E-01	9.767959234259350E-01	5.816852077639610E-01	1.000000000000000E+00	5.741726675145397E-01	2.947556151448327E-02	3.021313397024482E-02
DCP:QH_D_R	8.176627210185151E-02	4.625205301439487E-02	7.572914297549541E-02	4.923673435418911E-02	6.232100080333054E-03	3.453807807744953E-02	2.799486373642329E-01	2.630902728171421E-01	3.145555107409243E-01	2.397801655804242E-01	2.127034659077906E-01	3.167503129432299E-01	2.113975611397974E-01	6.466208945094207E-01	6.508827127917236E-01	5.817017161361956E-01	9.768490916867095E-01	5.741726675145397E-01	1.000000000000000E+00	3.025437944198182E-02	2.943430082759498E-02
G:Gate_L	5.091122815860451E-02	4.788200807535204E-03	8.032675645391237E-02	1.480416438469988E-02	1.818801751295461E-04	2.343471468568616E-04	1.466074499329863E-03	2.234010678578071E-02	2.655817176061803E-02	2.422542715547105E-01	1.680775152339235E-01	1.043743326259553E-01	7.931270236332447E-05	6.061668192210812E-04	6.422102759646632E-04	1.454566389295285E-02	1.949158294575259E-02	2.947556151448327E-02	3.025437944198182E-02	1.000000000000000E+00	1.937498562284460E-01
G:Gate_R	4.732018655650688E-03	5.088675871596576E-02	1.477432818915600E-02	8.027251474528603E-02	1.992960995887827E-04	2.494021932769698E-04	1.511534581159558E-03	2.665011155544209E-02	2.231634834898448E-02	2.427290106127072E-01	1.045860229409031E-01	1.681157526331905E-01	6.414692769143457E-05	6.058985060673489E-04	6.450071783755761E-04	1.946465021217518E-02	1.450446378391218E-02	3.021313397024482E-02	2.943430082759498E-02	1.937498562284460E-01	1.000000000000000E+00

AC Resistance Matrix
	AC:QH_S_L	AC:QH_S_R	AC:QL_D_L	AC:QL_D_R	DCN:CapB1N	DCN:CapB2N	DCN:CapB3N	DCN:CapNL	DCN:CapNR	DCN:DrvGnd	DCN:QL_S_L	DCN:QL_S_R	DCP:CapB1P	DCP:CapB2P	DCP:CapB3P	DCP:CapPL	DCP:CapPR	DCP:QH_D_L	DCP:QH_D_R	G:Gate_L	G:Gate_R	
AC:QH_S_L	6.017186984494190E-03	5.071641618644941E-04	5.484550668368603E-03	3.775847972917024E-04	-1.874044329354274E-07	-4.028463828472701E-06	-9.470210156733088E-05	-7.923792659838244E-05	-1.694246155247577E-04	-9.284098568613313E-04	-1.364697965221343E-03	-2.048868165167501E-03	-4.807527873045039E-06	-9.510780333697087E-05	-1.019126041954881E-04	-3.115367133862656E-04	-3.123083316010746E-04	-3.199581361235031E-04	-4.097422578303811E-04	4.302734519240925E-04	-4.529130752603302E-04
AC:QH_S_R	5.071641618644941E-04	6.013778832282818E-03	3.697101730123005E-04	5.484399402794982E-03	-1.859911468220838E-07	-4.016018965923355E-06	-9.541696546002079E-05	-1.694085562098134E-04	-7.986569982821454E-05	-9.295023516166217E-04	-2.055523261313238E-03	-1.362311661111213E-03	-4.741752593127426E-06	-9.428135440556920E-05	-1.010767618600665E-04	-3.100344544072637E-04	-3.098602079334396E-04	-4.063863221556757E-04	-3.176452743056362E-04	-4.673819961656807E-04	4.299072991156213E-04
AC:QL_D_L	5.484550668368603E-03	3.697101730123005E-04	5.641828274844742E-03	2.607396439851500E-04	-1.628267379702206E-07	-3.328217798163492E-06	-7.462483458264043E-05	-6.159184401009153E-05	-1.361452383295858E-04	-7.069879650312267E-04	-8.424323210251008E-04	-1.788326622167683E-03	-3.974543683898477E-06	-7.478267947644333E-05	-8.031941126178613E-05	-2.559020163861105E-04	-2.259277461864212E-04	-2.627356336802353E-04	-3.062956817153994E-04	5.538155570305929E-04	-4.814278821497127E-04
AC:QL_D_R	3.775847972917024E-04	5.484399402794982E-03	2.607396439851500E-04	5.623171777396347E-03	-1.735119606393290E-07	-3.333740687128633E-06	-7.536369533322691E-05	-1.362108344288985E-04	-6.238013950829662E-05	-7.062957560527846E-04	-1.796045099756891E-03	-8.641833959102086E-04	-3.919401971149093E-06	-7.449693493047577E-05	-8.003046612737886E-05	-2.248032674232247E-04	-2.560425765551695E-04	-3.043503242720836E-04	-2.628388526092622E-04	-4.948087209099074E-04	5.305698596109235E-04
DCN:CapB1N	-1.874044329354274E-07	-1.859911468220838E-07	-1.628267379702206E-07	-1.735119606393290E-07	3.716380381562867E-04	3.197603076071026E-04	2.562759714202304E-04	2.558392817494141E-04	2.558870203986967E-04	2.571538559471980E-04	2.567862250235462E-04	2.568315175928994E-04	2.131465896204227E-05	-1.680557769321307E-05	-1.888541541753267E-05	-1.947543531639900E-05	-1.935456660724944E-05	-1.928447423228165E-05	-1.915612531868433E-05	-6.677085744813474E-08	2.955505335498690E-07
DCN:CapB2N	-4.028463828472701E-06	-4.016018965923355E-06	-3.328217798163492E-06	-3.333740687128633E-06	3.197603076071026E-04	3.685579128036229E-04	3.148272050272057E-04	3.154544385585342E-04	3.155046908408597E-04	3.218331709901541E-04	3.222363634044276E-04	3.222861881306635E-04	2.028594438775944E-05	6.785834931456665E-05	6.678815950679538E-05	7.837770872219282E-05	7.848575864372178E-05	7.936186759561247E-05	7.948295331713596E-05	-5.987015002266650E-08	2.163943328137823E-07
DCN:CapB3N	-9.470210156733088E-05	-9.541696546002079E-05	-7.462483458264043E-05	-7.536369533322691E-05	2.562759714202304E-04	3.148272050272057E-04	2.529544663981887E-03	2.566422721351906E-03	2.564263903209703E-03	2.703167230394638E-03	2.717887335970142E-03	2.716216049771773E-03	3.451466545544273E-05	9.767421973032138E-04	1.109588772147839E-03	2.078700762355120E-03	2.079059693269820E-03	2.111904884038634E-03	2.112426038767898E-03	-2.706455345829356E-06	-4.974111179739770E-06
DCN:CapNL	-7.923792659838244E-05	-1.694085562098134E-04	-6.159184401009153E-05	-1.362108344288985E-04	2.558392817494141E-04	3.154544385585342E-04	2.566422721351906E-03	3.041028747631973E-03	2.622852041838735E-03	3.006988411902028E-03	3.091201586894674E-03	2.958167502287704E-03	3.580156794106717E-05	1.011614891404734E-03	1.147984999778619E-03	2.403932730992243E-03	2.203464518966991E-03	2.445589248584372E-03	2.252237779912620E-03	4.006516033156607E-05	-5.031028722327195E-05
DCN:CapNR	-1.694246155247577E-04	-7.986569982821454E-05	-1.361452383295858E-04	-6.238013950829662E-05	2.558870203986967E-04	3.155046908408597E-04	2.564263903209703E-03	2.622852041838735E-03	3.037885662232691E-03	3.005306520959888E-03	2.957701399029478E-03	3.088789235962027E-03	3.575195409849764E-05	1.010902046879719E-03	1.147246602441036E-03	2.200807471528555E-03	2.402703985829828E-03	2.249382893171306E-03	2.444580937094938E-03	-4.630069554528675E-05	4.105784108231181E-05
DCN:DrvGnd	-9.284098568613313E-04	-9.295023516166217E-04	-7.069879650312267E-04	-7.062957560527846E-04	2.571538559471980E-04	3.218331709901541E-04	2.703167230394638E-03	3.006988411902028E-03	3.005306520959888E-03	8.548100818151182E-03	6.125960794746819E-03	6.126524854643156E-03	4.236738147669508E-05	1.171001093842218E-03	1.319760063286662E-03	3.412730059322102E-03	3.415939064808790E-03	3.704451908990266E-03	3.709540488089457E-03	3.253929793767684E-04	3.048686941868914E-04
DCN:QL_S_L	-1.364697965221343E-03	-2.055523261313238E-03	-8.424323210251008E-04	-1.796045099756891E-03	2.567862250235462E-04	3.222363634044276E-04	2.717887335970142E-03	3.091201586894674E-03	2.957701399029478E-03	6.125960794746819E-03	1.036623159358612E-02	5.268205839295739E-03	4.330357582973648E-05	1.204429494432869E-03	1.354109259574792E-03	3.923453627462936E-03	3.140929838662866E-03	4.354209434968127E-03	3.395703857684599E-03	2.090168678837475E-03	-1.183813931442102E-03
DCN:QL_S_R	-2.048868165167501E-03	-1.362311661111213E-03	-1.788326622167683E-03	-8.641833959102086E-04	2.568315175928994E-04	3.222861881306635E-04	2.716216049771773E-03	2.958167502287704E-03	3.088789235962027E-03	6.126524854643156E-03	5.268205839295739E-03	1.034152268254362E-02	4.336942189066568E-05	1.204907459006279E-03	1.354540775220426E-03	3.137521833502356E-03	3.926052813436112E-03	3.391231635698726E-03	4.359322606162045E-03	-1.172264905069038E-03	2.074033211151286E-03
DCP:CapB1P	-4.807527873045039E-06	-4.741752593127426E-06	-3.974543683898477E-06	-3.919401971149093E-06	2.131465896204227E-05	2.028594438775944E-05	3.451466545544273E-05	3.580156794106717E-05	3.575195409849764E-05	4.236738147669508E-05	4.330357582973648E-05	4.336942189066568E-05	7.555330322342773E-04	6.608454852619556E-04	6.617036412328249E-04	6.709511673268615E-04	6.710416094688817E-04	6.718199304970178E-04	6.719351933784470E-04	-3.394131496734887E-07	3.851834782720610E-07
DCP:CapB2P	-9.510780333697087E-05	-9.428135440556920E-05	-7.478267947644333E-05	-7.449693493047577E-05	-1.680557769321307E-05	6.785834931456665E-05	9.767421973032138E-04	1.011614891404734E-03	1.010902046879719E-03	1.171001093842218E-03	1.204429494432869E-03	1.204907459006279E-03	6.608454852619556E-04	3.371829917100362E-03	3.380465804400486E-03	3.437849226420448E-03	3.439317598344815E-03	3.459314577543201E-03	3.461017680887102E-03	5.714867457361532E-06	6.463982491344698E-06
DCP:CapB3P	-1.019126041954881E-04	-1.010767618600665E-04	-8.031941126178613E-05	-8.003046612737886E-05	-1.888541541753267E-05	6.678815950679538E-05	1.109588772147839E-03	1.147984999778619E-03	1.147246602441036E-03	1.319760063286662E-03	1.354109259574792E-03	1.354540775220426E-03	6.617036412328249E-04	3.380465804400486E-03	3.497301814843966E-03	3.564950235119135E-03	3.566550049530600E-03	3.588273082767231E-03	3.590106591385630E-03	5.572571041115246E-06	6.178785770771347E-06
DCP:CapPL	-3.115367133862656E-04	-3.100344544072637E-04	-2.559020163861105E-04	-2.248032674232247E-04	-1.947543531639900E-05	7.837770872219282E-05	2.078700762355120E-03	2.403932730992243E-03	2.200807471528555E-03	3.412730059322102E-03	3.923453627462936E-03	3.137521833502356E-03	6.709511673268615E-04	3.437849226420448E-03	3.564950235119135E-03	8.807886274122002E-03	4.798031168949914E-03	8.803487059326258E-03	4.895425381286097E-03	3.933774901111240E-04	-3.231946859395068E-04
DCP:CapPR	-3.123083316010746E-04	-3.098602079334396E-04	-2.259277461864212E-04	-2.560425765551695E-04	-1.935456660724944E-05	7.848575864372178E-05	2.079059693269820E-03	2.203464518966991E-03	2.402703985829828E-03	3.415939064808790E-03	3.140929838662866E-03	3.926052813436112E-03	6.710416094688817E-04	3.439317598344815E-03	3.566550049530600E-03	4.798031168949914E-03	8.816264367969647E-03	4.895211063817912E-03	8.810617149505168E-03	-3.305151674349590E-04	3.833633814204452E-04
DCP:QH_D_L	-3.199581361235031E-04	-4.063863221556757E-04	-2.627356336802353E-04	-3.043503242720836E-04	-1.928447423228165E-05	7.936186759561247E-05	2.111904884038634E-03	2.445589248584372E-03	2.249382893171306E-03	3.704451908990266E-03	4.354209434968127E-03	3.391231635698726E-03	6.718199304970178E-04	3.459314577543201E-03	3.588273082767231E-03	8.803487059326258E-03	4.895211063817912E-03	9.371365192166260E-03	5.009201424750787E-03	4.645038671711715E-04	-3.712251403099728E-04
DCP:QH_D_R	-4.097422578303811E-04	-3.176452743056362E-04	-3.062956817153994E-04	-2.628388526092622E-04	-1.915612531868433E-05	7.948295331713596E-05	2.112426038767898E-03	2.252237779912620E-03	2.444580937094938E-03	3.709540488089457E-03	3.395703857684599E-03	4.359322606162045E-03	6.719351933784470E-04	3.461017680887102E-03	3.590106591385630E-03	4.895425381286097E-03	8.810617149505168E-03	5.009201424750787E-03	9.381904079534797E-03	-3.799965582857906E-04	4.558558016928598E-04
G:Gate_L	4.302734519240925E-04	-4.673819961656807E-04	5.538155570305929E-04	-4.948087209099074E-04	-6.677085744813474E-08	-5.987015002266650E-08	-2.706455345829356E-06	4.006516033156607E-05	-4.630069554528675E-05	3.253929793767684E-04	2.090168678837475E-03	-1.172264905069038E-03	-3.394131496734887E-07	5.714867457361532E-06	5.572571041115246E-06	3.933774901111240E-04	-3.305151674349590E-04	4.645038671711715E-04	-3.799965582857906E-04	4.649045494150795E-02	3.847750476197262E-03
G:Gate_R	-4.529130752603302E-04	4.299072991156213E-04	-4.814278821497127E-04	5.305698596109235E-04	2.955505335498690E-07	2.163943328137823E-07	-4.974111179739770E-06	-5.031028722327195E-05	4.105784108231181E-05	3.048686941868914E-04	-1.183813931442102E-03	2.074033211151286E-03	3.851834782720610E-07	6.463982491344698E-06	6.178785770771347E-06	-3.231946859395068E-04	3.833633814204452E-04	-3.712251403099728E-04	4.558558016928598E-04	3.847750476197262E-03	4.700486785238705E-02

AC Resistance Matrix Coupling Coefficient
	AC:QH_S_L	AC:QH_S_R	AC:QL_D_L	AC:QL_D_R	DCN:CapB1N	DCN:CapB2N	DCN:CapB3N	DCN:CapNL	DCN:CapNR	DCN:DrvGnd	DCN:QL_S_L	DCN:QL_S_R	DCP:CapB1P	DCP:CapB2P	DCP:CapB3P	DCP:CapPL	DCP:CapPR	DCP:QH_D_L	DCP:QH_D_R	G:Gate_L	G:Gate_R	
AC:QH_S_L	1.000000000000000E+00	8.430980354159870E-02	9.413136745844612E-01	6.491231097713018E-02	1.253207618898688E-04	2.705140614520431E-03	2.427401896509812E-02	1.852362952143530E-02	3.962725987162880E-02	1.294518231118090E-01	1.727942699406448E-01	2.597317348746007E-01	2.254749653376035E-03	2.111478032853267E-02	2.221593463879269E-02	4.279338401439543E-02	4.287898675100951E-02	4.260837519640721E-02	5.453414497003495E-02	2.572562288531176E-02	2.693064077122939E-02
AC:QH_S_R	8.430980354159870E-02	1.000000000000000E+00	6.347135112465516E-02	9.431150462240847E-01	1.244109100337488E-04	2.697547863119164E-03	2.446418197235198E-02	3.961424218148377E-02	1.868533392075821E-02	1.296408736192977E-01	2.603383908599138E-01	1.727469958946430E-01	2.224530865643761E-03	2.093723159137759E-02	2.203997195467346E-02	4.259909617521354E-02	4.255492011845645E-02	5.413322801153234E-02	4.228858740551347E-02	2.795222316758637E-02	2.556993798380383E-02
AC:QL_D_L	9.413136745844612E-01	6.347135112465516E-02	1.000000000000000E+00	4.629205510130443E-02	1.124490294800256E-04	2.308069793772358E-03	1.975387375391385E-02	1.486972758818204E-02	3.288567897222928E-02	1.018045694549528E-01	1.101576431820064E-01	2.341233155890423E-01	1.925088123931863E-03	1.714582001879239E-02	1.808189855169897E-02	3.630178055927175E-02	3.203445472742488E-02	3.613329906618230E-02	4.210032498177245E-02	3.419584356340157E-02	2.956309435621274E-02
AC:QL_D_R	6.491231097713018E-02	9.431150462240847E-01	4.629205510130443E-02	1.000000000000000E+00	1.200269201866195E-04	2.315731857634309E-03	1.998252356768969E-02	3.293902313874006E-02	1.509280476837785E-02	1.018734710008114E-01	2.352426748440304E-01	1.133242876956443E-01	1.901526591487177E-03	1.710861681948985E-02	1.804671311386639E-02	3.194302892225247E-02	3.636463319288439E-02	4.192582936070983E-02	3.618706772076314E-02	3.060305424194715E-02	3.263476440419983E-02
DCN:CapB1N	1.253207618898688E-04	1.244109100337488E-04	1.124490294800256E-04	1.200269201866195E-04	1.000000000000000E+00	8.639957451437547E-01	2.643179351415215E-01	2.406561058407623E-01	2.408254973303710E-01	1.442773455880873E-01	1.308281468646211E-01	1.310074502332818E-01	4.022458577704397E-02	1.501275982287874E-02	1.656532291912793E-02	1.076443513735996E-02	1.069254456978635E-02	1.033347260243324E-02	1.025893069481081E-02	1.606367747705660E-05	7.071316081795266E-05
DCN:CapB2N	2.705140614520431E-03	2.697547863119164E-03	2.308069793772358E-03	2.315731857634309E-03	8.639957451437547E-01	1.000000000000000E+00	3.260605132705861E-01	2.979706646895347E-01	2.981722610684960E-01	1.813189170812815E-01	1.648584545062070E-01	1.650808055723320E-01	3.844285489556350E-02	6.087200283122818E-02	5.882745349445943E-02	4.350146111172145E-02	4.354072821636263E-02	4.270292054487734E-02	4.274404629537538E-02	1.446357255329525E-05	5.199021277791114E-05
DCN:CapB3N	2.427401896509812E-02	2.446418197235198E-02	1.975387375391385E-02	1.998252356768969E-02	2.643179351415215E-01	3.260605132705861E-01	1.000000000000000E+00	9.253302345396640E-01	9.250300277320601E-01	5.813222155647729E-01	5.307619981050431E-01	5.310689259357234E-01	2.496639077520470E-02	3.344459526597581E-01	3.730562503985219E-01	4.403874661492612E-01	4.402541722772405E-01	4.337622443923991E-01	4.336255282392367E-01	2.495731105688732E-04	4.561659809243284E-04
DCN:CapNL	1.852362952143530E-02	3.961424218148377E-02	1.486972758818204E-02	3.293902313874006E-02	2.406561058407623E-01	2.979706646895347E-01	9.253302345396640E-01	1.000000000000000E+00	8.629344700679519E-01	5.897754270975362E-01	5.505624795859357E-01	5.274973162909069E-01	2.361919305665158E-02	3.159163630884406E-01	3.520135604375603E-01	4.644898182967235E-01	4.255528433125116E-01	4.581121629575590E-01	4.216561918858155E-01	3.369571871800667E-03	4.207994038464102E-03
DCN:CapNR	3.962725987162880E-02	1.868533392075821E-02	3.288567897222928E-02	1.509280476837785E-02	2.408254973303710E-01	2.981722610684960E-01	9.250300277320601E-01	8.629344700679519E-01	1.000000000000000E+00	5.897503995302026E-01	5.270576982411820E-01	5.510745042746653E-01	2.359866002655409E-02	3.158570202468125E-01	3.519690787986799E-01	4.254617190052628E-01	4.642717456238617E-01	4.215763551983275E-01	4.579027107304141E-01	3.896008583883621E-03	3.435887846898834E-03
DCN:DrvGnd	1.294518231118090E-01	1.296408736192977E-01	1.018045694549528E-01	1.018734710008114E-01	1.442773455880873E-01	1.813189170812815E-01	5.813222155647729E-01	5.897754270975362E-01	5.897503995302026E-01	1.000000000000000E+00	6.507721240717537E-01	6.516090950221265E-01	1.667132342849249E-02	2.181170689728682E-01	2.413757341739030E-01	3.933066329514627E-01	3.934893611720946E-01	4.138926481435145E-01	4.142283353365920E-01	1.632267985070247E-02	1.520920783924193E-02
DCN:QL_S_L	1.727942699406448E-01	2.603383908599138E-01	1.101576431820064E-01	2.352426748440304E-01	1.308281468646211E-01	1.648584545062070E-01	5.307619981050431E-01	5.505624795859357E-01	5.270576982411820E-01	6.507721240717537E-01	1.000000000000000E+00	5.088151539195196E-01	1.547342941445507E-02	2.037220785774339E-01	2.248933934385056E-01	4.106030972951782E-01	3.285530320283048E-01	4.417712304274525E-01	3.443292052602067E-01	9.521140718302637E-02	5.362923165803930E-02
DCN:QL_S_R	2.597317348746007E-01	1.727469958946430E-01	2.341233155890423E-01	1.133242876956443E-01	1.310074502332818E-01	1.650808055723320E-01	5.310689259357234E-01	5.274973162909069E-01	5.510745042746653E-01	6.516090950221265E-01	5.088151539195196E-01	1.000000000000000E+00	1.551546015515638E-02	2.040462504659526E-01	2.252336536891021E-01	3.287446266797713E-01	4.111701616968796E-01	3.444798151581554E-01	4.425692860896742E-01	5.346279023439736E-02	9.407019492532012E-02
DCP:CapB1P	2.254749653376035E-03	2.224530865643761E-03	1.925088123931863E-03	1.901526591487177E-03	4.022458577704397E-02	3.844285489556350E-02	2.496639077520470E-02	2.361919305665158E-02	2.359866002655409E-02	1.667132342849249E-02	1.547342941445507E-02	1.551546015515638E-02	1.000000000000000E+00	4.140381593230401E-01	4.070710707531460E-01	2.600928031329183E-01	2.600042337382758E-01	2.524786877148255E-01	2.523801335533546E-01	5.726905772956680E-05	6.463526061346740E-05
DCP:CapB2P	2.111478032853267E-02	2.093723159137759E-02	1.714582001879239E-02	1.710861681948985E-02	1.501275982287874E-02	6.087200283122818E-02	3.344459526597581E-01	3.159163630884406E-01	3.158570202468125E-01	2.181170689728682E-01	2.037220785774339E-01	2.040462504659526E-01	4.140381593230401E-01	1.000000000000000E+00	9.844125928156514E-01	6.308384367466320E-01	6.308079379424106E-01	6.153975969254274E-01	6.153546601094858E-01	4.564481324902201E-04	5.134473580628501E-04
DCP:CapB3P	2.221593463879269E-02	2.203997195467346E-02	1.808189855169897E-02	1.804671311386639E-02	1.656532291912793E-02	5.882745349445943E-02	3.730562503985219E-01	3.520135604375603E-01	3.519690787986799E-01	2.413757341739030E-01	2.248933934385056E-01	2.252336536891021E-01	4.070710707531460E-01	9.844125928156514E-01	1.000000000000000E+00	6.423194393627408E-01	6.423022804196933E-01	6.267834196864219E-01	6.267513704766936E-01	4.370258830982493E-04	4.819091397390576E-04
DCP:CapPL	4.279338401439543E-02	4.259909617521354E-02	3.630178055927175E-02	3.194302892225247E-02	1.076443513735996E-02	4.350146111172145E-02	4.403874661492612E-01	4.644898182967235E-01	4.254617190052628E-01	3.933066329514627E-01	4.106030972951782E-01	3.287446266797713E-01	2.600928031329183E-01	6.308384367466320E-01	6.423194393627408E-01	1.000000000000000E+00	5.444837380844314E-01	9.689858828076697E-01	5.385289957471063E-01	1.943979844496948E-02	1.588389268086193E-02
DCP:CapPR	4.287898675100951E-02	4.255492011845645E-02	3.203445472742488E-02	3.636463319288439E-02	1.069254456978635E-02	4.354072821636263E-02	4.402541722772405E-01	4.255528433125116E-01	4.642717456238617E-01	3.934893611720946E-01	3.285530320283048E-01	4.111701616968796E-01	2.600042337382758E-01	6.308079379424106E-01	6.423022804196933E-01	5.444837380844314E-01	1.000000000000000E+00	5.385520561544106E-01	9.687652087377154E-01	1.632552641000633E-02	1.883201999864560E-02
DCP:QH_D_L	4.260837519640721E-02	5.413322801153234E-02	3.613329906618230E-02	4.192582936070983E-02	1.033347260243324E-02	4.270292054487734E-02	4.337622443923991E-01	4.581121629575590E-01	4.215763551983275E-01	4.138926481435145E-01	4.417712304274525E-01	3.444798151581554E-01	2.524786877148255E-01	6.153975969254274E-01	6.267834196864219E-01	9.689858828076697E-01	5.385520561544106E-01	1.000000000000000E+00	5.342217554893741E-01	2.225389347678485E-02	1.768742172565968E-02
DCP:QH_D_R	5.453414497003495E-02	4.228858740551347E-02	4.210032498177245E-02	3.618706772076314E-02	1.025893069481081E-02	4.274404629537538E-02	4.336255282392367E-01	4.216561918858155E-01	4.579027107304141E-01	4.142283353365920E-01	3.443292052602067E-01	4.425692860896742E-01	2.523801335533546E-01	6.153546601094858E-01	6.267513704766936E-01	5.385289957471063E-01	9.687652087377154E-01	5.342217554893741E-01	1.000000000000000E+00	1.819500883846265E-02	2.170753821329948E-02
G:Gate_L	2.572562288531176E-02	2.795222316758637E-02	3.419584356340157E-02	3.060305424194715E-02	1.606367747705660E-05	1.446357255329525E-05	2.495731105688732E-04	3.369571871800667E-03	3.896008583883621E-03	1.632267985070247E-02	9.521140718302637E-02	5.346279023439736E-02	5.726905772956680E-05	4.564481324902201E-04	4.370258830982493E-04	1.943979844496948E-02	1.632552641000633E-02	2.225389347678485E-02	1.819500883846265E-02	1.000000000000000E+00	8.231018627387827E-02
G:Gate_R	2.693064077122939E-02	2.556993798380383E-02	2.956309435621274E-02	3.263476440419983E-02	7.071316081795266E-05	5.199021277791114E-05	4.561659809243284E-04	4.207994038464102E-03	3.435887846898834E-03	1.520920783924193E-02	5.362923165803930E-02	9.407019492532012E-02	6.463526061346740E-05	5.134473580628501E-04	4.819091397390576E-04	1.588389268086193E-02	1.883201999864560E-02	1.768742172565968E-02	2.170753821329948E-02	8.231018627387827E-02	1.000000000000000E+00

