Design Variation:  h_23='1.2mm' h_34='0.10000000000000001mm' h_diel='0.10000000000000001mm' r_anti='0.34999999999999998mm' t_L1='0.070000000000000007mm' t_L2='0.035000000000000003mm' t_L3='0.035000000000000003mm' t_L4='0.070000000000000007mm' t_pad='0.035000000000000003mm' via_r='0.14999999999999999mm' z_L1='0.13500000000000001mm' z_L3b='-1.2349999999999999mm' z_L3t='-1.2mm' z_L4b='-1.405mm' z_L4t='-1.335mm' z_top='0.20499999999999999mm'
Setup1:LastAdaptive
Problem Type:  C, DC RL, AC RL
C Units:pF, G Units:mSie, R Units:ohm, L Units:nH
Reduce Matrix:  Original
Frequency:  100MHz

Capacitance Matrix
	AC	DCN	DCP	
AC	8.904294662290084E+00	-7.807614324746749E+00	-8.053440429313864E-01
DCN	-7.807614324746749E+00	2.710488357021292E+01	-1.894644789232914E+01
DCP	-8.053440429313864E-01	-1.894644789232914E+01	2.034343958619189E+01

Capacitance Matrix Coupling Coefficient
	AC	DCN	DCP	
AC	1.000000000000000E+00	5.025679828594248E-01	5.983695668729582E-02
DCN	5.025679828594248E-01	1.000000000000000E+00	8.068482008983024E-01
DCP	5.983695668729582E-02	8.068482008983024E-01	1.000000000000000E+00

Spice Capacitance Matrix
	AC	DCN	DCP	
AC	2.913362946119485E-01	7.807614324746749E+00	8.053440429313864E-01
DCN	7.807614324746749E+00	3.508213531370323E-01	1.894644789232914E+01
DCP	8.053440429313864E-01	1.894644789232914E+01	5.916476509313643E-01

Conductance Matrix
	AC	DCN	DCP	
AC	0.000000000000000E+00	0.000000000000000E+00	0.000000000000000E+00
DCN	0.000000000000000E+00	0.000000000000000E+00	0.000000000000000E+00
DCP	0.000000000000000E+00	0.000000000000000E+00	0.000000000000000E+00

Conductance Matrix Coupling Coefficient
	AC	DCN	DCP	
AC	0.000000000000000E+00	0.000000000000000E+00	0.000000000000000E+00
DCN	0.000000000000000E+00	0.000000000000000E+00	0.000000000000000E+00
DCP	0.000000000000000E+00	0.000000000000000E+00	0.000000000000000E+00

Spice Conductance Matrix
	AC	DCN	DCP	
AC	0.000000000000000E+00	-0.000000000000000E+00	-0.000000000000000E+00
DCN	-0.000000000000000E+00	0.000000000000000E+00	-0.000000000000000E+00
DCP	-0.000000000000000E+00	-0.000000000000000E+00	0.000000000000000E+00

DC Inductance Matrix
	AC:QH_S_L	AC:QH_S_R	AC:QL_D_L	AC:QL_D_R	DCN:CapB1N	DCN:CapB2N	DCN:CapB3N	DCN:CapNL	DCN:CapNR	DCN:QL_S_L	DCN:QL_S_R	DCP:CapB1P	DCP:CapB2P	DCP:CapB3P	DCP:CapPL	DCP:CapPR	DCP:QH_D_L	DCP:QH_D_R	
AC:QH_S_L	2.605914602695040E+00	5.512484910316601E-01	2.313605234619694E+00	4.253373016043129E-01	1.474380368407521E-02	-1.388609488380663E-02	-3.304177445825301E-01	-4.016750790548121E-01	-4.274365407206762E-01	-1.110680547629319E+00	-1.656812413994067E+00	-2.308648544654086E-02	-2.786056593178598E-01	-3.151395033743858E-01	-4.908629701518288E-01	-8.220368071619369E-01	-6.149581864351186E-01	-9.139568997325375E-01
AC:QH_S_R	5.512484910316601E-01	2.596326656372368E+00	4.256061665421356E-01	2.303923230727427E+00	1.467084151034236E-02	-1.391350371195367E-02	-3.302140359426033E-01	-4.272311801854721E-01	-4.015813935019553E-01	-1.652628708839308E+00	-1.113226659479616E+00	-2.290659739022321E-02	-2.783353339466160E-01	-3.148386508420687E-01	-8.204626052001956E-01	-4.915314929389233E-01	-9.120451052660880E-01	-6.158179722509992E-01
AC:QL_D_L	2.313605234619694E+00	4.256061665421356E-01	2.210932256582091E+00	3.176320445826725E-01	1.165936127508989E-02	-1.016709387192914E-02	-2.489963046694009E-01	-2.939848313896138E-01	-3.303484156397693E-01	-6.324177324059049E-01	-1.377266459511761E+00	-1.728437402998703E-02	-2.109403122699521E-01	-2.385487540328187E-01	-3.118807542281315E-01	-6.736574801191402E-01	-3.896162360465740E-01	-7.500322805082709E-01
AC:QL_D_R	4.253373016043129E-01	2.303923230727427E+00	3.176320445826725E-01	2.201115552581235E+00	1.158584077377517E-02	-1.019660260447763E-02	-2.488054355076264E-01	-3.301300496386672E-01	-2.939379484812841E-01	-1.373115146326423E+00	-6.351291569666740E-01	-1.710665867332766E-02	-2.106694530328436E-01	-2.382527670618103E-01	-6.720789373566722E-01	-3.125759561262471E-01	-7.481376451280216E-01	-3.904254463225575E-01
DCN:CapB1N	1.474380368407521E-02	1.467084151034236E-02	1.165936127508989E-02	1.158584077377517E-02	9.664246973664435E-02	8.450199521215819E-02	3.676653203477639E-02	3.111988105242419E-02	3.111836705185575E-02	8.567061216764897E-03	8.522969973670105E-03	2.377063758117408E-02	-1.565379745829337E-02	-2.088865605464377E-02	-4.533816156151633E-02	-4.538526915072955E-02	-4.890081144746444E-02	-4.895185692759495E-02
DCN:CapB2N	-1.388609488380663E-02	-1.391350371195367E-02	-1.016709387192914E-02	-1.019660260447763E-02	8.450199521215819E-02	9.509388516654808E-02	1.219579374078231E-01	1.257782627221124E-01	1.257612691078897E-01	1.506503944436030E-01	1.506123606848564E-01	2.924037307107729E-02	7.850646812532440E-02	8.150257143809717E-02	1.008266037719420E-01	1.007857252653461E-01	1.050093397275781E-01	1.049736998353691E-01
DCN:CapB3N	-3.304177445825301E-01	-3.302140359426033E-01	-2.489963046694009E-01	-2.488054355076264E-01	3.676653203477639E-02	1.219579374078231E-01	1.096193286519132E+00	1.231840606450675E+00	1.231611451493041E+00	1.817100714095461E+00	1.816969783848383E+00	8.196445599386569E-02	7.793388834315669E-01	8.945084535422554E-01	1.513432995771808E+00	1.513329278077111E+00	1.612796994658084E+00	1.612817509796476E+00
DCN:CapNL	-4.016750790548121E-01	-4.272311801854721E-01	-2.939848313896138E-01	-3.301300496386672E-01	3.111988105242419E-02	1.257782627221124E-01	1.231840606450675E+00	1.496061190539316E+00	1.381404518337439E+00	2.245878492838671E+00	2.115997857811627E+00	8.899081224762928E-02	8.731847448143684E-01	1.002960718522590E+00	1.856612320407304E+00	1.695723003254523E+00	2.002689875993570E+00	1.810997074132695E+00
DCN:CapNR	-4.274365407206762E-01	-4.015813935019553E-01	-3.303484156397693E-01	-2.939379484812841E-01	3.111836705185575E-02	1.257612691078897E-01	1.231611451493041E+00	1.381404518337439E+00	1.495303190171364E+00	2.115659738586384E+00	2.244948883622718E+00	8.898838629336819E-02	8.730738959915190E-01	1.002813820296713E+00	1.695630131655109E+00	1.855994811360655E+00	1.810741398030507E+00	2.002216323782195E+00
DCN:QL_S_L	-1.110680547629319E+00	-1.652628708839308E+00	-6.324177324059049E-01	-1.373115146326423E+00	8.567061216764897E-03	1.506503944436030E-01	1.817100714095461E+00	2.245878492838671E+00	2.115659738586384E+00	5.408259515799005E+00	3.913619204150175E+00	1.286837749453732E-01	1.345165982349029E+00	1.538508972907941E+00	3.209211629054951E+00	2.743405358280953E+00	3.653404045817158E+00	3.034570645276693E+00
DCN:QL_S_R	-1.656812413994067E+00	-1.113226659479616E+00	-1.377266459511761E+00	-6.351291569666740E-01	8.522969973670105E-03	1.506123606848564E-01	1.816969783848383E+00	2.115997857811627E+00	2.244948883622718E+00	3.913619204150175E+00	5.406809465680687E+00	1.287855350068996E-01	1.345200220260879E+00	1.538507397518709E+00	2.743613673630818E+00	3.208668933037275E+00	3.034521990144259E+00	3.653321047087825E+00
DCP:CapB1P	-2.308648544654086E-02	-2.290659739022321E-02	-1.728437402998703E-02	-1.710665867332766E-02	2.377063758117408E-02	2.924037307107729E-02	8.196445599386569E-02	8.899081224762928E-02	8.898838629336819E-02	1.286837749453732E-01	1.287855350068996E-01	1.775791671129418E-01	2.245048003189746E-01	2.296545413952550E-01	2.637048077873211E-01	2.638202668283456E-01	2.701290082965284E-01	2.702546671494630E-01
DCP:CapB2P	-2.786056593178598E-01	-2.783353339466160E-01	-2.109403122699521E-01	-2.106694530328436E-01	-1.565379745829337E-02	7.850646812532440E-02	7.793388834315669E-01	8.731847448143684E-01	8.730738959915190E-01	1.345165982349029E+00	1.345200220260879E+00	2.245048003189746E-01	1.334042109353325E+00	1.408216077232391E+00	1.828863013597466E+00	1.829050152383426E+00	1.905937331033783E+00	1.906249789291442E+00
DCP:CapB3P	-3.151395033743858E-01	-3.148386508420687E-01	-2.385487540328187E-01	-2.382527670618103E-01	-2.088865605464377E-02	8.150257143809717E-02	8.945084535422554E-01	1.002960718522590E+00	1.002813820296713E+00	1.538508972907941E+00	1.538507397518709E+00	2.296545413952550E-01	1.408216077232391E+00	1.506622850583891E+00	1.991131370578257E+00	1.991265183239827E+00	2.079025571877880E+00	2.079291900026490E+00
DCP:CapPL	-4.908629701518288E-01	-8.204626052001956E-01	-3.118807542281315E-01	-6.720789373566722E-01	-4.533816156151633E-02	1.008266037719420E-01	1.513432995771808E+00	1.856612320407304E+00	1.695630131655109E+00	3.209211629054951E+00	2.743613673630818E+00	2.637048077873211E-01	1.828863013597466E+00	1.991131370578257E+00	3.954834999415319E+00	2.897643292231921E+00	4.179486664257440E+00	3.064794891369001E+00
DCP:CapPR	-8.220368071619369E-01	-4.915314929389233E-01	-6.736574801191402E-01	-3.125759561262471E-01	-4.538526915072955E-02	1.007857252653461E-01	1.513329278077111E+00	1.695723003254523E+00	1.855994811360655E+00	2.743405358280953E+00	3.208668933037275E+00	2.638202668283456E-01	1.829050152383426E+00	1.991265183239827E+00	2.897643292231921E+00	3.954684795103652E+00	3.064591328609770E+00	4.179640905292333E+00
DCP:QH_D_L	-6.149581864351186E-01	-9.120451052660880E-01	-3.896162360465740E-01	-7.481376451280216E-01	-4.890081144746444E-02	1.050093397275781E-01	1.612796994658084E+00	2.002689875993570E+00	1.810741398030507E+00	3.653404045817158E+00	3.034521990144259E+00	2.701290082965284E-01	1.905937331033783E+00	2.079025571877880E+00	4.179486664257440E+00	3.064591328609770E+00	4.561756373837031E+00	3.246293198229581E+00
DCP:QH_D_R	-9.139568997325375E-01	-6.158179722509992E-01	-7.500322805082709E-01	-3.904254463225575E-01	-4.895185692759495E-02	1.049736998353691E-01	1.612817509796476E+00	1.810997074132695E+00	2.002216323782195E+00	3.034570645276693E+00	3.653321047087825E+00	2.702546671494630E-01	1.906249789291442E+00	2.079291900026490E+00	3.064794891369001E+00	4.179640905292333E+00	3.246293198229581E+00	4.562664350248831E+00

DC Inductance Matrix Coupling Coefficient
	AC:QH_S_L	AC:QH_S_R	AC:QL_D_L	AC:QL_D_R	DCN:CapB1N	DCN:CapB2N	DCN:CapB3N	DCN:CapNL	DCN:CapNR	DCN:QL_S_L	DCN:QL_S_R	DCP:CapB1P	DCP:CapB2P	DCP:CapB3P	DCP:CapPL	DCP:CapPR	DCP:QH_D_L	DCP:QH_D_R	
AC:QH_S_L	1.000000000000000E+00	2.119276672584791E-01	9.638766298628205E-01	1.775955013582213E-01	2.937957031370044E-02	2.789483154181824E-02	1.954968227916275E-01	2.034323985152486E-01	2.165344128736414E-01	2.958559544728452E-01	4.413902314786968E-01	3.393764686438848E-02	1.494256229387224E-01	1.590451688456995E-01	1.529029965559320E-01	2.560679572291756E-01	1.783608173062496E-01	2.650552222795228E-01
AC:QH_S_R	2.119276672584791E-01	1.000000000000000E+00	1.776399031321676E-01	9.637556042185863E-01	2.928811015551873E-02	2.800145163859095E-02	1.957367144432857E-01	2.167747011790399E-01	2.038117820735259E-01	4.410287132601854E-01	2.971210351136706E-01	3.373532583584603E-02	1.495560227256941E-01	1.591864514159234E-01	2.560441991864595E-01	1.533966042000771E-01	2.650150921984462E-01	1.789218716566209E-01
AC:QL_D_L	9.638766298628205E-01	1.776399031321676E-01	1.000000000000000E+00	1.439843104818928E-01	2.522336540982222E-02	2.217342696635579E-02	1.599416657919226E-01	1.616450933685071E-01	1.816853376654461E-01	1.828889889913349E-01	3.983453212953722E-01	2.758480577702098E-02	1.228250918095925E-01	1.307034826160327E-01	1.054718766421595E-01	2.278219062587679E-01	1.226826885224955E-01	2.361472958037000E-01
AC:QL_D_R	1.775955013582213E-01	9.637556042185863E-01	1.439843104818928E-01	1.000000000000000E+00	2.512014398648427E-02	2.228731631310200E-02	1.601750520168957E-01	1.819235648112686E-01	1.620203655070827E-01	3.979759012900778E-01	1.841069131777746E-01	2.736199514361258E-02	1.229406138555838E-01	1.308320833288843E-01	2.277900129851277E-01	1.059444498296997E-01	2.360989433058422E-01	1.231990711650949E-01
DCN:CapB1N	2.937957031370044E-02	2.928811015551873E-02	2.522336540982222E-02	2.512014398648427E-02	1.000000000000000E+00	8.814682172110104E-01	1.129601052718614E-01	8.184256647974879E-02	8.185932500512404E-02	1.185002041839954E-02	1.179061383735353E-02	1.814516046825198E-01	4.359643036175918E-02	5.474244793961683E-02	7.333574551553373E-02	7.341333748934027E-02	7.364885714161348E-02	7.371839992966184E-02
DCN:CapB2N	2.789483154181824E-02	2.800145163859095E-02	2.217342696635579E-02	2.228731631310200E-02	8.814682172110104E-01	1.000000000000000E+00	3.777375908830456E-01	3.334683477259505E-01	3.335077924809168E-01	2.100705709911546E-01	2.100456961661792E-01	2.250145524725366E-01	2.204166384573840E-01	2.153241494812398E-01	1.644124339293485E-01	1.643488965906107E-01	1.594357056675122E-01	1.593657342446252E-01
DCN:CapB3N	1.954968227916275E-01	1.957367144432857E-01	1.599416657919226E-01	1.601750520168957E-01	1.129601052718614E-01	3.777375908830456E-01	1.000000000000000E+00	9.619140508621611E-01	9.619788402950100E-01	7.462883610719837E-01	7.463346471251772E-01	1.857744500904847E-01	6.444630269322255E-01	6.960470629269460E-01	7.268678243896598E-01	7.268318137515914E-01	7.212238713474334E-01	7.211612787272114E-01
DCN:CapNL	2.034323985152486E-01	2.167747011790399E-01	1.616450933685071E-01	1.819235648112686E-01	8.184256647974879E-02	3.334683477259505E-01	9.619140508621611E-01	1.000000000000000E+00	9.235949799997220E-01	7.895557782105038E-01	7.439949924238516E-01	1.726531414732685E-01	6.180828480037742E-01	6.680469268382145E-01	7.632773325964888E-01	6.971468927873998E-01	7.666073522641674E-01	6.931605050670209E-01
DCN:CapNR	2.165344128736414E-01	2.038117820735259E-01	1.816853376654461E-01	1.620203655070827E-01	8.185932500512404E-02	3.335077924809168E-01	9.619788402950100E-01	9.235949799997220E-01	1.000000000000000E+00	7.439648722141097E-01	7.895348311679129E-01	1.726921888247015E-01	6.181610035967198E-01	6.681183588311357E-01	6.972721368850923E-01	7.632313322622146E-01	6.933072745195719E-01	7.665440327893784E-01
DCN:QL_S_L	2.958559544728452E-01	4.410287132601854E-01	1.828889889913349E-01	3.979759012900778E-01	1.185002041839954E-02	2.100705709911546E-01	7.462883610719837E-01	7.895557782105038E-01	7.439648722141097E-01	1.000000000000000E+00	7.237344941634384E-01	1.313103695452654E-01	5.007977226093405E-01	5.389754663295334E-01	6.939136191080932E-01	5.932056569799598E-01	7.355342494936196E-01	6.108846748136794E-01
DCN:QL_S_R	4.413902314786968E-01	2.971210351136706E-01	3.983453212953722E-01	1.841069131777746E-01	1.179061383735353E-02	2.100456961661792E-01	7.463346471251772E-01	7.439949924238516E-01	7.895348311679129E-01	7.237344941634384E-01	1.000000000000000E+00	1.314318274362090E-01	5.008776207711826E-01	5.390471833248084E-01	5.933189800205354E-01	6.939024798954282E-01	6.110175894719194E-01	7.355429640050102E-01
DCP:CapB1P	3.393764686438848E-02	3.373532583584603E-02	2.758480577702098E-02	2.736199514361258E-02	1.814516046825198E-01	2.250145524725366E-01	1.857744500904847E-01	1.726531414732685E-01	1.726921888247015E-01	1.313103695452654E-01	1.314318274362090E-01	1.000000000000000E+00	4.612590018662834E-01	4.439936466677517E-01	3.146718228741326E-01	3.148155754202836E-01	3.001298374874828E-01	3.002395736516493E-01
DCP:CapB2P	1.494256229387224E-01	1.495560227256941E-01	1.228250918095925E-01	1.229406138555838E-01	4.359643036175918E-02	2.204166384573840E-01	6.444630269322255E-01	6.180828480037742E-01	6.181610035967198E-01	5.007977226093405E-01	5.008776207711826E-01	4.612590018662834E-01	1.000000000000000E+00	9.933041593641077E-01	7.962184251504846E-01	7.963150204988924E-01	7.726055144198796E-01	7.726552837161172E-01
DCP:CapB3P	1.590451688456995E-01	1.591864514159234E-01	1.307034826160327E-01	1.308320833288843E-01	5.474244793961683E-02	2.153241494812398E-01	6.960470629269460E-01	6.680469268382145E-01	6.681183588311357E-01	5.389754663295334E-01	5.390471833248084E-01	4.439936466677517E-01	9.933041593641077E-01	1.000000000000000E+00	8.157056215948927E-01	8.157759322484095E-01	7.930334613866569E-01	7.930561294663976E-01
DCP:CapPL	1.529029965559320E-01	2.560441991864595E-01	1.054718766421595E-01	2.277900129851277E-01	7.333574551553373E-02	1.644124339293485E-01	7.268678243896598E-01	7.632773325964888E-01	6.972721368850923E-01	6.939136191080932E-01	5.933189800205354E-01	3.146718228741326E-01	7.962184251504846E-01	8.157056215948927E-01	1.000000000000000E+00	7.326976524573291E-01	9.839946011683526E-01	7.214861024226629E-01
DCP:CapPR	2.560679572291756E-01	1.533966042000771E-01	2.278219062587679E-01	1.059444498296997E-01	7.341333748934027E-02	1.643488965906107E-01	7.268318137515914E-01	6.971468927873998E-01	7.632313322622146E-01	5.932056569799598E-01	6.939024798954282E-01	3.148155754202836E-01	7.963150204988924E-01	8.157759322484095E-01	7.326976524573291E-01	1.000000000000000E+00	7.215236776723808E-01	9.839516835645307E-01
DCP:QH_D_L	1.783608173062496E-01	2.650150921984462E-01	1.226826885224955E-01	2.360989433058422E-01	7.364885714161348E-02	1.594357056675122E-01	7.212238713474334E-01	7.666073522641674E-01	6.933072745195719E-01	7.355342494936196E-01	6.110175894719194E-01	3.001298374874828E-01	7.726055144198796E-01	7.930334613866569E-01	9.839946011683526E-01	7.215236776723808E-01	1.000000000000000E+00	7.115614924974405E-01
DCP:QH_D_R	2.650552222795228E-01	1.789218716566209E-01	2.361472958037000E-01	1.231990711650949E-01	7.371839992966184E-02	1.593657342446252E-01	7.211612787272114E-01	6.931605050670209E-01	7.665440327893784E-01	6.108846748136794E-01	7.355429640050102E-01	3.002395736516493E-01	7.726552837161172E-01	7.930561294663976E-01	7.214861024226629E-01	9.839516835645307E-01	7.115614924974405E-01	1.000000000000000E+00

DC Resistance Matrix
	AC:QH_S_L	AC:QH_S_R	AC:QL_D_L	AC:QL_D_R	DCN:CapB1N	DCN:CapB2N	DCN:CapB3N	DCN:CapNL	DCN:CapNR	DCN:QL_S_L	DCN:QL_S_R	DCP:CapB1P	DCP:CapB2P	DCP:CapB3P	DCP:CapPL	DCP:CapPR	DCP:QH_D_L	DCP:QH_D_R	
AC:QH_S_L	2.502150569958384E-04	4.041030526772377E-05	2.245638621538131E-04	4.040809758616010E-05	0.000000000000000E+00	0.000000000000000E+00	0.000000000000000E+00	0.000000000000000E+00	0.000000000000000E+00	0.000000000000000E+00	0.000000000000000E+00	0.000000000000000E+00	0.000000000000000E+00	0.000000000000000E+00	0.000000000000000E+00	0.000000000000000E+00	0.000000000000000E+00	0.000000000000000E+00
AC:QH_S_R	4.041030526772377E-05	2.495515958844291E-04	4.040841557885311E-05	2.238774741848709E-04	0.000000000000000E+00	0.000000000000000E+00	0.000000000000000E+00	0.000000000000000E+00	0.000000000000000E+00	0.000000000000000E+00	0.000000000000000E+00	0.000000000000000E+00	0.000000000000000E+00	0.000000000000000E+00	0.000000000000000E+00	0.000000000000000E+00	0.000000000000000E+00	0.000000000000000E+00
AC:QL_D_L	2.245638621538131E-04	4.040841557885311E-05	2.502528468021024E-04	4.040620800357001E-05	0.000000000000000E+00	0.000000000000000E+00	0.000000000000000E+00	0.000000000000000E+00	0.000000000000000E+00	0.000000000000000E+00	0.000000000000000E+00	0.000000000000000E+00	0.000000000000000E+00	0.000000000000000E+00	0.000000000000000E+00	0.000000000000000E+00	0.000000000000000E+00	0.000000000000000E+00
AC:QL_D_R	4.040809758616010E-05	2.238774741848709E-04	4.040620800357001E-05	2.495912332438519E-04	0.000000000000000E+00	0.000000000000000E+00	0.000000000000000E+00	0.000000000000000E+00	0.000000000000000E+00	0.000000000000000E+00	0.000000000000000E+00	0.000000000000000E+00	0.000000000000000E+00	0.000000000000000E+00	0.000000000000000E+00	0.000000000000000E+00	0.000000000000000E+00	0.000000000000000E+00
DCN:CapB1N	0.000000000000000E+00	0.000000000000000E+00	0.000000000000000E+00	0.000000000000000E+00	3.442983704513813E-05	3.046885596725115E-05	2.484924770435812E-05	2.479863878514106E-05	2.479881633356181E-05	2.471366302359699E-05	2.471366364192326E-05	0.000000000000000E+00	0.000000000000000E+00	0.000000000000000E+00	0.000000000000000E+00	0.000000000000000E+00	0.000000000000000E+00	0.000000000000000E+00
DCN:CapB2N	0.000000000000000E+00	0.000000000000000E+00	0.000000000000000E+00	0.000000000000000E+00	3.046885596725115E-05	3.440407738012716E-05	2.489838832321013E-05	2.484774463546870E-05	2.484776728928516E-05	2.476256728100367E-05	2.476248115763871E-05	0.000000000000000E+00	0.000000000000000E+00	0.000000000000000E+00	0.000000000000000E+00	0.000000000000000E+00	0.000000000000000E+00	0.000000000000000E+00
DCN:CapB3N	0.000000000000000E+00	0.000000000000000E+00	0.000000000000000E+00	0.000000000000000E+00	2.484924770435812E-05	2.489838832321013E-05	1.820904912348222E-04	1.757383990404213E-04	1.757632023532127E-04	1.710217316184753E-04	1.710190050805124E-04	0.000000000000000E+00	0.000000000000000E+00	0.000000000000000E+00	0.000000000000000E+00	0.000000000000000E+00	0.000000000000000E+00	0.000000000000000E+00
DCN:CapNL	0.000000000000000E+00	0.000000000000000E+00	0.000000000000000E+00	0.000000000000000E+00	2.479863878514106E-05	2.484774463546870E-05	1.757383990404213E-04	2.013868317740022E-04	1.703083853265837E-04	1.728636709205466E-04	1.692375568027762E-04	0.000000000000000E+00	0.000000000000000E+00	0.000000000000000E+00	0.000000000000000E+00	0.000000000000000E+00	0.000000000000000E+00	0.000000000000000E+00
DCN:CapNR	0.000000000000000E+00	0.000000000000000E+00	0.000000000000000E+00	0.000000000000000E+00	2.479881633356181E-05	2.484776728928516E-05	1.757632023532127E-04	1.703083853265837E-04	2.014134039222378E-04	1.692468847368951E-04	1.728541038020815E-04	0.000000000000000E+00	0.000000000000000E+00	0.000000000000000E+00	0.000000000000000E+00	0.000000000000000E+00	0.000000000000000E+00	0.000000000000000E+00
DCN:QL_S_L	0.000000000000000E+00	0.000000000000000E+00	0.000000000000000E+00	0.000000000000000E+00	2.471366302359699E-05	2.476256728100367E-05	1.710217316184753E-04	1.728636709205466E-04	1.692468847368951E-04	5.765165998821727E-04	2.625395758844496E-04	0.000000000000000E+00	0.000000000000000E+00	0.000000000000000E+00	0.000000000000000E+00	0.000000000000000E+00	0.000000000000000E+00	0.000000000000000E+00
DCN:QL_S_R	0.000000000000000E+00	0.000000000000000E+00	0.000000000000000E+00	0.000000000000000E+00	2.471366364192326E-05	2.476248115763871E-05	1.710190050805124E-04	1.692375568027762E-04	1.728541038020815E-04	2.625395758844496E-04	5.767151464090541E-04	0.000000000000000E+00	0.000000000000000E+00	0.000000000000000E+00	0.000000000000000E+00	0.000000000000000E+00	0.000000000000000E+00	0.000000000000000E+00
DCP:CapB1P	0.000000000000000E+00	0.000000000000000E+00	0.000000000000000E+00	0.000000000000000E+00	0.000000000000000E+00	0.000000000000000E+00	0.000000000000000E+00	0.000000000000000E+00	0.000000000000000E+00	0.000000000000000E+00	0.000000000000000E+00	6.358259282667049E-05	4.742307192991293E-05	4.742313236584688E-05	4.723305131011132E-05	4.723381489275060E-05	4.723335735187160E-05	4.723416875678212E-05
DCP:CapB2P	0.000000000000000E+00	0.000000000000000E+00	0.000000000000000E+00	0.000000000000000E+00	0.000000000000000E+00	0.000000000000000E+00	0.000000000000000E+00	0.000000000000000E+00	0.000000000000000E+00	0.000000000000000E+00	0.000000000000000E+00	4.742307192991293E-05	2.090557371784978E-04	2.050617847171419E-04	1.875522843621497E-04	1.875590599464622E-04	1.875545459097324E-04	1.875614509654295E-04
DCP:CapB3P	0.000000000000000E+00	0.000000000000000E+00	0.000000000000000E+00	0.000000000000000E+00	0.000000000000000E+00	0.000000000000000E+00	0.000000000000000E+00	0.000000000000000E+00	0.000000000000000E+00	0.000000000000000E+00	0.000000000000000E+00	4.742313236584688E-05	2.050617847171419E-04	2.090597877636141E-04	1.875522332939794E-04	1.875592390776840E-04	1.875544937114241E-04	1.875616327965571E-04
DCP:CapPL	0.000000000000000E+00	0.000000000000000E+00	0.000000000000000E+00	0.000000000000000E+00	0.000000000000000E+00	0.000000000000000E+00	0.000000000000000E+00	0.000000000000000E+00	0.000000000000000E+00	0.000000000000000E+00	0.000000000000000E+00	4.723305131011132E-05	1.875522843621497E-04	1.875522332939794E-04	4.787135262407743E-04	2.170948401775688E-04	4.620047817766633E-04	2.169378973265302E-04
DCP:CapPR	0.000000000000000E+00	0.000000000000000E+00	0.000000000000000E+00	0.000000000000000E+00	0.000000000000000E+00	0.000000000000000E+00	0.000000000000000E+00	0.000000000000000E+00	0.000000000000000E+00	0.000000000000000E+00	0.000000000000000E+00	4.723381489275060E-05	1.875590599464622E-04	1.875592390776840E-04	2.170948401775688E-04	4.787083714575499E-04	2.169409787150727E-04	4.619865862535873E-04
DCP:QH_D_L	0.000000000000000E+00	0.000000000000000E+00	0.000000000000000E+00	0.000000000000000E+00	0.000000000000000E+00	0.000000000000000E+00	0.000000000000000E+00	0.000000000000000E+00	0.000000000000000E+00	0.000000000000000E+00	0.000000000000000E+00	4.723335735187160E-05	1.875545459097324E-04	1.875544937114241E-04	4.620047817766633E-04	2.169409787150727E-04	4.885642456443720E-04	2.167846447536354E-04
DCP:QH_D_R	0.000000000000000E+00	0.000000000000000E+00	0.000000000000000E+00	0.000000000000000E+00	0.000000000000000E+00	0.000000000000000E+00	0.000000000000000E+00	0.000000000000000E+00	0.000000000000000E+00	0.000000000000000E+00	0.000000000000000E+00	4.723416875678212E-05	1.875614509654295E-04	1.875616327965571E-04	2.169378973265302E-04	4.619865862535873E-04	2.167846447536354E-04	4.886095777750848E-04

DC Resistance Matrix Coupling Coefficient
	AC:QH_S_L	AC:QH_S_R	AC:QL_D_L	AC:QL_D_R	DCN:CapB1N	DCN:CapB2N	DCN:CapB3N	DCN:CapNL	DCN:CapNR	DCN:QL_S_L	DCN:QL_S_R	DCP:CapB1P	DCP:CapB2P	DCP:CapB3P	DCP:CapPL	DCP:CapPR	DCP:QH_D_L	DCP:QH_D_R	
AC:QH_S_L	1.000000000000000E+00	1.617168358223772E-01	8.974156428008038E-01	1.616951601041861E-01	0.000000000000000E+00	0.000000000000000E+00	0.000000000000000E+00	0.000000000000000E+00	0.000000000000000E+00	0.000000000000000E+00	0.000000000000000E+00	0.000000000000000E+00	0.000000000000000E+00	0.000000000000000E+00	0.000000000000000E+00	0.000000000000000E+00	0.000000000000000E+00	0.000000000000000E+00
AC:QH_S_R	1.617168358223772E-01	1.000000000000000E+00	1.616970634943629E-01	8.970477459598200E-01	0.000000000000000E+00	0.000000000000000E+00	0.000000000000000E+00	0.000000000000000E+00	0.000000000000000E+00	0.000000000000000E+00	0.000000000000000E+00	0.000000000000000E+00	0.000000000000000E+00	0.000000000000000E+00	0.000000000000000E+00	0.000000000000000E+00	0.000000000000000E+00	0.000000000000000E+00
AC:QL_D_L	8.974156428008038E-01	1.616970634943629E-01	1.000000000000000E+00	1.616753904385348E-01	0.000000000000000E+00	0.000000000000000E+00	0.000000000000000E+00	0.000000000000000E+00	0.000000000000000E+00	0.000000000000000E+00	0.000000000000000E+00	0.000000000000000E+00	0.000000000000000E+00	0.000000000000000E+00	0.000000000000000E+00	0.000000000000000E+00	0.000000000000000E+00	0.000000000000000E+00
AC:QL_D_R	1.616951601041861E-01	8.970477459598200E-01	1.616753904385348E-01	1.000000000000000E+00	0.000000000000000E+00	0.000000000000000E+00	0.000000000000000E+00	0.000000000000000E+00	0.000000000000000E+00	0.000000000000000E+00	0.000000000000000E+00	0.000000000000000E+00	0.000000000000000E+00	0.000000000000000E+00	0.000000000000000E+00	0.000000000000000E+00	0.000000000000000E+00	0.000000000000000E+00
DCN:CapB1N	0.000000000000000E+00	0.000000000000000E+00	0.000000000000000E+00	0.000000000000000E+00	1.000000000000000E+00	8.852862242456471E-01	3.138355433298027E-01	2.978138042870888E-01	2.977962906777719E-01	1.754137886691190E-01	1.753835954831866E-01	0.000000000000000E+00	0.000000000000000E+00	0.000000000000000E+00	0.000000000000000E+00	0.000000000000000E+00	0.000000000000000E+00	0.000000000000000E+00
DCN:CapB2N	0.000000000000000E+00	0.000000000000000E+00	0.000000000000000E+00	0.000000000000000E+00	8.852862242456471E-01	1.000000000000000E+00	3.145738693979251E-01	2.985152224442731E-01	2.984958026167546E-01	1.758266907708178E-01	1.757958107015828E-01	0.000000000000000E+00	0.000000000000000E+00	0.000000000000000E+00	0.000000000000000E+00	0.000000000000000E+00	0.000000000000000E+00	0.000000000000000E+00
DCN:CapB3N	0.000000000000000E+00	0.000000000000000E+00	0.000000000000000E+00	0.000000000000000E+00	3.138355433298027E-01	3.145738693979251E-01	1.000000000000000E+00	9.177142960095540E-01	9.177832732605384E-01	5.278393426279678E-01	5.277400611094446E-01	0.000000000000000E+00	0.000000000000000E+00	0.000000000000000E+00	0.000000000000000E+00	0.000000000000000E+00	0.000000000000000E+00	0.000000000000000E+00
DCN:CapNL	0.000000000000000E+00	0.000000000000000E+00	0.000000000000000E+00	0.000000000000000E+00	2.978138042870888E-01	2.985152224442731E-01	9.177142960095540E-01	1.000000000000000E+00	8.456220756811822E-01	5.073203557030311E-01	4.965929314033902E-01	0.000000000000000E+00	0.000000000000000E+00	0.000000000000000E+00	0.000000000000000E+00	0.000000000000000E+00	0.000000000000000E+00	0.000000000000000E+00
DCN:CapNR	0.000000000000000E+00	0.000000000000000E+00	0.000000000000000E+00	0.000000000000000E+00	2.977962906777719E-01	2.984958026167546E-01	9.177832732605384E-01	8.456220756811822E-01	1.000000000000000E+00	4.966730445931581E-01	5.071714890217854E-01	0.000000000000000E+00	0.000000000000000E+00	0.000000000000000E+00	0.000000000000000E+00	0.000000000000000E+00	0.000000000000000E+00	0.000000000000000E+00
DCN:QL_S_L	0.000000000000000E+00	0.000000000000000E+00	0.000000000000000E+00	0.000000000000000E+00	1.754137886691190E-01	1.758266907708178E-01	5.278393426279678E-01	5.073203557030311E-01	4.966730445931581E-01	1.000000000000000E+00	4.553110519541754E-01	0.000000000000000E+00	0.000000000000000E+00	0.000000000000000E+00	0.000000000000000E+00	0.000000000000000E+00	0.000000000000000E+00	0.000000000000000E+00
DCN:QL_S_R	0.000000000000000E+00	0.000000000000000E+00	0.000000000000000E+00	0.000000000000000E+00	1.753835954831866E-01	1.757958107015828E-01	5.277400611094446E-01	4.965929314033902E-01	5.071714890217854E-01	4.553110519541754E-01	1.000000000000000E+00	0.000000000000000E+00	0.000000000000000E+00	0.000000000000000E+00	0.000000000000000E+00	0.000000000000000E+00	0.000000000000000E+00	0.000000000000000E+00
DCP:CapB1P	0.000000000000000E+00	0.000000000000000E+00	0.000000000000000E+00	0.000000000000000E+00	0.000000000000000E+00	0.000000000000000E+00	0.000000000000000E+00	0.000000000000000E+00	0.000000000000000E+00	0.000000000000000E+00	0.000000000000000E+00	1.000000000000000E+00	4.113291808230775E-01	4.113257201940271E-01	2.707316536723230E-01	2.707374880489267E-01	2.679901667016026E-01	2.679823381351417E-01
DCP:CapB2P	0.000000000000000E+00	0.000000000000000E+00	0.000000000000000E+00	0.000000000000000E+00	0.000000000000000E+00	0.000000000000000E+00	0.000000000000000E+00	0.000000000000000E+00	0.000000000000000E+00	0.000000000000000E+00	0.000000000000000E+00	4.113291808230775E-01	1.000000000000000E+00	9.808857719653219E-01	5.928617935125452E-01	5.928864035670092E-01	5.868616214017309E-01	5.868560019436549E-01
DCP:CapB3P	0.000000000000000E+00	0.000000000000000E+00	0.000000000000000E+00	0.000000000000000E+00	0.000000000000000E+00	0.000000000000000E+00	0.000000000000000E+00	0.000000000000000E+00	0.000000000000000E+00	0.000000000000000E+00	0.000000000000000E+00	4.113257201940271E-01	9.808857719653219E-01	1.000000000000000E+00	5.928558886353742E-01	5.928812261187759E-01	5.868557727517465E-01	5.868508855970288E-01
DCP:CapPL	0.000000000000000E+00	0.000000000000000E+00	0.000000000000000E+00	0.000000000000000E+00	0.000000000000000E+00	0.000000000000000E+00	0.000000000000000E+00	0.000000000000000E+00	0.000000000000000E+00	0.000000000000000E+00	0.000000000000000E+00	2.707316536723230E-01	5.928617935125452E-01	5.928558886353742E-01	1.000000000000000E+00	4.534987986019934E-01	9.553176037666883E-01	4.485559161739710E-01
DCP:CapPR	0.000000000000000E+00	0.000000000000000E+00	0.000000000000000E+00	0.000000000000000E+00	0.000000000000000E+00	0.000000000000000E+00	0.000000000000000E+00	0.000000000000000E+00	0.000000000000000E+00	0.000000000000000E+00	0.000000000000000E+00	2.707374880489267E-01	5.928864035670092E-01	5.928812261187759E-01	4.534987986019934E-01	1.000000000000000E+00	4.485855124199612E-01	9.552408072918079E-01
DCP:QH_D_L	0.000000000000000E+00	0.000000000000000E+00	0.000000000000000E+00	0.000000000000000E+00	0.000000000000000E+00	0.000000000000000E+00	0.000000000000000E+00	0.000000000000000E+00	0.000000000000000E+00	0.000000000000000E+00	0.000000000000000E+00	2.679901667016026E-01	5.868616214017309E-01	5.868557727517465E-01	9.553176037666883E-01	4.485855124199612E-01	1.000000000000000E+00	4.436972006235455E-01
DCP:QH_D_R	0.000000000000000E+00	0.000000000000000E+00	0.000000000000000E+00	0.000000000000000E+00	0.000000000000000E+00	0.000000000000000E+00	0.000000000000000E+00	0.000000000000000E+00	0.000000000000000E+00	0.000000000000000E+00	0.000000000000000E+00	2.679823381351417E-01	5.868560019436549E-01	5.868508855970288E-01	4.485559161739710E-01	9.552408072918079E-01	4.436972006235455E-01	1.000000000000000E+00

AC Inductance Matrix
	AC:QH_S_L	AC:QH_S_R	AC:QL_D_L	AC:QL_D_R	DCN:CapB1N	DCN:CapB2N	DCN:CapB3N	DCN:CapNL	DCN:CapNR	DCN:QL_S_L	DCN:QL_S_R	DCP:CapB1P	DCP:CapB2P	DCP:CapB3P	DCP:CapPL	DCP:CapPR	DCP:QH_D_L	DCP:QH_D_R	
AC:QH_S_L	1.097876897560187E+00	3.821234493273048E-01	1.039450854805335E+00	3.576490903708067E-01	-4.474816629713547E-05	-2.624037363008707E-04	-5.471244041017107E-03	2.531230735498594E-03	-1.829100447107135E-02	-7.437485255887059E-02	-1.453770243311026E-01	-3.885707839952755E-04	-6.378400962959520E-03	-6.734188502615561E-03	4.462120568167982E-02	-8.146609505751325E-02	5.342879736543624E-02	-9.964383772813003E-02
AC:QH_S_R	3.821234493273048E-01	1.096605191848449E+00	3.576609603042690E-01	1.038250481463832E+00	-5.209966073715670E-05	-2.700876325620587E-04	-5.474162399367069E-03	-1.815168478042683E-02	2.541550502901967E-03	-1.448292326450747E-01	-7.435004441968568E-02	-3.891180867029295E-04	-6.318898001334863E-03	-6.668141513644341E-03	-8.115413740193875E-02	4.458930751128060E-02	-9.918837899764665E-02	5.339730953866569E-02
AC:QL_D_L	1.039450854805335E+00	3.576609603042690E-01	1.059743685589863E+00	3.355133064396678E-01	-3.638462223319852E-05	-2.218984436812934E-04	-4.508658722458738E-03	2.901215492412741E-03	-1.596673356731419E-02	-2.923115211175059E-03	-1.306813981684229E-01	-3.350183703868658E-04	-4.938502871345347E-03	-5.237423571188391E-03	4.800839612508136E-02	-7.443527153826626E-02	5.638226878116869E-02	-9.076688013431491E-02
AC:QL_D_R	3.576490903708067E-01	1.038250481463832E+00	3.355133064396678E-01	1.058475883539169E+00	-4.237580975938277E-05	-2.285958526049748E-04	-4.512497176719968E-03	-1.583974432587426E-02	2.901072849716684E-03	-1.301808967475615E-01	-3.073473151158044E-03	-3.348725289381162E-04	-4.877993386848627E-03	-5.170556070783284E-03	-7.415417950910742E-02	4.795604051371975E-02	-9.035372418422248E-02	5.633437819759565E-02
DCN:CapB1N	-4.474816629713547E-05	-5.209966073715670E-05	-3.638462223319852E-05	-4.237580975938277E-05	3.241389857337159E-02	2.927879020075829E-02	2.640647521450883E-02	2.642466005655058E-02	2.643275735344239E-02	2.651324110403702E-02	2.652811736103024E-02	1.671405786815349E-03	1.113433939097535E-03	1.055709832082825E-03	1.198493313821683E-03	1.165571665602584E-03	1.223072899789603E-03	1.189166743457906E-03
DCN:CapB2N	-2.624037363008707E-04	-2.700876325620587E-04	-2.218984436812934E-04	-2.285958526049748E-04	2.927879020075829E-02	3.227805636351595E-02	2.985754161450377E-02	2.992586593066483E-02	2.993589066694486E-02	3.020961809723947E-02	3.022287343230228E-02	1.595038573868956E-03	6.243602681978766E-03	6.224581642064231E-03	7.004118550436047E-03	6.964671769553396E-03	7.065406751233504E-03	7.023805276246096E-03
DCN:CapB3N	-5.471244041017107E-03	-5.474162399367069E-03	-4.508658722458738E-03	-4.512497176719968E-03	2.640647521450883E-02	2.985754161450377E-02	1.536503596911033E-01	1.565640243440411E-01	1.565683932459561E-01	1.633292548997823E-01	1.633370867177636E-01	2.151689329991002E-03	6.044692884427972E-02	6.784200498696144E-02	1.245108883139905E-01	1.244818251504977E-01	1.259947751756173E-01	1.259695952660945E-01
DCN:CapNL	2.531230735498594E-03	-1.815168478042683E-02	2.901215492412741E-03	-1.583974432587426E-02	2.642466005655058E-02	2.992586593066483E-02	1.565640243440411E-01	2.043033130572102E-01	1.613739864341850E-01	2.081516784201874E-01	1.768604160440090E-01	2.223040928572134E-03	6.299359980117133E-02	7.055147103845770E-02	1.615724177729471E-01	1.334166968445753E-01	1.635734962439673E-01	1.362616320768952E-01
DCN:CapNR	-1.829100447107135E-02	2.541550502901967E-03	-1.596673356731419E-02	2.901072849716684E-03	2.643275735344239E-02	2.993589066694486E-02	1.565683932459561E-01	1.613739864341850E-01	2.045840531340361E-01	1.769138664035831E-01	2.084384856952686E-01	2.222884895440704E-03	6.304338365668494E-02	7.061118600967838E-02	1.335039408567815E-01	1.617726103712709E-01	1.363517647624554E-01	1.637914187446764E-01
DCN:QL_S_L	-7.437485255887059E-02	-1.448292326450747E-01	-2.923115211175059E-03	-1.301808967475615E-01	2.651324110403702E-02	3.020961809723947E-02	1.633292548997823E-01	2.081516784201874E-01	1.769138664035831E-01	6.120814955702996E-01	2.610965070533092E-01	2.528830467291351E-03	7.166517662812417E-02	7.963023559744410E-02	2.282161916893276E-01	1.754509065541426E-01	2.843571151145587E-01	1.887462381364020E-01
DCN:QL_S_R	-1.453770243311026E-01	-7.435004441968568E-02	-1.306813981684229E-01	-3.073473151158044E-03	2.652811736103024E-02	3.022287343230228E-02	1.633370867177636E-01	1.768604160440090E-01	2.084384856952686E-01	2.610965070533092E-01	6.126060470156879E-01	2.531775263333997E-03	7.171962794287134E-02	7.969169653826411E-02	1.754497260039234E-01	2.285560826619095E-01	1.887103541118859E-01	2.850009712859903E-01
DCP:CapB1P	-3.885707839952755E-04	-3.891180867029295E-04	-3.350183703868658E-04	-3.348725289381162E-04	1.671405786815349E-03	1.595038573868956E-03	2.151689329991002E-03	2.223040928572134E-03	2.222884895440704E-03	2.528830467291351E-03	2.531775263333997E-03	7.374097567295787E-02	6.489864037101721E-02	6.493112529500569E-02	6.567324011848234E-02	6.569175787099862E-02	6.572949426788788E-02	6.574745833300501E-02
DCP:CapB2P	-6.378400962959520E-03	-6.318898001334863E-03	-4.938502871345347E-03	-4.877993386848627E-03	1.113433939097535E-03	6.243602681978766E-03	6.044692884427972E-02	6.299359980117133E-02	6.304338365668494E-02	7.166517662812417E-02	7.171962794287134E-02	6.489864037101721E-02	5.046186675548975E-01	5.051996253947842E-01	5.222241322081114E-01	5.222727467431518E-01	5.238559565469135E-01	5.239153223719450E-01
DCP:CapB3P	-6.734188502615561E-03	-6.668141513644341E-03	-5.237423571188391E-03	-5.170556070783284E-03	1.055709832082825E-03	6.224581642064231E-03	6.784200498696144E-02	7.055147103845770E-02	7.061118600967838E-02	7.963023559744410E-02	7.969169653826411E-02	6.493112529500569E-02	5.051996253947842E-01	5.121071784031086E-01	5.296492813275634E-01	5.297065534098164E-01	5.313621144169710E-01	5.314289925606280E-01
DCP:CapPL	4.462120568167982E-02	-8.115413740193875E-02	4.800839612508136E-02	-7.415417950910742E-02	1.198493313821683E-03	7.004118550436047E-03	1.245108883139905E-01	1.615724177729471E-01	1.335039408567815E-01	2.282161916893276E-01	1.754497260039234E-01	6.567324011848234E-02	5.222241322081114E-01	5.296492813275634E-01	1.240610140186496E+00	7.314063351427949E-01	1.242663196283479E+00	7.384050226692414E-01
DCP:CapPR	-8.146609505751325E-02	4.458930751128060E-02	-7.443527153826626E-02	4.795604051371975E-02	1.165571665602584E-03	6.964671769553396E-03	1.244818251504977E-01	1.334166968445753E-01	1.617726103712709E-01	1.754509065541426E-01	2.285560826619095E-01	6.569175787099862E-02	5.222727467431518E-01	5.297065534098164E-01	7.314063351427949E-01	1.241087906753279E+00	7.383982192146715E-01	1.243235583109486E+00
DCP:QH_D_L	5.342879736543624E-02	-9.918837899764665E-02	5.638226878116869E-02	-9.035372418422248E-02	1.223072899789603E-03	7.065406751233504E-03	1.259947751756173E-01	1.635734962439673E-01	1.363517647624554E-01	2.843571151145587E-01	1.887103541118859E-01	6.572949426788788E-02	5.238559565469135E-01	5.313621144169710E-01	1.242663196283479E+00	7.383982192146715E-01	1.305191761730123E+00	7.470238420721721E-01
DCP:QH_D_R	-9.964383772813003E-02	5.339730953866569E-02	-9.076688013431491E-02	5.633437819759565E-02	1.189166743457906E-03	7.023805276246096E-03	1.259695952660945E-01	1.362616320768952E-01	1.637914187446764E-01	1.887462381364020E-01	2.850009712859903E-01	6.574745833300501E-02	5.239153223719450E-01	5.314289925606280E-01	7.384050226692414E-01	1.243235583109486E+00	7.470238420721721E-01	1.306075578379618E+00

AC Inductance Matrix Coupling Coefficient
	AC:QH_S_L	AC:QH_S_R	AC:QL_D_L	AC:QL_D_R	DCN:CapB1N	DCN:CapB2N	DCN:CapB3N	DCN:CapNL	DCN:CapNR	DCN:QL_S_L	DCN:QL_S_R	DCP:CapB1P	DCP:CapB2P	DCP:CapB3P	DCP:CapPL	DCP:CapPR	DCP:QH_D_L	DCP:QH_D_R	
AC:QH_S_L	1.000000000000000E+00	3.482584937323667E-01	9.636664044198178E-01	3.317720665237609E-01	2.372098865262675E-04	1.393925309203274E-03	1.332117313283581E-02	5.344624613556954E-03	3.859444886332677E-02	9.072869610823402E-02	1.772671703620136E-01	1.365648338447907E-03	8.569457656959725E-03	8.981068606270032E-03	3.823374281008177E-02	6.979090090449967E-02	4.463354825877038E-02	8.321267209939170E-02
AC:QH_S_R	3.482584937323667E-01	1.000000000000000E+00	3.317767668533217E-01	9.636881275651281E-01	2.763402282667899E-04	1.435574916645696E-03	1.333600463576580E-02	3.834900387367560E-02	5.365839842592058E-03	1.767772834309661E-01	9.071214652022073E-02	1.368364596534560E-03	8.494435832383559E-03	8.898139854175303E-03	6.957734520848870E-02	3.822119900962138E-02	8.290839006476894E-02	4.461799721530036E-02
AC:QL_D_L	9.636664044198178E-01	3.317767668533217E-01	1.000000000000000E+00	3.167880907388340E-01	1.963142462988921E-04	1.199775943366571E-03	1.117326640357461E-02	6.235077621711619E-03	3.429097000763457E-02	3.629450595208622E-03	1.621894921379956E-01	1.198433011124201E-03	6.753256349596356E-03	7.109463811111965E-03	4.186962923714779E-02	6.490484039782947E-02	4.794076577191612E-02	7.715122653727630E-02
AC:QL_D_R	3.317720665237609E-01	9.636881275651281E-01	3.167880907388340E-01	1.000000000000000E+00	2.287767531440315E-04	1.236727947999142E-03	1.118947393170429E-02	3.406198699750745E-02	6.234221975753340E-03	1.617343062756653E-01	3.816790303204912E-03	1.198628496336709E-03	6.674505069039286E-03	7.022897608423192E-03	6.471090698807784E-02	4.184095251835244E-02	7.687204104706545E-02	4.791250382123814E-02
DCN:CapB1N	2.372098865262675E-04	2.763402282667899E-04	1.963142462988921E-04	2.287767531440315E-04	1.000000000000000E+00	9.051776153283074E-01	3.741777934439471E-01	3.247177805253992E-01	3.245943421931629E-01	1.882316120864181E-01	1.882565762548565E-01	3.418706575592083E-02	8.705969962981657E-03	8.194047931898667E-03	5.976574229237763E-03	5.811283665184265E-03	5.946337389841824E-03	5.779535906980287E-03
DCN:CapB2N	1.393925309203274E-03	1.435574916645696E-03	1.199775943366571E-03	1.236727947999142E-03	9.051776153283074E-01	1.000000000000000E+00	4.239684777910580E-01	3.685151386646390E-01	3.683855673264279E-01	2.149249934591339E-01	2.149272217840840E-01	3.269362393786478E-02	4.892151687521083E-02	4.841456654440109E-02	3.500113576550263E-02	3.479731175765771E-02	3.442280995987248E-02	3.420854642293954E-02
DCN:CapB3N	1.332117313283581E-02	1.333600463576580E-02	1.117326640357461E-02	1.118947393170429E-02	3.741777934439471E-01	4.239684777910580E-01	1.000000000000000E+00	8.836646474787673E-01	8.830827774127641E-01	5.325894571694738E-01	5.323869175245727E-01	2.021428273635168E-02	2.170829893748759E-01	2.418529850887903E-01	2.851825038088560E-01	2.850610527982139E-01	2.813510778963946E-01	2.811996584964206E-01
DCN:CapNL	5.344624613556954E-03	3.834900387367560E-02	6.235077621711619E-03	3.406198699750745E-02	3.247177805253992E-01	3.685151386646390E-01	8.836646474787673E-01	1.000000000000000E+00	7.893324069866611E-01	5.886234873578957E-01	4.999220561897260E-01	1.811153728123941E-02	1.961900898593600E-01	2.181162071171798E-01	3.209311378172536E-01	2.649544435741000E-01	3.167656420898848E-01	2.637859908343554E-01
DCN:CapNR	3.859444886332677E-02	5.365839842592058E-03	3.429097000763457E-02	6.234221975753340E-03	3.245943421931629E-01	3.683855673264279E-01	8.830827774127641E-01	7.893324069866611E-01	1.000000000000000E+00	4.999439989495852E-01	5.887777376139355E-01	1.809783589483361E-02	1.962103755603787E-01	2.181509884496515E-01	2.649967411726040E-01	3.210464205708821E-01	2.638685995506396E-01	3.168626872755091E-01
DCN:QL_S_L	9.072869610823402E-02	1.767772834309661E-01	3.629450595208622E-03	1.617343062756653E-01	1.882316120864181E-01	2.149249934591339E-01	5.325894571694738E-01	5.886234873578957E-01	4.999439989495852E-01	1.000000000000000E+00	4.263888084490595E-01	1.190311557399309E-02	1.289501626512637E-01	1.422305678074039E-01	2.618931658318039E-01	2.013027554427477E-01	3.181429564107149E-01	2.111006278843945E-01
DCN:QL_S_R	1.772671703620136E-01	9.071214652022073E-02	1.621894921379956E-01	3.816790303204912E-03	1.882565762548565E-01	2.149272217840840E-01	5.323869175245727E-01	4.999220561897260E-01	5.887777376139355E-01	4.263888084490595E-01	1.000000000000000E+00	1.191187350344513E-02	1.289928778306639E-01	1.422793921277760E-01	2.012539399634762E-01	2.621204302991917E-01	2.110415305779912E-01	3.186189088146011E-01
DCP:CapB1P	1.365648338447907E-03	1.368364596534560E-03	1.198433011124201E-03	1.198628496336709E-03	3.418706575592083E-02	3.269362393786478E-02	2.021428273635168E-02	1.811153728123941E-02	1.809783589483361E-02	1.190311557399309E-02	1.191187350344513E-02	1.000000000000000E+00	3.364337081769251E-01	3.341319905777294E-01	2.171282542416690E-01	2.171476690382336E-01	2.118696206920274E-01	2.118558078536665E-01
DCP:CapB2P	8.569457656959725E-03	8.494435832383559E-03	6.753256349596356E-03	6.674505069039286E-03	8.705969962981657E-03	4.892151687521083E-02	2.170829893748759E-01	1.961900898593600E-01	1.962103755603787E-01	1.289501626512637E-01	1.289928778306639E-01	3.364337081769251E-01	1.000000000000000E+00	9.938044379980012E-01	6.600207926613813E-01	6.599551707118332E-01	6.454952759851078E-01	6.453499626692620E-01
DCP:CapB3P	8.981068606270032E-03	8.898139854175303E-03	7.109463811111965E-03	7.022897608423192E-03	8.194047931898667E-03	4.841456654440109E-02	2.418529850887903E-01	2.181162071171798E-01	2.181509884496515E-01	1.422305678074039E-01	1.422793921277760E-01	3.341319905777294E-01	9.938044379980012E-01	1.000000000000000E+00	6.644928194205192E-01	6.644367454001865E-01	6.499395908872065E-01	6.498014226047293E-01
DCP:CapPL	3.823374281008177E-02	6.957734520848870E-02	4.186962923714779E-02	6.471090698807784E-02	5.976574229237763E-03	3.500113576550263E-02	2.851825038088560E-01	3.209311378172536E-01	2.649967411726040E-01	2.618931658318039E-01	2.012539399634762E-01	2.171282542416690E-01	6.600207926613813E-01	6.644928194205192E-01	1.000000000000000E+00	5.894402420137657E-01	9.765592789039517E-01	5.800865879944408E-01
DCP:CapPR	6.979090090449967E-02	3.822119900962138E-02	6.490484039782947E-02	4.184095251835244E-02	5.811283665184265E-03	3.479731175765771E-02	2.850610527982139E-01	2.649544435741000E-01	3.210464205708821E-01	2.013027554427477E-01	2.621204302991917E-01	2.171476690382336E-01	6.599551707118332E-01	6.644367454001865E-01	5.894402420137657E-01	1.000000000000000E+00	5.801659103842678E-01	9.764904614604532E-01
DCP:QH_D_L	4.463354825877038E-02	8.290839006476894E-02	4.794076577191612E-02	7.687204104706545E-02	5.946337389841824E-03	3.442280995987248E-02	2.813510778963946E-01	3.167656420898848E-01	2.638685995506396E-01	3.181429564107149E-01	2.110415305779912E-01	2.118696206920274E-01	6.454952759851078E-01	6.499395908872065E-01	9.765592789039517E-01	5.801659103842678E-01	1.000000000000000E+00	5.721542741994327E-01
DCP:QH_D_R	8.321267209939170E-02	4.461799721530036E-02	7.715122653727630E-02	4.791250382123814E-02	5.779535906980287E-03	3.420854642293954E-02	2.811996584964206E-01	2.637859908343554E-01	3.168626872755091E-01	2.111006278843945E-01	3.186189088146011E-01	2.118558078536665E-01	6.453499626692620E-01	6.498014226047293E-01	5.800865879944408E-01	9.764904614604532E-01	5.721542741994327E-01	1.000000000000000E+00

AC Resistance Matrix
	AC:QH_S_L	AC:QH_S_R	AC:QL_D_L	AC:QL_D_R	DCN:CapB1N	DCN:CapB2N	DCN:CapB3N	DCN:CapNL	DCN:CapNR	DCN:QL_S_L	DCN:QL_S_R	DCP:CapB1P	DCP:CapB2P	DCP:CapB3P	DCP:CapPL	DCP:CapPR	DCP:QH_D_L	DCP:QH_D_R	
AC:QH_S_L	6.182261321097924E-03	4.158931772557797E-04	5.649293969444811E-03	2.837158988812526E-04	-1.703973484973024E-07	-4.115634856315664E-06	-9.975230941837812E-05	-8.226750854896343E-05	-1.754441282457237E-04	-1.352034032100708E-03	-2.163109611476286E-03	-4.968868097415047E-06	-9.926319040668802E-05	-1.064748670748367E-04	-3.947186063985859E-04	-2.637256741619379E-04	-4.070147675235706E-04	-3.646961472124211E-04
AC:QH_S_R	4.158931772557797E-04	6.166256383944340E-03	2.850421812029191E-04	5.631739773833395E-03	-1.362952294342314E-07	-4.117714416755226E-06	-1.001171857997406E-04	-1.801818015305608E-04	-8.728772844929030E-05	-2.152848020666031E-03	-1.363809197126849E-03	-5.078231969626014E-06	-9.935997440962060E-05	-1.065337041270874E-04	-2.678958802613537E-04	-4.039243446457749E-04	-3.641487719046497E-04	-4.153258984320280E-04
AC:QL_D_L	5.649293969444811E-03	2.850421812029191E-04	5.792825842456706E-03	1.735587311198486E-04	-1.490418648933826E-07	-3.405928159374488E-06	-7.899586163966084E-05	-6.394914003791970E-05	-1.412641223228841E-04	-8.254365470649341E-04	-1.889803764655685E-03	-4.102598184527693E-06	-7.859873140863823E-05	-8.448289429360524E-05	-3.340408562102755E-04	-1.780344513223723E-04	-3.440030386282087E-04	-2.613547527198720E-04
AC:QL_D_R	2.837158988812526E-04	5.631739773833395E-03	1.735587311198486E-04	5.776575509203168E-03	-1.149594260468519E-07	-3.404609685401632E-06	-7.934597957953115E-05	-1.455546505092929E-04	-6.874197948647626E-05	-1.880429576618907E-03	-8.382154836572143E-04	-4.213319049812626E-06	-7.855684715037784E-05	-8.440683096349089E-05	-1.816723162123901E-04	-3.430158883793000E-04	-2.608173666007348E-04	-3.521370850887922E-04
DCN:CapB1N	-1.703973484973024E-07	-1.362952294342314E-07	-1.490418648933826E-07	-1.149594260468519E-07	3.734898831616891E-04	3.213764632402372E-04	2.568405368486101E-04	2.563396423828556E-04	2.563776359496785E-04	2.574161564456136E-04	2.574366607543500E-04	2.127705912059402E-05	-1.639803448894569E-05	-1.853314071162685E-05	-1.879035055435672E-05	-1.903551133791877E-05	-1.856094678442768E-05	-1.881299098054315E-05
DCN:CapB2N	-4.115634856315664E-06	-4.117714416755226E-06	-3.405928159374488E-06	-3.404609685401632E-06	3.213764632402372E-04	3.704228191836006E-04	3.153122509625943E-04	3.158924494715550E-04	3.159251974731356E-04	3.229875611716488E-04	3.229735367404437E-04	2.030322519111664E-05	6.751182365880015E-05	6.640783043162679E-05	7.835562756043595E-05	7.798907358900559E-05	7.939167193745853E-05	7.902767244006540E-05
DCN:CapB3N	-9.975230941837812E-05	-1.001171857997406E-04	-7.899586163966084E-05	-7.934597957953115E-05	2.568405368486101E-04	3.153122509625943E-04	2.592321987673266E-03	2.631514408413693E-03	2.632106363235459E-03	2.781785109905609E-03	2.781088778183623E-03	3.497213747074349E-05	9.834414061429240E-04	1.118310908292248E-03	2.097977058420668E-03	2.097270049420832E-03	2.132138468965430E-03	2.131954521529641E-03
DCN:CapNL	-8.226750854896343E-05	-1.801818015305608E-04	-6.394914003791970E-05	-1.455546505092929E-04	2.563396423828556E-04	3.158924494715550E-04	2.631514408413693E-03	3.128163489915262E-03	2.695004644734929E-03	3.183503510102222E-03	3.035208132302295E-03	3.630210677024845E-05	1.019005678723871E-03	1.157553834888739E-03	2.444574836038810E-03	2.225109965738311E-03	2.487980756271725E-03	2.276548721661118E-03
DCN:CapNR	-1.754441282457237E-04	-8.728772844929030E-05	-1.412641223228841E-04	-6.874197948647626E-05	2.563776359496785E-04	3.159251974731356E-04	2.632106363235459E-03	2.695004644734929E-03	3.115401732942125E-03	3.033452310122042E-03	3.167016201288186E-03	3.625643024182313E-05	1.019016576330111E-03	1.157575989415478E-03	2.225643191803736E-03	2.432450186998573E-03	2.275553929691159E-03	2.475977250325106E-03
DCN:QL_S_L	-1.352034032100708E-03	-2.152848020666031E-03	-8.254365470649341E-04	-1.880429576618907E-03	2.574161564456136E-04	3.229875611716488E-04	2.781785109905609E-03	3.183503510102222E-03	3.033452310122042E-03	1.077911412155143E-02	5.452178873765652E-03	4.406072502571178E-05	1.218941731441019E-03	1.371261049401694E-03	4.057469372628555E-03	3.161848165043219E-03	4.498921728948261E-03	3.427078897694222E-03
DCN:QL_S_R	-2.163109611476286E-03	-1.363809197126849E-03	-1.889803764655685E-03	-8.382154836572143E-04	2.574366607543500E-04	3.229735367404437E-04	2.781088778183623E-03	3.035208132302295E-03	3.167016201288186E-03	5.452178873765652E-03	1.077592124854407E-02	4.417888785023749E-05	1.218723318446341E-03	1.371008256928295E-03	3.166171359315259E-03	4.040548541745327E-03	3.426869192921260E-03	4.496382298488468E-03
DCP:CapB1P	-4.968868097415047E-06	-5.078231969626014E-06	-4.102598184527693E-06	-4.213319049812626E-06	2.127705912059402E-05	2.030322519111664E-05	3.497213747074349E-05	3.630210677024845E-05	3.625643024182313E-05	4.406072502571178E-05	4.417888785023749E-05	7.541619980828608E-04	6.594691485808258E-04	6.602904362001405E-04	6.698703417773828E-04	6.697859429468509E-04	6.707598508016257E-04	6.707178058388700E-04
DCP:CapB2P	-9.926319040668802E-05	-9.935997440962060E-05	-7.859873140863823E-05	-7.855684715037784E-05	-1.639803448894569E-05	6.751182365880015E-05	9.834414061429240E-04	1.019005678723871E-03	1.019016576330111E-03	1.218941731441019E-03	1.218723318446341E-03	6.594691485808258E-04	3.409505220011948E-03	3.418670024641381E-03	3.481361988710001E-03	3.480735201197694E-03	3.503223776338419E-03	3.503032524554990E-03
DCP:CapB3P	-1.064748670748367E-04	-1.065337041270874E-04	-8.448289429360524E-05	-8.440683096349089E-05	-1.853314071162685E-05	6.640783043162679E-05	1.118310908292248E-03	1.157553834888739E-03	1.157575989415478E-03	1.371261049401694E-03	1.371008256928295E-03	6.602904362001405E-04	3.418670024641381E-03	3.536458240717903E-03	3.609416160333861E-03	3.608855478432814E-03	3.633186558653403E-03	3.633096380646459E-03
DCP:CapPL	-3.947186063985859E-04	-2.678958802613537E-04	-3.340408562102755E-04	-1.816723162123901E-04	-1.879035055435672E-05	7.835562756043595E-05	2.097977058420668E-03	2.444574836038810E-03	2.225643191803736E-03	4.057469372628555E-03	3.166171359315259E-03	6.698703417773828E-04	3.481361988710001E-03	3.609416160333861E-03	9.048488982745321E-03	4.794827473352995E-03	9.056836015985682E-03	4.894520748783519E-03
DCP:CapPR	-2.637256741619379E-04	-4.039243446457749E-04	-1.780344513223723E-04	-3.430158883793000E-04	-1.903551133791877E-05	7.798907358900559E-05	2.097270049420832E-03	2.225109965738311E-03	2.432450186998573E-03	3.161848165043219E-03	4.040548541745327E-03	6.697859429468509E-04	3.480735201197694E-03	3.608855478432814E-03	4.794827473352995E-03	9.035846813969305E-03	4.890776767390474E-03	9.045409409320356E-03
DCP:QH_D_L	-4.070147675235706E-04	-3.641487719046497E-04	-3.440030386282087E-04	-2.608173666007348E-04	-1.856094678442768E-05	7.939167193745853E-05	2.132138468965430E-03	2.487980756271725E-03	2.275553929691159E-03	4.498921728948261E-03	3.426869192921260E-03	6.707598508016257E-04	3.503223776338419E-03	3.633186558653403E-03	9.056836015985682E-03	4.890776767390474E-03	9.639983969564890E-03	5.007867684607939E-03
DCP:QH_D_R	-3.646961472124211E-04	-4.153258984320280E-04	-2.613547527198720E-04	-3.521370850887922E-04	-1.881299098054315E-05	7.902767244006540E-05	2.131954521529641E-03	2.276548721661118E-03	2.475977250325106E-03	3.427078897694222E-03	4.496382298488468E-03	6.707178058388700E-04	3.503032524554990E-03	3.633096380646459E-03	4.894520748783519E-03	9.045409409320356E-03	5.007867684607939E-03	9.639035050880245E-03

AC Resistance Matrix Coupling Coefficient
	AC:QH_S_L	AC:QH_S_R	AC:QL_D_L	AC:QL_D_R	DCN:CapB1N	DCN:CapB2N	DCN:CapB3N	DCN:CapNL	DCN:CapNR	DCN:QL_S_L	DCN:QL_S_R	DCP:CapB1P	DCP:CapB2P	DCP:CapB3P	DCP:CapPL	DCP:CapPR	DCP:QH_D_L	DCP:QH_D_R	
AC:QH_S_L	1.000000000000000E+00	6.735926311410430E-02	9.440070968925112E-01	4.747607058972433E-02	1.121372062622566E-04	2.719657978947914E-03	2.491751957139314E-02	1.870724974970196E-02	3.997680944108819E-02	1.656236720399179E-01	2.650193859312886E-01	2.301184640355231E-03	2.162065618340627E-02	2.277137001177094E-02	5.277471401892360E-02	3.528533963968619E-02	5.272278361164192E-02	4.724335333394136E-02
AC:QH_S_R	6.735926311410430E-02	1.000000000000000E+00	4.769283156739551E-02	9.436187519231277E-01	8.981118874818845E-05	2.724561199383702E-03	2.504109827903841E-02	4.102564468463151E-02	1.991523218486690E-02	2.640651251246828E-01	1.673075815163052E-01	2.354883484251529E-03	2.166980494165432E-02	2.281350275258297E-02	3.586470103965734E-02	5.411339852885174E-02	4.723130058855133E-02	5.387179475029099E-02
AC:QL_D_L	9.440070968925112E-01	4.769283156739551E-02	1.000000000000000E+00	3.000309126648169E-02	1.013266346869051E-04	2.325098633513845E-03	2.038518385722583E-02	1.502258781022246E-02	3.325290648576469E-02	1.044592546968748E-01	2.391906887792170E-01	1.962824296567720E-03	1.768579638588568E-02	1.866548507847244E-02	4.613880279119544E-02	2.460789044754553E-02	4.603401839932184E-02	3.497585875256307E-02
AC:QL_D_R	4.747607058972433E-02	9.436187519231277E-01	3.000309126648169E-02	1.000000000000000E+00	7.826542326923078E-05	2.327465416680895E-03	2.050431320451482E-02	3.424097614188866E-02	1.620428145753222E-02	2.383034397484123E-01	1.062412684343502E-01	2.018630343952455E-03	1.770121747131253E-02	1.867489207561493E-02	2.512843808785662E-02	4.747823653210988E-02	3.495128299270175E-02	4.719106275053307E-02
DCN:CapB1N	1.121372062622566E-04	8.981118874818845E-05	1.013266346869051E-04	7.826542326923078E-05	1.000000000000000E+00	8.640239470705006E-01	2.610235404634006E-01	2.371546428756316E-01	2.376751019176251E-01	1.282935566834816E-01	1.283227824227764E-01	4.009035082787202E-02	1.453137446512870E-02	1.612595096126219E-02	1.022133047833603E-02	1.036193100999034E-02	9.781884904240475E-03	9.915203824069140E-03
DCN:CapB2N	2.719657978947914E-03	2.724561199383702E-03	2.325098633513845E-03	2.327465416680895E-03	8.640239470705006E-01	1.000000000000000E+00	3.217714494300076E-01	2.934578001631522E-01	2.940887224188145E-01	1.616387174751669E-01	1.616556426855565E-01	3.841349678822711E-02	6.007382613717073E-02	5.802112675774523E-02	4.279896788618486E-02	4.262854066052498E-02	4.201340937154245E-02	4.182284236048661E-02
DCN:CapB3N	2.491751957139314E-02	2.504109827903841E-02	2.038518385722583E-02	2.050431320451482E-02	2.610235404634006E-01	3.217714494300076E-01	1.000000000000000E+00	9.240948694868986E-01	9.261939392988536E-01	5.262445018747556E-01	5.261907102875185E-01	2.501182507969744E-02	3.307945441022225E-01	3.693463591451345E-01	4.331798355798180E-01	4.333366816056684E-01	4.265134964227850E-01	4.264976913516509E-01
DCN:CapNL	1.870724974970196E-02	4.102564468463151E-02	1.502258781022246E-02	3.424097614188866E-02	2.371546428756316E-01	2.934578001631522E-01	9.240948694868986E-01	1.000000000000000E+00	8.632921025906877E-01	5.482379269680329E-01	5.227770952117877E-01	2.363495533872308E-02	3.120227088983624E-01	3.480264163251284E-01	4.594842024662636E-01	4.185258889991763E-01	4.530687828139652E-01	4.145867786220772E-01
DCN:CapNR	3.997680944108819E-02	1.991523218486690E-02	3.325290648576469E-02	1.620428145753222E-02	2.376751019176251E-01	2.940887224188145E-01	9.261939392988536E-01	8.632921025906877E-01	1.000000000000000E+00	5.234661558891907E-01	5.465955001827916E-01	2.365351517799372E-02	3.126644756394704E-01	3.487451803158542E-01	4.191895825640147E-01	4.584611051060815E-01	4.152330832239063E-01	4.518276887313333E-01
DCN:QL_S_L	1.656236720399179E-01	2.640651251246828E-01	1.044592546968748E-01	2.383034397484123E-01	1.282935566834816E-01	1.616387174751669E-01	5.262445018747556E-01	5.482379269680329E-01	5.234661558891907E-01	1.000000000000000E+00	5.058844803515550E-01	1.545353293025286E-02	2.010692837573589E-01	2.220978416026958E-01	4.108428037408252E-01	3.203797410772702E-01	4.413455445341395E-01	3.362139957480825E-01
DCN:QL_S_R	2.650193859312886E-01	1.673075815163052E-01	2.391906887792170E-01	1.062412684343502E-01	1.283227824227764E-01	1.616556426855565E-01	5.261907102875185E-01	5.227770952117877E-01	5.465955001827916E-01	5.058844803515550E-01	1.000000000000000E+00	1.549727187309735E-02	2.010630362339666E-01	2.220897927432694E-01	3.206410932537385E-01	4.094762283072479E-01	3.362266759180853E-01	4.411834832300843E-01
DCP:CapB1P	2.301184640355231E-03	2.354883484251529E-03	1.962824296567720E-03	2.018630343952455E-03	4.009035082787202E-02	3.841349678822711E-02	2.501182507969744E-02	2.363495533872308E-02	2.365351517799372E-02	1.545353293025286E-02	1.549727187309735E-02	1.000000000000000E+00	4.112600092116579E-01	4.043136627395261E-01	2.564309236655698E-01	2.565779178148512E-01	2.487691837907712E-01	2.487658343170631E-01
DCP:CapB2P	2.162065618340627E-02	2.166980494165432E-02	1.768579638588568E-02	1.770121747131253E-02	1.453137446512870E-02	6.007382613717073E-02	3.307945441022225E-01	3.120227088983624E-01	3.126644756394704E-01	2.010692837573589E-01	2.010630362339666E-01	4.112600092116579E-01	1.000000000000000E+00	9.845261073072128E-01	6.267804939846752E-01	6.271058839927609E-01	6.110602649681407E-01	6.110569809595042E-01
DCP:CapB3P	2.277137001177094E-02	2.281350275258297E-02	1.866548507847244E-02	1.867489207561493E-02	1.612595096126219E-02	5.802112675774523E-02	3.693463591451345E-01	3.480264163251284E-01	3.487451803158542E-01	2.220978416026958E-01	2.220897927432694E-01	4.043136627395261E-01	9.845261073072128E-01	1.000000000000000E+00	6.380646145031343E-01	6.384116352427152E-01	6.222505309394217E-01	6.222657136224671E-01
DCP:CapPL	5.277471401892360E-02	3.586470103965734E-02	4.613880279119544E-02	2.512843808785662E-02	1.022133047833603E-02	4.279896788618486E-02	4.331798355798180E-01	4.594842024662636E-01	4.191895825640147E-01	4.108428037408252E-01	3.206410932537385E-01	2.564309236655698E-01	6.267804939846752E-01	6.380646145031343E-01	1.000000000000000E+00	5.302742327787345E-01	9.697288528813969E-01	5.240893845881432E-01
DCP:CapPR	3.528533963968619E-02	5.411339852885174E-02	2.460789044754553E-02	4.747823653210988E-02	1.036193100999034E-02	4.262854066052498E-02	4.333366816056684E-01	4.185258889991763E-01	4.584611051060815E-01	3.203797410772702E-01	4.094762283072479E-01	2.565779178148512E-01	6.271058839927609E-01	6.384116352427152E-01	5.302742327787345E-01	1.000000000000000E+00	5.240289193161853E-01	9.692303811060786E-01
DCP:QH_D_L	5.272278361164192E-02	4.723130058855133E-02	4.603401839932184E-02	3.495128299270175E-02	9.781884904240475E-03	4.201340937154245E-02	4.265134964227850E-01	4.530687828139652E-01	4.152330832239063E-01	4.413455445341395E-01	3.362266759180853E-01	2.487691837907712E-01	6.110602649681407E-01	6.222505309394217E-01	9.697288528813969E-01	5.240289193161853E-01	1.000000000000000E+00	5.195147829216086E-01
DCP:QH_D_R	4.724335333394136E-02	5.387179475029099E-02	3.497585875256307E-02	4.719106275053307E-02	9.915203824069140E-03	4.182284236048661E-02	4.264976913516509E-01	4.145867786220772E-01	4.518276887313333E-01	3.362139957480825E-01	4.411834832300843E-01	2.487658343170631E-01	6.110569809595042E-01	6.222657136224671E-01	5.240893845881432E-01	9.692303811060786E-01	5.195147829216086E-01	1.000000000000000E+00

