Design Variation:  h_23='1.2mm' h_34='0.10000000000000001mm' h_diel='0.10000000000000001mm' r_anti='0.34999999999999998mm' t_L1='0.070000000000000007mm' t_L2='0.070000000000000007mm' t_L3='0.070000000000000007mm' t_L4='0.070000000000000007mm' t_pad='0.035000000000000003mm' via_r='0.14999999999999999mm' z_L1='0.17000000000000001mm' z_L3b='-1.2699999999999998mm' z_L3t='-1.2mm' z_L4b='-1.4399999999999999mm' z_L4t='-1.3699999999999999mm' z_top='0.24000000000000002mm'
Setup1:LastAdaptive
Problem Type:  C, DC RL, AC RL
C Units:pF, G Units:mSie, R Units:ohm, L Units:nH
Reduce Matrix:  Original
Frequency:  100MHz

Capacitance Matrix
	AC	DCN	DCP	
AC	8.967091711995307E+00	-7.851460520152334E+00	-8.257400937160826E-01
DCN	-7.851460520152334E+00	2.726986480341658E+01	-1.906464173702827E+01
DCP	-8.257400937160826E-01	-1.906464173702827E+01	2.048388329727019E+01

Capacitance Matrix Coupling Coefficient
	AC	DCN	DCP	
AC	1.000000000000000E+00	5.020918281687815E-01	6.092722806773090E-02
DCN	5.020918281687815E-01	1.000000000000000E+00	8.066423317093415E-01
DCP	6.092722806773090E-02	8.066423317093415E-01	1.000000000000000E+00

Spice Capacitance Matrix
	AC	DCN	DCP	
AC	2.898910981268907E-01	7.851460520152334E+00	8.257400937160826E-01
DCN	7.851460520152334E+00	3.537625462359790E-01	1.906464173702827E+01
DCP	8.257400937160826E-01	1.906464173702827E+01	5.935014665258390E-01

Conductance Matrix
	AC	DCN	DCP	
AC	0.000000000000000E+00	0.000000000000000E+00	0.000000000000000E+00
DCN	0.000000000000000E+00	0.000000000000000E+00	0.000000000000000E+00
DCP	0.000000000000000E+00	0.000000000000000E+00	0.000000000000000E+00

Conductance Matrix Coupling Coefficient
	AC	DCN	DCP	
AC	0.000000000000000E+00	0.000000000000000E+00	0.000000000000000E+00
DCN	0.000000000000000E+00	0.000000000000000E+00	0.000000000000000E+00
DCP	0.000000000000000E+00	0.000000000000000E+00	0.000000000000000E+00

Spice Conductance Matrix
	AC	DCN	DCP	
AC	0.000000000000000E+00	-0.000000000000000E+00	-0.000000000000000E+00
DCN	-0.000000000000000E+00	0.000000000000000E+00	-0.000000000000000E+00
DCP	-0.000000000000000E+00	-0.000000000000000E+00	0.000000000000000E+00

DC Inductance Matrix
	AC:QH_S_L	AC:QH_S_R	AC:QL_D_L	AC:QL_D_R	DCN:CapB1N	DCN:CapB2N	DCN:CapB3N	DCN:CapNL	DCN:CapNR	DCN:QL_S_L	DCN:QL_S_R	DCP:CapB1P	DCP:CapB2P	DCP:CapB3P	DCP:CapPL	DCP:CapPR	DCP:QH_D_L	DCP:QH_D_R	
AC:QH_S_L	2.616060046052188E+00	5.507061337262712E-01	2.325732313709410E+00	4.254552557118878E-01	1.436894410584490E-02	-1.423891776769946E-02	-3.298237319602008E-01	-3.857115001772160E-01	-4.425242114289180E-01	-1.105204720633256E+00	-1.660272498423622E+00	-2.307408127643835E-02	-2.777483469233014E-01	-3.142243200735678E-01	-4.674899195054016E-01	-8.404769308405093E-01	-5.914954385302269E-01	-9.320880503163694E-01
AC:QH_S_R	5.507061337262712E-01	2.607854417434932E+00	4.258574110693559E-01	2.316772245826312E+00	1.442398351164451E-02	-1.417719602672969E-02	-3.296236253990041E-01	-4.420579934257641E-01	-3.857027570462644E-01	-1.657585515981295E+00	-1.108122318905317E+00	-2.298404181186539E-02	-2.775844970104727E-01	-3.140496307062182E-01	-8.392366090678973E-01	-4.679434877698010E-01	-9.308772356493148E-01	-5.920900611408673E-01
AC:QL_D_L	2.325732313709410E+00	4.258574110693559E-01	2.224774331578053E+00	3.185334324495774E-01	1.152939691990505E-02	-1.027303059988345E-02	-2.482531214863168E-01	-2.791477667102878E-01	-3.443416842963421E-01	-6.242763261003815E-01	-1.382119912604517E+00	-1.708881796908541E-02	-2.099823720470943E-01	-2.375468265544434E-01	-2.886105549858606E-01	-6.923603611389764E-01	-3.661896607229181E-01	-7.684534970170481E-01
AC:QL_D_R	4.254552557118878E-01	2.316772245826312E+00	3.185334324495774E-01	2.215583663922452E+00	1.157908690589017E-02	-1.020678570615810E-02	-2.479345334252193E-01	-3.437399971463885E-01	-2.789720602821103E-01	-1.379026193494250E+00	-6.265140182355217E-01	-1.698685880563770E-02	-2.097332230892382E-01	-2.372745822016785E-01	-6.908941974325242E-01	-2.888573807541508E-01	-7.669815852396464E-01	-3.665335302584896E-01
DCN:CapB1N	1.436894410584490E-02	1.442398351164451E-02	1.152939691990505E-02	1.157908690589017E-02	1.152496782290187E-01	1.026900224817094E-01	5.669613769951823E-02	5.046057237218788E-02	5.046756072802657E-02	2.946098007442074E-02	2.949346539416656E-02	3.569424845152278E-02	-1.722546879902566E-04	-5.911347336558185E-03	-3.003135806895981E-02	-2.995040237344039E-02	-3.334872735201379E-02	-3.327646963522810E-02
DCN:CapB2N	-1.423891776769946E-02	-1.417719602672969E-02	-1.027303059988345E-02	-1.020678570615810E-02	1.026900224817094E-01	1.128982453199247E-01	1.415769650751525E-01	1.447804501058822E-01	1.447987070332291E-01	1.712946587783732E-01	1.713369867756707E-01	4.083499407187202E-02	9.319846075965192E-02	9.569543973212880E-02	1.152652762098883E-01	1.153410091271787E-01	1.197113541189828E-01	1.197783156105349E-01
DCN:CapB3N	-3.298237319602008E-01	-3.296236253990041E-01	-2.482531214863168E-01	-2.479345334252193E-01	5.669613769951823E-02	1.415769650751525E-01	1.115820002882194E+00	1.250266114216238E+00	1.250351987439570E+00	1.838061057536232E+00	1.838240296710670E+00	9.539629013035843E-02	7.929977083604034E-01	9.075652713196992E-01	1.524275547536790E+00	1.524255338641548E+00	1.623924473642010E+00	1.623873379433443E+00
DCN:CapNL	-3.857115001772160E-01	-4.420579934257641E-01	-2.791477667102878E-01	-3.437399971463885E-01	5.046057237218788E-02	1.447804501058822E-01	1.250266114216238E+00	1.517827931713311E+00	1.394978567384814E+00	2.276496973597894E+00	2.123967011701221E+00	1.021031947671087E-01	8.861806621608168E-01	1.015283987559125E+00	1.880368418652557E+00	1.690735066999155E+00	2.025567315762628E+00	1.807023789630547E+00
DCN:CapNR	-4.425242114289180E-01	-3.857027570462644E-01	-3.443416842963421E-01	-2.789720602821103E-01	5.046756072802657E-02	1.447987070332291E-01	1.250351987439570E+00	1.394978567384814E+00	1.518195484488156E+00	2.123939280255455E+00	2.277065907886919E+00	1.021379876511444E-01	8.862513416939594E-01	1.015365928692522E+00	1.690896045721438E+00	1.880548093673910E+00	1.807219108774164E+00	2.025756004332549E+00
DCN:QL_S_L	-1.105204720633256E+00	-1.657585515981295E+00	-6.242763261003815E-01	-1.379026193494250E+00	2.946098007442074E-02	1.712946587783732E-01	1.838061057536232E+00	2.276496973597894E+00	2.123939280255455E+00	5.458407180572560E+00	3.914985999856515E+00	1.431990076951580E-01	1.359631663279275E+00	1.552251211261804E+00	3.245539268048500E+00	2.726025045796838E+00	3.692170761159999E+00	3.016123753913462E+00
DCN:QL_S_R	-1.660272498423622E+00	-1.108122318905317E+00	-1.382119912604517E+00	-6.265140182355217E-01	2.949346539416656E-02	1.713369867756707E-01	1.838240296710670E+00	2.123967011701221E+00	2.277065907886919E+00	3.914985999856515E+00	5.458707853861086E+00	1.432956965003588E-01	1.359745199673968E+00	1.552373131439055E+00	2.726598882126225E+00	3.245679232487799E+00	3.016717726410326E+00	3.692248576523131E+00
DCP:CapB1P	-2.307408127643835E-02	-2.298404181186539E-02	-1.708881796908541E-02	-1.698685880563770E-02	3.569424845152278E-02	4.083499407187202E-02	9.539629013035843E-02	1.021031947671087E-01	1.021379876511444E-01	1.431990076951580E-01	1.432956965003588E-01	2.022628296834892E-01	2.500309622635710E-01	2.551282280932991E-01	2.896914163198758E-01	2.898540358825423E-01	2.963419629392916E-01	2.965035332919677E-01
DCP:CapB2P	-2.777483469233014E-01	-2.775844970104727E-01	-2.099823720470943E-01	-2.097332230892382E-01	-1.722546879902566E-04	9.319846075965192E-02	7.929977083604034E-01	8.861806621608168E-01	8.862513416939594E-01	1.359631663279275E+00	1.359745199673968E+00	2.500309622635710E-01	1.363137457482617E+00	1.436838686009960E+00	1.855556543666609E+00	1.855536833781156E+00	1.932886146587994E+00	1.932831856564874E+00
DCP:CapB3P	-3.142243200735678E-01	-3.140496307062182E-01	-2.375468265544434E-01	-2.372745822016785E-01	-5.911347336558185E-03	9.569543973212880E-02	9.075652713196992E-01	1.015283987559125E+00	1.015365928692522E+00	1.552251211261804E+00	1.552373131439055E+00	2.551282280932991E-01	1.436838686009960E+00	1.534756473903597E+00	2.016829265962245E+00	2.016787397667042E+00	2.104989116053956E+00	2.104911199864585E+00
DCP:CapPL	-4.674899195054016E-01	-8.392366090678973E-01	-2.886105549858606E-01	-6.908941974325242E-01	-3.003135806895981E-02	1.152652762098883E-01	1.524275547536790E+00	1.880368418652557E+00	1.690896045721438E+00	3.245539268048500E+00	2.726598882126225E+00	2.896914163198758E-01	1.855556543666609E+00	2.016829265962245E+00	4.031319463007871E+00	2.879196903055622E+00	4.256095636396783E+00	3.045682370894672E+00
DCP:CapPR	-8.404769308405093E-01	-4.679434877698010E-01	-6.923603611389764E-01	-2.888573807541508E-01	-2.995040237344039E-02	1.153410091271787E-01	1.524255338641548E+00	1.690735066999155E+00	1.880548093673910E+00	2.726025045796838E+00	3.245679232487799E+00	2.898540358825423E-01	1.855536833781156E+00	2.016787397667042E+00	2.879196903055622E+00	4.031092023801706E+00	3.045678002202070E+00	4.255774197378384E+00
DCP:QH_D_L	-5.914954385302269E-01	-9.308772356493148E-01	-3.661896607229181E-01	-7.669815852396464E-01	-3.334872735201379E-02	1.197113541189828E-01	1.623924473642010E+00	2.025567315762628E+00	1.807219108774164E+00	3.692170761159999E+00	3.016717726410326E+00	2.963419629392916E-01	1.932886146587994E+00	2.104989116053956E+00	4.256095636396783E+00	3.045678002202070E+00	4.639022126562501E+00	3.226698860259223E+00
DCP:QH_D_R	-9.320880503163694E-01	-5.920900611408673E-01	-7.684534970170481E-01	-3.665335302584896E-01	-3.327646963522810E-02	1.197783156105349E-01	1.623873379433443E+00	1.807023789630547E+00	2.025756004332549E+00	3.016123753913462E+00	3.692248576523131E+00	2.965035332919677E-01	1.932831856564874E+00	2.104911199864585E+00	3.045682370894672E+00	4.255774197378384E+00	3.226698860259223E+00	4.638694297394266E+00

DC Inductance Matrix Coupling Coefficient
	AC:QH_S_L	AC:QH_S_R	AC:QL_D_L	AC:QL_D_R	DCN:CapB1N	DCN:CapB2N	DCN:CapB3N	DCN:CapNL	DCN:CapNR	DCN:QL_S_L	DCN:QL_S_R	DCP:CapB1P	DCP:CapB2P	DCP:CapB3P	DCP:CapPL	DCP:CapPR	DCP:QH_D_L	DCP:QH_D_R	
AC:QH_S_L	1.000000000000000E+00	2.108406701413020E-01	9.640351971169729E-01	1.767201053391770E-01	2.616863927261210E-02	2.620049713487132E-02	1.930460750448728E-01	1.935652814679297E-01	2.220492625238166E-01	2.924730892754150E-01	4.393499629989399E-01	3.172068261982054E-02	1.470814161837780E-01	1.568181059492979E-01	1.439543486874358E-01	2.588156819667839E-01	1.697908661491274E-01	2.675686392764268E-01
AC:QH_S_R	2.108406701413020E-01	1.000000000000000E+00	1.767988986311451E-01	9.638236817507801E-01	2.631017185136526E-02	2.612793437552055E-02	1.932322401574876E-01	2.221909193904014E-01	1.938417062232954E-01	4.393405675382568E-01	2.936980780847318E-01	3.164657334228005E-02	1.472257277099435E-01	1.569773084507346E-01	2.588326989908561E-01	1.443246057213151E-01	2.676316774812523E-01	1.702347523262147E-01
AC:QL_D_L	9.640351971169729E-01	1.767988986311451E-01	1.000000000000000E+00	1.434722673652940E-01	2.276898900781454E-02	2.049802427334402E-02	1.575631534167246E-01	1.519077407597187E-01	1.873625416416788E-01	1.791434437031808E-01	3.966046625417722E-01	2.547481282240491E-02	1.205785421778607E-01	1.285542720151117E-01	9.637083450656753E-02	2.311946909421508E-01	1.139855694860065E-01	2.392085687444219E-01
AC:QL_D_R	1.767201053391770E-01	9.638236817507801E-01	1.434722673652940E-01	1.000000000000000E+00	2.291449948843675E-02	2.040804125521976E-02	1.576869935423877E-01	1.874453717110297E-01	1.521082553056551E-01	3.965477347764382E-01	1.801531207515205E-01	2.537528685336252E-02	1.206850091917915E-01	1.286729930614790E-01	2.311765937692764E-01	9.665582575715567E-02	2.392366088918756E-01	1.143330414190790E-01
DCN:CapB1N	2.616863927261210E-02	2.631017185136526E-02	2.276898900781454E-02	2.291449948843675E-02	1.000000000000000E+00	9.002534453128921E-01	1.581017009979750E-01	1.206482540139162E-01	1.206503554763496E-01	3.714448700727967E-02	3.718442046296184E-02	2.337869914099997E-01	4.345916357693148E-04	1.405551880162052E-02	4.405868225518951E-02	4.394115258013944E-02	4.560854129483057E-02	4.551132798035895E-02
DCN:CapB2N	2.620049713487132E-02	2.612793437552055E-02	2.049802427334402E-02	2.040804125521976E-02	9.002534453128921E-01	1.000000000000000E+00	3.988888813792800E-01	3.497478521363003E-01	3.497496110041076E-01	2.182062874890495E-01	2.182541965254920E-01	2.702283201119113E-01	2.375720349641805E-01	2.298941442937560E-01	1.708564158179328E-01	1.709734969292172E-01	1.654163849173566E-01	1.655147602585303E-01
DCN:CapB3N	1.930460750448728E-01	1.932322401574876E-01	1.575631534167246E-01	1.576869935423877E-01	1.581017009979750E-01	3.988888813792800E-01	1.000000000000000E+00	9.607139991337038E-01	9.606636760592607E-01	7.447832446715925E-01	7.448353583374157E-01	2.008058565965696E-01	6.429912086611718E-01	6.935233066701879E-01	7.186919887102220E-01	7.187027344596733E-01	7.137654692467484E-01	7.137682323843881E-01
DCN:CapNL	1.935652814679297E-01	2.221909193904014E-01	1.519077407597187E-01	1.874453717110297E-01	1.206482540139162E-01	3.497478521363003E-01	9.607139991337038E-01	1.000000000000000E+00	9.189511320389440E-01	7.909023066904843E-01	7.378899086951834E-01	1.842765282033201E-01	6.160857625341547E-01	6.652065693254052E-01	7.601653515380187E-01	6.835226866546233E-01	7.633473256247593E-01	6.810119358021574E-01
DCN:CapNR	2.220492625238166E-01	1.938417062232954E-01	1.873625416416788E-01	1.521082553056551E-01	1.206503554763496E-01	3.497496110041076E-01	9.606636760592607E-01	9.189511320389440E-01	1.000000000000000E+00	7.378112693580561E-01	7.909824133276542E-01	1.843170071499899E-01	6.160603128127218E-01	6.651797224374101E-01	6.834857323382018E-01	7.601673997855117E-01	6.809790328415397E-01	7.633529899410189E-01
DCN:QL_S_L	2.924730892754150E-01	4.393405675382568E-01	1.791434437031808E-01	3.965477347764382E-01	3.714448700727967E-02	2.182062874890495E-01	7.447832446715925E-01	7.909023066904843E-01	7.378112693580561E-01	1.000000000000000E+00	7.172198862049338E-01	1.362852968067740E-01	4.984464178112600E-01	5.363018630041575E-01	6.918792335127824E-01	5.811463581812381E-01	7.337288436106115E-01	5.994021771733182E-01
DCN:QL_S_R	4.393499629989399E-01	2.936980780847318E-01	3.966046625417722E-01	1.801531207515205E-01	3.718442046296184E-02	2.182541965254920E-01	7.448353583374157E-01	7.378899086951834E-01	7.909824133276542E-01	7.172198862049338E-01	1.000000000000000E+00	1.363735614553291E-01	4.984743118092151E-01	5.363292148592055E-01	5.812362856348869E-01	6.919095333706853E-01	5.994825242916031E-01	7.337500260867135E-01
DCP:CapB1P	3.172068261982054E-02	3.164657334228005E-02	2.547481282240491E-02	2.537528685336252E-02	2.337869914099997E-01	2.702283201119113E-01	2.008058565965696E-01	1.842765282033201E-01	1.843170071499899E-01	1.362852968067740E-01	1.363735614553291E-01	1.000000000000000E+00	4.761742725192885E-01	4.579106416044050E-01	3.208144933212718E-01	3.210036392897169E-01	3.059298768653683E-01	3.061074908532684E-01
DCP:CapB2P	1.470814161837780E-01	1.472257277099435E-01	1.205785421778607E-01	1.206850091917915E-01	4.345916357693148E-04	2.375720349641805E-01	6.429912086611718E-01	6.160857625341547E-01	6.160603128127218E-01	4.984464178112600E-01	4.984743118092151E-01	4.761742725192885E-01	1.000000000000000E+00	9.933869482423773E-01	7.915543854895313E-01	7.915683072163467E-01	7.686404319965343E-01	7.686460024895515E-01
DCP:CapB3P	1.568181059492979E-01	1.569773084507346E-01	1.285542720151117E-01	1.286729930614790E-01	1.405551880162052E-02	2.298941442937560E-01	6.935233066701879E-01	6.652065693254052E-01	6.651797224374101E-01	5.363018630041575E-01	5.363292148592055E-01	4.579106416044050E-01	9.933869482423773E-01	1.000000000000000E+00	8.108224969633111E-01	8.108285377300443E-01	7.888908077870171E-01	7.888894819946732E-01
DCP:CapPL	1.439543486874358E-01	2.588326989908561E-01	9.637083450656753E-02	2.311765937692764E-01	4.405868225518951E-02	1.708564158179328E-01	7.186919887102220E-01	7.601653515380187E-01	6.834857323382018E-01	6.918792335127824E-01	5.812362856348869E-01	3.208144933212718E-01	7.915543854895313E-01	8.108224969633111E-01	1.000000000000000E+00	7.142272281467462E-01	9.841800300961204E-01	7.043088178478328E-01
DCP:CapPR	2.588156819667839E-01	1.443246057213151E-01	2.311946909421508E-01	9.665582575715567E-02	4.394115258013944E-02	1.709734969292172E-01	7.187027344596733E-01	6.835226866546233E-01	7.601673997855117E-01	5.811463581812381E-01	6.919095333706853E-01	3.210036392897169E-01	7.915683072163467E-01	8.108285377300443E-01	7.142272281467462E-01	1.000000000000000E+00	7.043027892153577E-01	9.841682374240235E-01
DCP:QH_D_L	1.697908661491274E-01	2.676316774812523E-01	1.139855694860065E-01	2.392366088918756E-01	4.560854129483057E-02	1.654163849173566E-01	7.137654692467484E-01	7.633473256247593E-01	6.809790328415397E-01	7.337288436106115E-01	5.994825242916031E-01	3.059298768653683E-01	7.686404319965343E-01	7.888908077870171E-01	9.841800300961204E-01	7.043027892153577E-01	1.000000000000000E+00	6.955804025097544E-01
DCP:QH_D_R	2.675686392764268E-01	1.702347523262147E-01	2.392085687444219E-01	1.143330414190790E-01	4.551132798035895E-02	1.655147602585303E-01	7.137682323843881E-01	6.810119358021574E-01	7.633529899410189E-01	5.994021771733182E-01	7.337500260867135E-01	3.061074908532684E-01	7.686460024895515E-01	7.888894819946732E-01	7.043088178478328E-01	9.841682374240235E-01	6.955804025097544E-01	1.000000000000000E+00

DC Resistance Matrix
	AC:QH_S_L	AC:QH_S_R	AC:QL_D_L	AC:QL_D_R	DCN:CapB1N	DCN:CapB2N	DCN:CapB3N	DCN:CapNL	DCN:CapNR	DCN:QL_S_L	DCN:QL_S_R	DCP:CapB1P	DCP:CapB2P	DCP:CapB3P	DCP:CapPL	DCP:CapPR	DCP:QH_D_L	DCP:QH_D_R	
AC:QH_S_L	2.516540265272447E-04	4.016959440756515E-05	2.259991531232501E-04	4.016844334214811E-05	0.000000000000000E+00	0.000000000000000E+00	0.000000000000000E+00	0.000000000000000E+00	0.000000000000000E+00	0.000000000000000E+00	0.000000000000000E+00	0.000000000000000E+00	0.000000000000000E+00	0.000000000000000E+00	0.000000000000000E+00	0.000000000000000E+00	0.000000000000000E+00	0.000000000000000E+00
AC:QH_S_R	4.016959440756515E-05	2.512350022856362E-04	4.016815504921577E-05	2.255436203019120E-04	0.000000000000000E+00	0.000000000000000E+00	0.000000000000000E+00	0.000000000000000E+00	0.000000000000000E+00	0.000000000000000E+00	0.000000000000000E+00	0.000000000000000E+00	0.000000000000000E+00	0.000000000000000E+00	0.000000000000000E+00	0.000000000000000E+00	0.000000000000000E+00	0.000000000000000E+00
AC:QL_D_L	2.259991531232501E-04	4.016815504921577E-05	2.516033905513049E-04	4.016700402627715E-05	0.000000000000000E+00	0.000000000000000E+00	0.000000000000000E+00	0.000000000000000E+00	0.000000000000000E+00	0.000000000000000E+00	0.000000000000000E+00	0.000000000000000E+00	0.000000000000000E+00	0.000000000000000E+00	0.000000000000000E+00	0.000000000000000E+00	0.000000000000000E+00	0.000000000000000E+00
AC:QL_D_R	4.016844334214811E-05	2.255436203019120E-04	4.016700402627715E-05	2.512445438381522E-04	0.000000000000000E+00	0.000000000000000E+00	0.000000000000000E+00	0.000000000000000E+00	0.000000000000000E+00	0.000000000000000E+00	0.000000000000000E+00	0.000000000000000E+00	0.000000000000000E+00	0.000000000000000E+00	0.000000000000000E+00	0.000000000000000E+00	0.000000000000000E+00	0.000000000000000E+00
DCN:CapB1N	0.000000000000000E+00	0.000000000000000E+00	0.000000000000000E+00	0.000000000000000E+00	3.084602596418730E-05	2.688820205683548E-05	2.194112223647212E-05	2.186625592933078E-05	2.186704839355553E-05	2.176356728506576E-05	2.176361406887969E-05	0.000000000000000E+00	0.000000000000000E+00	0.000000000000000E+00	0.000000000000000E+00	0.000000000000000E+00	0.000000000000000E+00	0.000000000000000E+00
DCN:CapB2N	0.000000000000000E+00	0.000000000000000E+00	0.000000000000000E+00	0.000000000000000E+00	2.688820205683548E-05	3.082607901254339E-05	2.197582847378946E-05	2.190091962507363E-05	2.190153150861192E-05	2.179802261574699E-05	2.179795456068964E-05	0.000000000000000E+00	0.000000000000000E+00	0.000000000000000E+00	0.000000000000000E+00	0.000000000000000E+00	0.000000000000000E+00	0.000000000000000E+00
DCN:CapB3N	0.000000000000000E+00	0.000000000000000E+00	0.000000000000000E+00	0.000000000000000E+00	2.194112223647212E-05	2.197582847378946E-05	1.046093256400834E-04	9.830700027996611E-05	9.830429875129935E-05	9.441839918749049E-05	9.441619251953723E-05	0.000000000000000E+00	0.000000000000000E+00	0.000000000000000E+00	0.000000000000000E+00	0.000000000000000E+00	0.000000000000000E+00	0.000000000000000E+00
DCN:CapNL	0.000000000000000E+00	0.000000000000000E+00	0.000000000000000E+00	0.000000000000000E+00	2.186625592933078E-05	2.190091962507363E-05	9.830700027996611E-05	1.233441903197299E-04	9.322125526046228E-05	9.608084599701852E-05	9.270084672155290E-05	0.000000000000000E+00	0.000000000000000E+00	0.000000000000000E+00	0.000000000000000E+00	0.000000000000000E+00	0.000000000000000E+00	0.000000000000000E+00
DCN:CapNR	0.000000000000000E+00	0.000000000000000E+00	0.000000000000000E+00	0.000000000000000E+00	2.186704839355553E-05	2.190153150861192E-05	9.830429875129935E-05	9.322125526046228E-05	1.233899947065881E-04	9.269974345296832E-05	9.608241057819459E-05	0.000000000000000E+00	0.000000000000000E+00	0.000000000000000E+00	0.000000000000000E+00	0.000000000000000E+00	0.000000000000000E+00	0.000000000000000E+00
DCN:QL_S_L	0.000000000000000E+00	0.000000000000000E+00	0.000000000000000E+00	0.000000000000000E+00	2.176356728506576E-05	2.179802261574699E-05	9.441839918749049E-05	9.608084599701852E-05	9.269974345296832E-05	3.135363492964575E-04	1.384652025395243E-04	0.000000000000000E+00	0.000000000000000E+00	0.000000000000000E+00	0.000000000000000E+00	0.000000000000000E+00	0.000000000000000E+00	0.000000000000000E+00
DCN:QL_S_R	0.000000000000000E+00	0.000000000000000E+00	0.000000000000000E+00	0.000000000000000E+00	2.176361406887969E-05	2.179795456068964E-05	9.441619251953723E-05	9.270084672155290E-05	9.608241057819459E-05	1.384652025395243E-04	3.134378904295742E-04	0.000000000000000E+00	0.000000000000000E+00	0.000000000000000E+00	0.000000000000000E+00	0.000000000000000E+00	0.000000000000000E+00	0.000000000000000E+00
DCP:CapB1P	0.000000000000000E+00	0.000000000000000E+00	0.000000000000000E+00	0.000000000000000E+00	0.000000000000000E+00	0.000000000000000E+00	0.000000000000000E+00	0.000000000000000E+00	0.000000000000000E+00	0.000000000000000E+00	0.000000000000000E+00	5.834017712208299E-05	4.311657830112267E-05	4.311644015924943E-05	4.291088658350199E-05	4.290984991116241E-05	4.291120473412750E-05	4.291016630546278E-05
DCP:CapB2P	0.000000000000000E+00	0.000000000000000E+00	0.000000000000000E+00	0.000000000000000E+00	0.000000000000000E+00	0.000000000000000E+00	0.000000000000000E+00	0.000000000000000E+00	0.000000000000000E+00	0.000000000000000E+00	0.000000000000000E+00	4.311657830112267E-05	1.385457746664395E-04	1.345473838059914E-04	1.173342492548627E-04	1.173243785019183E-04	1.173361299522763E-04	1.173262728472489E-04
DCP:CapB3P	0.000000000000000E+00	0.000000000000000E+00	0.000000000000000E+00	0.000000000000000E+00	0.000000000000000E+00	0.000000000000000E+00	0.000000000000000E+00	0.000000000000000E+00	0.000000000000000E+00	0.000000000000000E+00	0.000000000000000E+00	4.311644015924943E-05	1.345473838059914E-04	1.385430019709027E-04	1.173342818797449E-04	1.173241513220789E-04	1.173361637020933E-04	1.173260463554471E-04
DCP:CapPL	0.000000000000000E+00	0.000000000000000E+00	0.000000000000000E+00	0.000000000000000E+00	0.000000000000000E+00	0.000000000000000E+00	0.000000000000000E+00	0.000000000000000E+00	0.000000000000000E+00	0.000000000000000E+00	0.000000000000000E+00	4.291088658350199E-05	1.173342492548627E-04	1.173342818797449E-04	2.931217506194827E-04	1.295427826110374E-04	2.761106926214078E-04	1.294417464413116E-04
DCP:CapPR	0.000000000000000E+00	0.000000000000000E+00	0.000000000000000E+00	0.000000000000000E+00	0.000000000000000E+00	0.000000000000000E+00	0.000000000000000E+00	0.000000000000000E+00	0.000000000000000E+00	0.000000000000000E+00	0.000000000000000E+00	4.290984991116241E-05	1.173243785019183E-04	1.173241513220789E-04	1.295427826110374E-04	2.930529580827975E-04	1.294428484602213E-04	2.760598491390684E-04
DCP:QH_D_L	0.000000000000000E+00	0.000000000000000E+00	0.000000000000000E+00	0.000000000000000E+00	0.000000000000000E+00	0.000000000000000E+00	0.000000000000000E+00	0.000000000000000E+00	0.000000000000000E+00	0.000000000000000E+00	0.000000000000000E+00	4.291120473412750E-05	1.173361299522763E-04	1.173361637020933E-04	2.761106926214078E-04	1.294428484602213E-04	3.022500128526917E-04	1.293422742831991E-04
DCP:QH_D_R	0.000000000000000E+00	0.000000000000000E+00	0.000000000000000E+00	0.000000000000000E+00	0.000000000000000E+00	0.000000000000000E+00	0.000000000000000E+00	0.000000000000000E+00	0.000000000000000E+00	0.000000000000000E+00	0.000000000000000E+00	4.291016630546278E-05	1.173262728472489E-04	1.173260463554471E-04	1.294417464413116E-04	2.760598491390684E-04	1.293422742831991E-04	3.022230343666757E-04

DC Resistance Matrix Coupling Coefficient
	AC:QH_S_L	AC:QH_S_R	AC:QL_D_L	AC:QL_D_R	DCN:CapB1N	DCN:CapB2N	DCN:CapB3N	DCN:CapNL	DCN:CapNR	DCN:QL_S_L	DCN:QL_S_R	DCP:CapB1P	DCP:CapB2P	DCP:CapB3P	DCP:CapPL	DCP:CapPR	DCP:QH_D_L	DCP:QH_D_R	
AC:QH_S_L	1.000000000000000E+00	1.597553577450195E-01	8.981453490707169E-01	1.597477464638994E-01	0.000000000000000E+00	0.000000000000000E+00	0.000000000000000E+00	0.000000000000000E+00	0.000000000000000E+00	0.000000000000000E+00	0.000000000000000E+00	0.000000000000000E+00	0.000000000000000E+00	0.000000000000000E+00	0.000000000000000E+00	0.000000000000000E+00	0.000000000000000E+00	0.000000000000000E+00
AC:QH_S_R	1.597553577450195E-01	1.000000000000000E+00	1.597657076353914E-01	8.977225922227346E-01	0.000000000000000E+00	0.000000000000000E+00	0.000000000000000E+00	0.000000000000000E+00	0.000000000000000E+00	0.000000000000000E+00	0.000000000000000E+00	0.000000000000000E+00	0.000000000000000E+00	0.000000000000000E+00	0.000000000000000E+00	0.000000000000000E+00	0.000000000000000E+00	0.000000000000000E+00
AC:QL_D_L	8.981453490707169E-01	1.597657076353914E-01	1.000000000000000E+00	1.597580958660735E-01	0.000000000000000E+00	0.000000000000000E+00	0.000000000000000E+00	0.000000000000000E+00	0.000000000000000E+00	0.000000000000000E+00	0.000000000000000E+00	0.000000000000000E+00	0.000000000000000E+00	0.000000000000000E+00	0.000000000000000E+00	0.000000000000000E+00	0.000000000000000E+00	0.000000000000000E+00
AC:QL_D_R	1.597477464638994E-01	8.977225922227346E-01	1.597580958660735E-01	1.000000000000000E+00	0.000000000000000E+00	0.000000000000000E+00	0.000000000000000E+00	0.000000000000000E+00	0.000000000000000E+00	0.000000000000000E+00	0.000000000000000E+00	0.000000000000000E+00	0.000000000000000E+00	0.000000000000000E+00	0.000000000000000E+00	0.000000000000000E+00	0.000000000000000E+00	0.000000000000000E+00
DCN:CapB1N	0.000000000000000E+00	0.000000000000000E+00	0.000000000000000E+00	0.000000000000000E+00	1.000000000000000E+00	8.719729437928421E-01	3.862549212743552E-01	3.544993700610522E-01	3.544464111442964E-01	2.213026038655141E-01	2.213378353388820E-01	0.000000000000000E+00	0.000000000000000E+00	0.000000000000000E+00	0.000000000000000E+00	0.000000000000000E+00	0.000000000000000E+00	0.000000000000000E+00
DCN:CapB2N	0.000000000000000E+00	0.000000000000000E+00	0.000000000000000E+00	0.000000000000000E+00	8.719729437928421E-01	1.000000000000000E+00	3.869910416908685E-01	3.551762016903946E-01	3.551201932842553E-01	2.217246645781407E-01	2.217587941912052E-01	0.000000000000000E+00	0.000000000000000E+00	0.000000000000000E+00	0.000000000000000E+00	0.000000000000000E+00	0.000000000000000E+00	0.000000000000000E+00
DCN:CapB3N	0.000000000000000E+00	0.000000000000000E+00	0.000000000000000E+00	0.000000000000000E+00	3.862549212743552E-01	3.869910416908685E-01	1.000000000000000E+00	8.654458383550342E-01	8.652614111129185E-01	5.213477253862231E-01	5.214174168743916E-01	0.000000000000000E+00	0.000000000000000E+00	0.000000000000000E+00	0.000000000000000E+00	0.000000000000000E+00	0.000000000000000E+00	0.000000000000000E+00
DCN:CapNL	0.000000000000000E+00	0.000000000000000E+00	0.000000000000000E+00	0.000000000000000E+00	3.544993700610522E-01	3.551762016903946E-01	8.654458383550342E-01	1.000000000000000E+00	7.556411922155809E-01	4.885775647994030E-01	4.714640731545674E-01	0.000000000000000E+00	0.000000000000000E+00	0.000000000000000E+00	0.000000000000000E+00	0.000000000000000E+00	0.000000000000000E+00	0.000000000000000E+00
DCN:CapNR	0.000000000000000E+00	0.000000000000000E+00	0.000000000000000E+00	0.000000000000000E+00	3.544464111442964E-01	3.551201932842553E-01	8.652614111129185E-01	7.556411922155809E-01	1.000000000000000E+00	4.712969300004787E-01	4.885715452509422E-01	0.000000000000000E+00	0.000000000000000E+00	0.000000000000000E+00	0.000000000000000E+00	0.000000000000000E+00	0.000000000000000E+00	0.000000000000000E+00
DCN:QL_S_L	0.000000000000000E+00	0.000000000000000E+00	0.000000000000000E+00	0.000000000000000E+00	2.213026038655141E-01	2.217246645781407E-01	5.213477253862231E-01	4.885775647994030E-01	4.712969300004787E-01	1.000000000000000E+00	4.416934396136367E-01	0.000000000000000E+00	0.000000000000000E+00	0.000000000000000E+00	0.000000000000000E+00	0.000000000000000E+00	0.000000000000000E+00	0.000000000000000E+00
DCN:QL_S_R	0.000000000000000E+00	0.000000000000000E+00	0.000000000000000E+00	0.000000000000000E+00	2.213378353388820E-01	2.217587941912052E-01	5.214174168743916E-01	4.714640731545674E-01	4.885715452509422E-01	4.416934396136367E-01	1.000000000000000E+00	0.000000000000000E+00	0.000000000000000E+00	0.000000000000000E+00	0.000000000000000E+00	0.000000000000000E+00	0.000000000000000E+00	0.000000000000000E+00
DCP:CapB1P	0.000000000000000E+00	0.000000000000000E+00	0.000000000000000E+00	0.000000000000000E+00	0.000000000000000E+00	0.000000000000000E+00	0.000000000000000E+00	0.000000000000000E+00	0.000000000000000E+00	0.000000000000000E+00	0.000000000000000E+00	1.000000000000000E+00	4.795829932491805E-01	4.795862556732401E-01	3.281403168199133E-01	3.281709007261716E-01	3.231496366103507E-01	3.231562391561302E-01
DCP:CapB2P	0.000000000000000E+00	0.000000000000000E+00	0.000000000000000E+00	0.000000000000000E+00	0.000000000000000E+00	0.000000000000000E+00	0.000000000000000E+00	0.000000000000000E+00	0.000000000000000E+00	0.000000000000000E+00	0.000000000000000E+00	4.795829932491805E-01	1.000000000000000E+00	9.711500079184017E-01	5.822428088699115E-01	5.822621570043633E-01	5.733924277153578E-01	5.733698482346785E-01
DCP:CapB3P	0.000000000000000E+00	0.000000000000000E+00	0.000000000000000E+00	0.000000000000000E+00	0.000000000000000E+00	0.000000000000000E+00	0.000000000000000E+00	0.000000000000000E+00	0.000000000000000E+00	0.000000000000000E+00	0.000000000000000E+00	4.795862556732401E-01	9.711500079184017E-01	1.000000000000000E+00	5.822487970204940E-01	5.822668559853035E-01	5.733983303378398E-01	5.733744788331510E-01
DCP:CapPL	0.000000000000000E+00	0.000000000000000E+00	0.000000000000000E+00	0.000000000000000E+00	0.000000000000000E+00	0.000000000000000E+00	0.000000000000000E+00	0.000000000000000E+00	0.000000000000000E+00	0.000000000000000E+00	0.000000000000000E+00	3.281403168199133E-01	5.822428088699115E-01	5.822487970204940E-01	1.000000000000000E+00	4.419937659539276E-01	9.276326764096803E-01	4.348971485307828E-01
DCP:CapPR	0.000000000000000E+00	0.000000000000000E+00	0.000000000000000E+00	0.000000000000000E+00	0.000000000000000E+00	0.000000000000000E+00	0.000000000000000E+00	0.000000000000000E+00	0.000000000000000E+00	0.000000000000000E+00	0.000000000000000E+00	3.281709007261716E-01	5.822621570043633E-01	5.822668559853035E-01	4.419937659539276E-01	1.000000000000000E+00	4.349324812704910E-01	9.276121121451005E-01
DCP:QH_D_L	0.000000000000000E+00	0.000000000000000E+00	0.000000000000000E+00	0.000000000000000E+00	0.000000000000000E+00	0.000000000000000E+00	0.000000000000000E+00	0.000000000000000E+00	0.000000000000000E+00	0.000000000000000E+00	0.000000000000000E+00	3.231496366103507E-01	5.733924277153578E-01	5.733983303378398E-01	9.276326764096803E-01	4.349324812704910E-01	1.000000000000000E+00	4.279505099756166E-01
DCP:QH_D_R	0.000000000000000E+00	0.000000000000000E+00	0.000000000000000E+00	0.000000000000000E+00	0.000000000000000E+00	0.000000000000000E+00	0.000000000000000E+00	0.000000000000000E+00	0.000000000000000E+00	0.000000000000000E+00	0.000000000000000E+00	3.231562391561302E-01	5.733698482346785E-01	5.733744788331510E-01	4.348971485307828E-01	9.276121121451005E-01	4.279505099756166E-01	1.000000000000000E+00

AC Inductance Matrix
	AC:QH_S_L	AC:QH_S_R	AC:QL_D_L	AC:QL_D_R	DCN:CapB1N	DCN:CapB2N	DCN:CapB3N	DCN:CapNL	DCN:CapNR	DCN:QL_S_L	DCN:QL_S_R	DCP:CapB1P	DCP:CapB2P	DCP:CapB3P	DCP:CapPL	DCP:CapPR	DCP:QH_D_L	DCP:QH_D_R	
AC:QH_S_L	1.114637645211959E+00	3.865625454914330E-01	1.055907489657459E+00	3.620257383649603E-01	-4.879643339062841E-05	-2.746346935988077E-04	-5.617087568668408E-03	2.410912339269746E-03	-1.846478630218649E-02	-7.548208347488897E-02	-1.458330696204155E-01	-3.959545167588272E-04	-6.521137710499594E-03	-6.887928066827594E-03	4.542846580812455E-02	-8.255295866522487E-02	5.416686739457622E-02	-1.007339315068713E-01
AC:QH_S_R	3.865625454914330E-01	1.115578460187067E+00	3.619625170747736E-01	1.056868800372431E+00	-5.202197257319130E-05	-2.789789455758363E-04	-5.610953974699918E-03	-1.845570586096898E-02	2.406309107654729E-03	-1.461281104463163E-01	-7.543571876489873E-02	-3.946984412518190E-04	-6.475307657195684E-03	-6.838656807434852E-03	-8.256459518672182E-02	4.554914767221765E-02	-1.009785852142829E-01	5.428829705488444E-02
AC:QL_D_L	1.055907489657459E+00	3.619625170747736E-01	1.076481006472593E+00	3.397780134679312E-01	-4.019938704001625E-05	-2.326438374616751E-04	-4.625849724634182E-03	2.811764046661390E-03	-1.609642580993792E-02	-3.337693193433372E-03	-1.309806704956041E-01	-3.426729910762612E-04	-5.033192488105451E-03	-5.342478215503381E-03	4.897884282512042E-02	-7.542928996847853E-02	5.733238107261419E-02	-9.174705650127282E-02
AC:QL_D_R	3.620257383649603E-01	1.056868800372431E+00	3.397780134679312E-01	1.077460441694213E+00	-4.282878168340953E-05	-2.368528258545481E-04	-4.624944670476488E-03	-1.609861432740138E-02	2.791429593692090E-03	-1.312850261689840E-01	-3.302273932065736E-03	-3.399842742400926E-04	-4.993314959108871E-03	-5.297701050419721E-03	-7.546081999253820E-02	4.904421864417585E-02	-9.199284363180837E-02	5.736612247651641E-02
DCN:CapB1N	-4.879643339062841E-05	-5.202197257319130E-05	-4.019938704001625E-05	-4.282878168340953E-05	3.251546700516662E-02	2.933808526230250E-02	2.643552671910483E-02	2.645139856819351E-02	2.645328555569997E-02	2.653865940768090E-02	2.654469398947701E-02	1.724735569885746E-03	1.095841263519865E-03	1.036725608976165E-03	1.146349908167042E-03	1.144265241810812E-03	1.169595876383674E-03	1.167785961952907E-03
DCN:CapB2N	-2.746346935988077E-04	-2.789789455758363E-04	-2.326438374616751E-04	-2.368528258545481E-04	2.933808526230250E-02	3.237199644978715E-02	2.995415386046324E-02	3.002354879709972E-02	3.002549358703180E-02	3.031310262005612E-02	3.031765009144414E-02	1.651439636766855E-03	6.354637144820065E-03	6.337299330555321E-03	7.088799899134782E-03	7.086537682699380E-03	7.150300052081188E-03	7.147766824007457E-03
DCN:CapB3N	-5.617087568668408E-03	-5.610953974699918E-03	-4.625849724634182E-03	-4.624944670476488E-03	2.643552671910483E-02	2.995415386046324E-02	1.544901977663462E-01	1.574687421325201E-01	1.574805555154573E-01	1.643650939253183E-01	1.643704363562848E-01	2.212196294333815E-03	6.102822908411077E-02	6.850496254765216E-02	1.255907080198750E-01	1.256046062240463E-01	1.271207982331979E-01	1.271160032616833E-01
DCN:CapNL	2.410912339269746E-03	-1.845570586096898E-02	2.811764046661390E-03	-1.609861432740138E-02	2.645139856819351E-02	3.002354879709972E-02	1.574687421325201E-01	2.058459531211279E-01	1.623903820319175E-01	2.098128000786562E-01	1.781244527250763E-01	2.285794247015399E-03	6.361281103537489E-02	7.125864050023373E-02	1.631431125441086E-01	1.346618289426967E-01	1.652032821904403E-01	1.375510767783897E-01
DCN:CapNR	-1.846478630218649E-02	2.406309107654729E-03	-1.609642580993792E-02	2.791429593692090E-03	2.645328555569997E-02	3.002549358703180E-02	1.574805555154573E-01	1.623903820319175E-01	2.058751249927384E-01	1.781585667182398E-01	2.098750043112335E-01	2.285602401056659E-03	6.362957025387284E-02	7.127412341181935E-02	1.346808332830925E-01	1.632214245626570E-01	1.376102609989217E-01	1.652813698036486E-01
DCN:QL_S_L	-7.548208347488897E-02	-1.461281104463163E-01	-3.337693193433372E-03	-1.312850261689840E-01	2.653865940768090E-02	3.031310262005612E-02	1.643650939253183E-01	2.098128000786562E-01	1.781585667182398E-01	6.176142747453720E-01	2.632623688663812E-01	2.595339955323786E-03	7.251644591343478E-02	8.057870798458069E-02	2.305933865896448E-01	1.773483379164822E-01	2.880000066479643E-01	1.907881168017622E-01
DCN:QL_S_R	-1.458330696204155E-01	-7.543571876489873E-02	-1.309806704956041E-01	-3.302273932065736E-03	2.654469398947701E-02	3.031765009144414E-02	1.643704363562848E-01	1.781244527250763E-01	2.098750043112335E-01	2.632623688663812E-01	6.174031498176794E-01	2.596897048576404E-03	7.252930079581277E-02	8.059103968030186E-02	1.773274037062389E-01	2.305078432968506E-01	1.909208179998714E-01	2.873321189785135E-01
DCP:CapB1P	-3.959545167588272E-04	-3.946984412518190E-04	-3.426729910762612E-04	-3.399842742400926E-04	1.724735569885746E-03	1.651439636766855E-03	2.212196294333815E-03	2.285794247015399E-03	2.285602401056659E-03	2.595339955323786E-03	2.596897048576404E-03	7.387018786106150E-02	6.494763604012732E-02	6.498376385735065E-02	6.574826541088304E-02	6.574725842739257E-02	6.580389968554234E-02	6.580047820473718E-02
DCP:CapB2P	-6.521137710499594E-03	-6.475307657195684E-03	-5.033192488105451E-03	-4.993314959108871E-03	1.095841263519865E-03	6.354637144820065E-03	6.102822908411077E-02	6.361281103537489E-02	6.362957025387284E-02	7.251644591343478E-02	7.252930079581277E-02	6.494763604012732E-02	5.087949782943338E-01	5.093575619276228E-01	5.263809995019334E-01	5.264403815906713E-01	5.280781499192876E-01	5.281273557275744E-01
DCP:CapB3P	-6.887928066827594E-03	-6.838656807434852E-03	-5.342478215503381E-03	-5.297701050419721E-03	1.036725608976165E-03	6.337299330555321E-03	6.850496254765216E-02	7.125864050023373E-02	7.127412341181935E-02	8.057870798458069E-02	8.059103968030186E-02	6.498376385735065E-02	5.093575619276228E-01	5.163188732808115E-01	5.338401017306660E-01	5.339013900136383E-01	5.356202287330760E-01	5.356705195707260E-01
DCP:CapPL	4.542846580812455E-02	-8.256459518672182E-02	4.897884282512042E-02	-7.546081999253820E-02	1.146349908167042E-03	7.088799899134782E-03	1.255907080198750E-01	1.631431125441086E-01	1.346808332830925E-01	2.305933865896448E-01	1.773274037062389E-01	6.574826541088304E-02	5.263809995019334E-01	5.338401017306660E-01	1.248347834408086E+00	7.367514202440616E-01	1.250501236293428E+00	7.438567781742358E-01
DCP:CapPR	-8.255295866522487E-02	4.554914767221765E-02	-7.542928996847853E-02	4.904421864417585E-02	1.144265241810812E-03	7.086537682699380E-03	1.256046062240463E-01	1.346618289426967E-01	1.632214245626570E-01	1.773483379164822E-01	2.305078432968506E-01	6.574725842739257E-02	5.264403815906713E-01	5.339013900136383E-01	7.367514202440616E-01	1.248554675588810E+00	7.439484131089564E-01	1.250560052721612E+00
DCP:QH_D_L	5.416686739457622E-02	-1.009785852142829E-01	5.733238107261419E-02	-9.199284363180837E-02	1.169595876383674E-03	7.150300052081188E-03	1.271207982331979E-01	1.652032821904403E-01	1.376102609989217E-01	2.880000066479643E-01	1.909208179998714E-01	6.580389968554234E-02	5.280781499192876E-01	5.356202287330760E-01	1.250501236293428E+00	7.439484131089564E-01	1.314111684931093E+00	7.527182119474050E-01
DCP:QH_D_R	-1.007339315068713E-01	5.428829705488444E-02	-9.174705650127282E-02	5.736612247651641E-02	1.167785961952907E-03	7.147766824007457E-03	1.271160032616833E-01	1.375510767783897E-01	1.652813698036486E-01	1.907881168017622E-01	2.873321189785135E-01	6.580047820473718E-02	5.281273557275744E-01	5.356705195707260E-01	7.438567781742358E-01	1.250560052721612E+00	7.527182119474050E-01	1.313546176122624E+00

AC Inductance Matrix Coupling Coefficient
	AC:QH_S_L	AC:QH_S_R	AC:QL_D_L	AC:QL_D_R	DCN:CapB1N	DCN:CapB2N	DCN:CapB3N	DCN:CapNL	DCN:CapNR	DCN:QL_S_L	DCN:QL_S_R	DCP:CapB1P	DCP:CapB2P	DCP:CapB3P	DCP:CapPL	DCP:CapPR	DCP:QH_D_L	DCP:QH_D_R	
AC:QH_S_L	1.000000000000000E+00	3.466593026131772E-01	9.639529379673222E-01	3.303481868885381E-01	2.563163019549035E-04	1.445785297007619E-03	1.353611005025782E-02	5.033190865707016E-03	3.854566073499543E-02	9.097422472882066E-02	1.757942815018080E-01	1.379888027042113E-03	8.659346340687641E-03	9.079517070645556E-03	3.851176393377279E-02	6.997807747706195E-02	4.475594465871535E-02	8.325038653864772E-02
AC:QH_S_R	3.466593026131772E-01	1.000000000000000E+00	3.303013538209285E-01	9.639851641631406E-01	2.731440582595966E-04	1.468035731619513E-03	1.351562649835538E-02	3.851318476950772E-02	5.021106311858439E-03	1.760455476516549E-01	9.089553542375960E-02	1.374930510825745E-03	8.594862620535989E-03	9.010766780165880E-03	6.996421886341436E-02	3.859458824888239E-02	8.339943010801021E-02	4.484700926413807E-02
AC:QL_D_L	9.639529379673222E-01	3.303013538209285E-01	1.000000000000000E+00	3.154942293206288E-01	2.148677555260851E-04	1.246245563079686E-03	1.134325956008461E-02	5.973165128583431E-03	3.419198612211515E-02	4.093403577056867E-03	1.606643802532053E-01	1.215184126622033E-03	6.800940039130460E-03	7.166062210015291E-03	4.225105215427862E-02	6.506284522141975E-02	4.820373104186251E-02	7.715539194442349E-02
AC:QL_D_R	3.303481868885381E-01	9.639851641631406E-01	3.154942293206288E-01	1.000000000000000E+00	2.288179315704933E-04	1.268215805537222E-03	1.133588443566065E-02	3.418351062002681E-02	5.926851874313534E-03	1.609369866206136E-01	4.048815703422665E-03	1.205101315717691E-03	6.743989497439653E-03	7.102770464405541E-03	6.506584089927453E-02	4.228471133015318E-02	7.731027855967423E-02	4.822054964676735E-02
DCN:CapB1N	2.563163019549035E-04	2.731440582595966E-04	2.148677555260851E-04	2.288179315704933E-04	1.000000000000000E+00	9.042781275377763E-01	3.729859781416134E-01	3.233199290718188E-01	3.233200848748799E-01	1.872730657952015E-01	1.873476736578132E-01	3.519191664873465E-02	8.519836166208907E-03	8.001286629114552E-03	5.689896891021996E-03	5.679079199993268E-03	5.658153066073370E-03	5.650613204777328E-03
DCN:CapB2N	1.445785297007619E-03	1.468035731619513E-03	1.246245563079686E-03	1.268215805537222E-03	9.042781275377763E-01	1.000000000000000E+00	4.235667392445235E-01	3.677952499463164E-01	3.677930137233819E-01	2.143813419452960E-01	2.144501596210150E-01	3.377095641031432E-02	4.951475184691186E-02	4.901855204182273E-02	3.526307405744036E-02	3.524890060467907E-02	3.466756880528314E-02	3.466274578940794E-02
DCN:CapB3N	1.353611005025782E-02	1.351562649835538E-02	1.134325956008461E-02	1.133588443566065E-02	3.729859781416134E-01	4.235667392445235E-01	1.000000000000000E+00	8.830244464062746E-01	8.830281235040129E-01	5.321088291184572E-01	5.322170986628953E-01	2.070802087916260E-02	2.176751713986004E-01	2.425563051976943E-01	2.859823549794422E-01	2.859903103888791E-01	2.821304803058681E-01	2.821805610787354E-01
DCN:CapNL	5.033190865707016E-03	3.851318476950772E-02	5.973165128583431E-03	3.418351062002681E-02	3.233199290718188E-01	3.677952499463164E-01	8.830244464062746E-01	1.000000000000000E+00	7.888368658872691E-01	5.884399507955732E-01	4.996523748617627E-01	1.853665499647227E-02	1.965631089622014E-01	2.185784619303143E-01	3.218324052747084E-01	2.656253742750009E-01	3.176372053221120E-01	2.645270907353525E-01
DCN:CapNR	3.854566073499543E-02	5.021106311858439E-03	3.419198612211515E-02	5.926851874313534E-03	3.233200848748799E-01	3.677930137233819E-01	8.830281235040129E-01	7.888368658872691E-01	1.000000000000000E+00	4.996272414687338E-01	5.886733290643027E-01	1.853378599134028E-02	1.966009644654182E-01	2.186104642887140E-01	2.656660451857796E-01	3.219374081906323E-01	2.645652146982342E-01	3.178332240445170E-01
DCN:QL_S_L	9.097422472882066E-02	1.760455476516549E-01	4.093403577056867E-03	1.609369866206136E-01	1.872730657952015E-01	2.143813419452960E-01	5.321088291184572E-01	5.884399507955732E-01	4.996272414687338E-01	1.000000000000000E+00	4.263298111866768E-01	1.215069133071954E-02	1.293619162303473E-01	1.426929895058286E-01	2.626155142790288E-01	2.019596816418633E-01	3.196816415946225E-01	2.118214742965367E-01
DCN:QL_S_R	1.757942815018080E-01	9.089553542375960E-02	1.606643802532053E-01	4.048815703422665E-03	1.873476736578132E-01	2.144501596210150E-01	5.322170986628953E-01	4.996523748617627E-01	5.886733290643027E-01	4.263298111866768E-01	1.000000000000000E+00	1.216005979891658E-02	1.294069681189296E-01	1.427392261524526E-01	2.019870977158736E-01	2.625412231742939E-01	2.119594224764968E-01	3.190634692021049E-01
DCP:CapB1P	1.379888027042113E-03	1.374930510825745E-03	1.215184126622033E-03	1.205101315717691E-03	3.519191664873465E-02	3.377095641031432E-02	2.070802087916260E-02	1.853665499647227E-02	1.853378599134028E-02	1.215069133071954E-02	1.216005979891658E-02	1.000000000000000E+00	3.350096664070483E-01	3.327447869169554E-01	2.165119601258984E-01	2.164907094440239E-01	2.112033932385543E-01	2.112378681551580E-01
DCP:CapB2P	8.659346340687641E-03	8.594862620535989E-03	6.800940039130460E-03	6.743989497439653E-03	8.519836166208907E-03	4.951475184691186E-02	2.176751713986004E-01	1.965631089622014E-01	1.966009644654182E-01	1.293619162303473E-01	1.294069681189296E-01	3.350096664070483E-01	1.000000000000000E+00	9.937847997356054E-01	6.604820057746466E-01	6.605017984175833E-01	6.458187528180198E-01	6.460179467421083E-01
DCP:CapB3P	9.079517070645556E-03	9.010766780165880E-03	7.166062210015291E-03	7.102770464405541E-03	8.001286629114552E-03	4.901855204182273E-02	2.425563051976943E-01	2.185784619303143E-01	2.186104642887140E-01	1.426929895058286E-01	1.427392261524526E-01	3.327447869169554E-01	9.937847997356054E-01	1.000000000000000E+00	6.649429538648187E-01	6.649642062752927E-01	6.502522025848666E-01	6.504532281228044E-01
DCP:CapPL	3.851176393377279E-02	6.996421886341436E-02	4.225105215427862E-02	6.506584089927453E-02	5.689896891021996E-03	3.526307405744036E-02	2.859823549794422E-01	3.218324052747084E-01	2.656660451857796E-01	2.626155142790288E-01	2.019870977158736E-01	2.165119601258984E-01	6.604820057746466E-01	6.649429538648187E-01	1.000000000000000E+00	5.901323097896111E-01	9.763379730848948E-01	5.808966158517097E-01
DCP:CapPR	6.997807747706195E-02	3.859458824888239E-02	6.506284522141975E-02	4.228471133015318E-02	5.679079199993268E-03	3.524890060467907E-02	2.859903103888791E-01	2.656253742750009E-01	3.219374081906323E-01	2.019596816418633E-01	2.625412231742939E-01	2.164907094440239E-01	6.605017984175833E-01	6.649642062752927E-01	5.901323097896111E-01	1.000000000000000E+00	5.807950423136763E-01	9.765131517282537E-01
DCP:QH_D_L	4.475594465871535E-02	8.339943010801021E-02	4.820373104186251E-02	7.731027855967423E-02	5.658153066073370E-03	3.466756880528314E-02	2.821304803058681E-01	3.176372053221120E-01	2.645652146982342E-01	3.196816415946225E-01	2.119594224764968E-01	2.112033932385543E-01	6.458187528180198E-01	6.502522025848666E-01	9.763379730848948E-01	5.807950423136763E-01	1.000000000000000E+00	5.729195117338530E-01
DCP:QH_D_R	8.325038653864772E-02	4.484700926413807E-02	7.715539194442349E-02	4.822054964676735E-02	5.650613204777328E-03	3.466274578940794E-02	2.821805610787354E-01	2.645270907353525E-01	3.178332240445170E-01	2.118214742965367E-01	3.190634692021049E-01	2.112378681551580E-01	6.460179467421083E-01	6.504532281228044E-01	5.808966158517097E-01	9.765131517282537E-01	5.729195117338530E-01	1.000000000000000E+00

AC Resistance Matrix
	AC:QH_S_L	AC:QH_S_R	AC:QL_D_L	AC:QL_D_R	DCN:CapB1N	DCN:CapB2N	DCN:CapB3N	DCN:CapNL	DCN:CapNR	DCN:QL_S_L	DCN:QL_S_R	DCP:CapB1P	DCP:CapB2P	DCP:CapB3P	DCP:CapPL	DCP:CapPR	DCP:QH_D_L	DCP:QH_D_R	
AC:QH_S_L	6.210739088634022E-03	5.436094760003986E-04	5.672962412437754E-03	3.998477981053891E-04	-2.737038478411520E-07	-4.369941632364143E-06	-1.012513175853435E-04	-8.698442944833371E-05	-1.772190330908258E-04	-1.387932770767963E-03	-2.160468541809614E-03	-5.161283700054395E-06	-1.013344581842833E-04	-1.086176355820207E-04	-3.565749488659923E-04	-3.184068127417580E-04	-3.690303770354982E-04	-4.208523081594947E-04
AC:QH_S_R	5.436094760003986E-04	6.249129633739268E-03	3.985914795420268E-04	5.712589552684538E-03	-2.680287974656466E-07	-4.388770846770400E-06	-1.034302357191283E-04	-1.823215808969447E-04	-8.944641321788821E-05	-2.188212566528886E-03	-1.389801032851079E-03	-5.154989080789866E-06	-1.031010613772430E-04	-1.105555677349486E-04	-3.273115798589242E-04	-3.546787444254632E-04	-4.312760659776706E-04	-3.649570336097662E-04
AC:QL_D_L	5.672962412437754E-03	3.985914795420268E-04	5.829924935783297E-03	2.769678748061868E-04	-2.434659122876514E-07	-3.610129552865884E-06	-7.969977885983800E-05	-6.774883216842982E-05	-1.420130143928413E-04	-8.340463210811590E-04	-1.885052787593039E-03	-4.262315796966980E-06	-7.979823393825772E-05	-8.569660415392949E-05	-2.940153298568772E-04	-2.288170282653991E-04	-3.037347581708292E-04	-3.133291632412470E-04
AC:QL_D_R	3.998477981053891E-04	5.712589552684538E-03	2.769678748061868E-04	5.869947106277180E-03	-2.383233411150173E-07	-3.633185609750708E-06	-8.195639983655267E-05	-1.470233719681407E-04	-7.016153564397666E-05	-1.911588166179278E-03	-8.356593705565393E-04	-4.255616307735810E-06	-8.158419971127960E-05	-8.765667114715570E-05	-2.374421834012530E-04	-2.925635350590909E-04	-3.233628887497562E-04	-3.001136838838803E-04
DCN:CapB1N	-2.737038478411520E-07	-2.680287974656466E-07	-2.434659122876514E-07	-2.383233411150173E-07	3.748620774934379E-04	3.228937871205806E-04	2.592163614376387E-04	2.587283744308138E-04	2.587477685814490E-04	2.597361994416363E-04	2.598158932428644E-04	2.164633539214897E-05	-1.621552689780908E-05	-1.843577627035950E-05	-1.915113375835992E-05	-1.898141276094070E-05	-1.893668988023864E-05	-1.875802555552449E-05
DCN:CapB2N	-4.369941632364143E-06	-4.388770846770400E-06	-3.610129552865884E-06	-3.633185609750708E-06	3.228937871205806E-04	3.714579107923380E-04	3.184317705906896E-04	3.190587313805263E-04	3.190726810138772E-04	3.263074972086544E-04	3.263515595165361E-04	2.062165027748541E-05	7.006886068276211E-05	6.890817192432873E-05	8.063122456241319E-05	8.082671308493861E-05	8.168172118186960E-05	8.188531776557452E-05
DCN:CapB3N	-1.012513175853435E-04	-1.034302357191283E-04	-7.969977885983800E-05	-8.195639983655267E-05	2.592163614376387E-04	3.184317705906896E-04	2.583235598555203E-03	2.623283914222207E-03	2.621974644404597E-03	2.769995013835032E-03	2.767586653192744E-03	3.558146694662158E-05	9.872497652426441E-04	1.125546791810378E-03	2.103363390493168E-03	2.102394511337488E-03	2.137874805270491E-03	2.136871461967947E-03
DCN:CapNL	-8.698442944833371E-05	-1.823215808969447E-04	-6.774883216842982E-05	-1.470233719681407E-04	2.587283744308138E-04	3.190587313805263E-04	2.623283914222207E-03	3.106404788838673E-03	2.684733897360321E-03	3.156750596425209E-03	3.016253203052796E-03	3.689290439953345E-05	1.022561773380176E-03	1.164591916924324E-03	2.438374240760269E-03	2.229159269752228E-03	2.481653793847155E-03	2.279485092557676E-03
DCN:CapNR	-1.772190330908258E-04	-8.944641321788821E-05	-1.420130143928413E-04	-7.016153564397666E-05	2.587477685814490E-04	3.190726810138772E-04	2.621974644404597E-03	2.684733897360321E-03	3.099014114199882E-03	3.017052480500260E-03	3.148460524870566E-03	3.689605548208539E-05	1.022182614434945E-03	1.164175890891476E-03	2.228430523560061E-03	2.431940444873306E-03	2.278683598414559E-03	2.475163618169833E-03
DCN:QL_S_L	-1.387932770767963E-03	-2.188212566528886E-03	-8.340463210811590E-04	-1.911588166179278E-03	2.597361994416363E-04	3.263074972086544E-04	2.769995013835032E-03	3.156750596425209E-03	3.017052480500260E-03	1.073477772544292E-02	5.405451948336640E-03	4.485919354775264E-05	1.224813846974460E-03	1.381013772797999E-03	4.039005061595523E-03	3.173936048528359E-03	4.491911123624711E-03	3.435288863563404E-03
DCN:QL_S_R	-2.160468541809614E-03	-1.389801032851079E-03	-1.885052787593039E-03	-8.356593705565393E-04	2.598158932428644E-04	3.263515595165361E-04	2.767586653192744E-03	3.016253203052796E-03	3.148460524870566E-03	5.405451948336640E-03	1.069577168022031E-02	4.492555718670683E-05	1.223583266035885E-03	1.379672348156153E-03	3.168648999638748E-03	4.031519190711708E-03	3.430699315806326E-03	4.483600291819155E-03
DCP:CapB1P	-5.161283700054395E-06	-5.154989080789866E-06	-4.262315796966980E-06	-4.255616307735810E-06	2.164633539214897E-05	2.062165027748541E-05	3.558146694662158E-05	3.689290439953345E-05	3.689605548208539E-05	4.485919354775264E-05	4.492555718670683E-05	7.594675773951172E-04	6.644329234515311E-04	6.653311951856560E-04	6.749291605614523E-04	6.750712459890464E-04	6.758631606845582E-04	6.760152891489860E-04
DCP:CapB2P	-1.013344581842833E-04	-1.031010613772430E-04	-7.979823393825772E-05	-8.158419971127960E-05	-1.621552689780908E-05	7.006886068276211E-05	9.872497652426441E-04	1.022561773380176E-03	1.022182614434945E-03	1.224813846974460E-03	1.223583266035885E-03	6.644329234515311E-04	3.412233706306474E-03	3.422118322810671E-03	3.474690968493950E-03	3.472944220862948E-03	3.496872968831691E-03	3.495220861149430E-03
DCP:CapB3P	-1.086176355820207E-04	-1.105555677349486E-04	-8.569660415392949E-05	-8.765667114715570E-05	-1.843577627035950E-05	6.890817192432873E-05	1.125546791810378E-03	1.164591916924324E-03	1.164175890891476E-03	1.381013772797999E-03	1.379672348156153E-03	6.653311951856560E-04	3.422118322810671E-03	3.542811722537759E-03	3.606111500940875E-03	3.604085181313217E-03	3.630297104947740E-03	3.628336756734711E-03
DCP:CapPL	-3.565749488659923E-04	-3.273115798589242E-04	-2.940153298568772E-04	-2.374421834012530E-04	-1.915113375835992E-05	8.063122456241319E-05	2.103363390493168E-03	2.438374240760269E-03	2.228430523560061E-03	4.039005061595523E-03	3.168648999638748E-03	6.749291605614523E-04	3.474690968493950E-03	3.606111500940875E-03	8.982091182421768E-03	4.815358059566919E-03	8.986145690798763E-03	4.913085837613175E-03
DCP:CapPR	-3.184068127417580E-04	-3.546787444254632E-04	-2.288170282653991E-04	-2.925635350590909E-04	-1.898141276094070E-05	8.082671308493861E-05	2.102394511337488E-03	2.229159269752228E-03	2.431940444873306E-03	3.173936048528359E-03	4.031519190711708E-03	6.750712459890464E-04	3.472944220862948E-03	3.604085181313217E-03	4.815358059566919E-03	8.976760772114853E-03	4.914000736418400E-03	8.981791067738512E-03
DCP:QH_D_L	-3.690303770354982E-04	-4.312760659776706E-04	-3.037347581708292E-04	-3.233628887497562E-04	-1.893668988023864E-05	8.168172118186960E-05	2.137874805270491E-03	2.481653793847155E-03	2.278683598414559E-03	4.491911123624711E-03	3.430699315806326E-03	6.758631606845582E-04	3.496872968831691E-03	3.630297104947740E-03	8.986145690798763E-03	4.914000736418400E-03	9.560226932452044E-03	5.029120119760854E-03
DCP:QH_D_R	-4.208523081594947E-04	-3.649570336097662E-04	-3.133291632412470E-04	-3.001136838838803E-04	-1.875802555552449E-05	8.188531776557452E-05	2.136871461967947E-03	2.279485092557676E-03	2.475163618169833E-03	3.435288863563404E-03	4.483600291819155E-03	6.760152891489860E-04	3.495220861149430E-03	3.628336756734711E-03	4.913085837613175E-03	8.981791067738512E-03	5.029120119760854E-03	9.562128976463524E-03

AC Resistance Matrix Coupling Coefficient
	AC:QH_S_L	AC:QH_S_R	AC:QL_D_L	AC:QL_D_R	DCN:CapB1N	DCN:CapB2N	DCN:CapB3N	DCN:CapNL	DCN:CapNR	DCN:QL_S_L	DCN:QL_S_R	DCP:CapB1P	DCP:CapB2P	DCP:CapB3P	DCP:CapPL	DCP:CapPR	DCP:QH_D_L	DCP:QH_D_R	
AC:QH_S_L	1.000000000000000E+00	8.725807124963032E-02	9.427722309797338E-01	6.622256104159499E-02	1.793797880627824E-04	2.877061781112503E-03	2.527825161619510E-02	1.980344986019355E-02	4.039493773927348E-02	1.699809528498352E-01	2.650758988249672E-01	2.376465260150530E-03	2.201233547129917E-02	2.315552679097031E-02	4.774088398940027E-02	4.264330761041202E-02	4.789127217983096E-02	5.461108087076041E-02
AC:QH_S_R	8.725807124963032E-02	1.000000000000000E+00	6.603691286247565E-02	9.432051435464824E-01	1.751200760084959E-04	2.880569331295176E-03	2.574279741904448E-02	4.138083858826620E-02	2.032550693615552E-02	2.671672453557339E-01	1.699952558121060E-01	2.366264911337236E-03	2.232718571956135E-02	2.349615593115290E-02	4.368807143483004E-02	4.735497042027626E-02	5.579708229489744E-02	4.721224720021765E-02
AC:QL_D_L	9.427722309797338E-01	6.603691286247565E-02	1.000000000000000E+00	4.734573066871764E-02	1.646914028113563E-04	2.453220018298351E-03	2.053731320827312E-02	1.591993566620437E-02	3.341064711404484E-02	1.054295035256052E-01	2.387184429467317E-01	2.025627214457986E-03	1.789132125862218E-02	1.885637014880252E-02	4.063027518044182E-02	3.162984281669049E-02	4.068449330229776E-02	4.196546491209002E-02
AC:QL_D_R	6.622256104159499E-02	9.432051435464824E-01	4.734573066871764E-02	1.000000000000000E+00	1.606622078925306E-04	2.460456467630242E-03	2.104668834539132E-02	3.443025677231860E-02	1.645016335370422E-02	2.408134342420444E-01	1.054644596122171E-01	2.015536890645252E-03	1.822928267687354E-02	1.922179067187595E-02	3.270032382984742E-02	4.030354759656004E-02	4.316571921060233E-02	4.005819766774638E-02
DCN:CapB1N	1.793797880627824E-04	1.751200760084959E-04	1.646914028113563E-04	1.606622078925306E-04	1.000000000000000E+00	8.653048321711159E-01	2.634175146890562E-01	2.397614091906462E-01	2.400651298962027E-01	1.294792572529474E-01	1.297549391048764E-01	4.056897268289414E-02	1.433758239655823E-02	1.599748231306880E-02	1.043686355785433E-02	1.034744087713122E-02	1.000309083280328E-02	9.907727896070107E-03
DCN:CapB2N	2.877061781112503E-03	2.880569331295176E-03	2.453220018298351E-03	2.460456467630242E-03	8.653048321711159E-01	1.000000000000000E+00	3.250720105444609E-01	2.970207597495411E-01	2.973877249601814E-01	1.634089043748635E-01	1.637287041984248E-01	3.882522600549208E-02	6.223731748975465E-02	6.006782214683909E-02	4.414278401126517E-02	4.426294300315787E-02	4.334469726238046E-02	4.344841461728821E-02
DCN:CapB3N	2.527825161619510E-02	2.574279741904448E-02	2.053731320827312E-02	2.104668834539132E-02	2.634175146890562E-01	3.250720105444609E-01	1.000000000000000E+00	9.260496335686522E-01	9.266904811346485E-01	5.260178122603646E-01	5.265179204112586E-01	2.540312947130052E-02	3.325260292376381E-01	3.720553119479988E-01	4.366601628958415E-01	4.365885883872233E-01	4.301957940737801E-01	4.299511273187452E-01
DCN:CapNL	1.980344986019355E-02	4.138083858826620E-02	1.591993566620437E-02	3.443025677231860E-02	2.397614091906462E-01	2.970207597495411E-01	9.260496335686522E-01	1.000000000000000E+00	8.652875312512508E-01	5.466567555942373E-01	5.232782826247676E-01	2.401923680837524E-02	3.140806243183273E-01	3.510514016963607E-01	4.616178654576185E-01	4.221358632495975E-01	4.553843176046384E-01	4.182446883355053E-01
DCN:CapNR	4.039493773927348E-02	2.032550693615552E-02	3.341064711404484E-02	1.645016335370422E-02	2.400651298962027E-01	2.973877249601814E-01	9.266904811346485E-01	8.652875312512508E-01	1.000000000000000E+00	5.230877617913081E-01	5.468653585242039E-01	2.404991482208993E-02	3.143383206730435E-01	3.513441991692987E-01	4.223753762418752E-01	4.610853594357495E-01	4.186375196354449E-01	4.546894076348240E-01
DCN:QL_S_L	1.699809528498352E-01	2.671672453557339E-01	1.054295035256052E-01	2.408134342420444E-01	1.294792572529474E-01	1.634089043748635E-01	5.260178122603646E-01	5.466567555942373E-01	5.230877617913081E-01	1.000000000000000E+00	5.044631194161112E-01	1.571087287883433E-02	2.023737480467836E-01	2.239378194927552E-01	4.113288198122589E-01	3.233268848477041E-01	4.434049386152686E-01	3.390700534169042E-01
DCN:QL_S_R	2.650758988249672E-01	1.699952558121060E-01	2.387184429467317E-01	1.054644596122171E-01	1.297549391048764E-01	1.637287041984248E-01	5.265179204112586E-01	5.232782826247676E-01	5.468653585242039E-01	5.044631194161112E-01	1.000000000000000E+00	1.576277917029014E-02	2.025387301351000E-01	2.241278689583372E-01	3.232803757756781E-01	4.114365255976378E-01	3.392676835050991E-01	4.433467491404973E-01
DCP:CapB1P	2.376465260150530E-03	2.366264911337236E-03	2.025627214457986E-03	2.015536890645252E-03	4.056897268289414E-02	3.882522600549208E-02	2.540312947130052E-02	2.401923680837524E-02	2.404991482208993E-02	1.571087287883433E-02	1.576277917029014E-02	1.000000000000000E+00	4.127405521208054E-01	4.056105392529171E-01	2.584132889813449E-01	2.585444177035887E-01	2.508245578228263E-01	2.508560621889010E-01
DCP:CapB2P	2.201233547129917E-02	2.232718571956135E-02	1.789132125862218E-02	1.822928267687354E-02	1.433758239655823E-02	6.223731748975465E-02	3.325260292376381E-01	3.140806243183273E-01	3.143383206730435E-01	2.023737480467836E-01	2.025387301351000E-01	4.127405521208054E-01	1.000000000000000E+00	9.842413365613072E-01	6.276363257640327E-01	6.275070335319274E-01	6.122465844078590E-01	6.118964601969621E-01
DCP:CapB3P	2.315552679097031E-02	2.349615593115290E-02	1.885637014880252E-02	1.922179067187595E-02	1.599748231306880E-02	6.006782214683909E-02	3.720553119479988E-01	3.510514016963607E-01	3.513441991692987E-01	2.239378194927552E-01	2.241278689583372E-01	4.056105392529171E-01	9.842413365613072E-01	1.000000000000000E+00	6.392583135148789E-01	6.390887675302142E-01	6.237837144757651E-01	6.233848640431924E-01
DCP:CapPL	4.774088398940027E-02	4.368807143483004E-02	4.063027518044182E-02	3.270032382984742E-02	1.043686355785433E-02	4.414278401126517E-02	4.366601628958415E-01	4.616178654576185E-01	4.223753762418752E-01	4.113288198122589E-01	3.232803757756781E-01	2.584132889813449E-01	6.276363257640327E-01	6.392583135148789E-01	1.000000000000000E+00	5.362657127379782E-01	9.697295393382308E-01	5.301372530920663E-01
DCP:CapPR	4.264330761041202E-02	4.735497042027626E-02	3.162984281669049E-02	4.030354759656004E-02	1.034744087713122E-02	4.426294300315787E-02	4.365885883872233E-01	4.221358632495975E-01	4.610853594357495E-01	3.233268848477041E-01	4.114365255976378E-01	2.585444177035887E-01	6.275070335319274E-01	6.390887675302142E-01	5.362657127379782E-01	1.000000000000000E+00	5.304461367859984E-01	9.694509130141771E-01
DCP:QH_D_L	4.789127217983096E-02	5.579708229489744E-02	4.068449330229776E-02	4.316571921060233E-02	1.000309083280328E-02	4.334469726238046E-02	4.301957940737801E-01	4.553843176046384E-01	4.186375196354449E-01	4.434049386152686E-01	3.392676835050991E-01	2.508245578228263E-01	6.122465844078590E-01	6.237837144757651E-01	9.697295393382308E-01	5.304461367859984E-01	1.000000000000000E+00	5.259937811631638E-01
DCP:QH_D_R	5.461108087076041E-02	4.721224720021765E-02	4.196546491209002E-02	4.005819766774638E-02	9.907727896070107E-03	4.344841461728821E-02	4.299511273187452E-01	4.182446883355053E-01	4.546894076348240E-01	3.390700534169042E-01	4.433467491404973E-01	2.508560621889010E-01	6.118964601969621E-01	6.233848640431924E-01	5.301372530920663E-01	9.694509130141771E-01	5.259937811631638E-01	1.000000000000000E+00

