Design Variation:  h_23='1.2mm' h_34='0.10000000000000001mm' h_diel='0.10000000000000001mm' r_anti='0.34999999999999998mm' t_L1='0.070000000000000007mm' t_L2='0.070000000000000007mm' t_L3='0.070000000000000007mm' t_L4='0.070000000000000007mm' t_pad='0.035000000000000003mm' via_r='0.14999999999999999mm' z_L1='0.17000000000000001mm' z_L3b='-1.2699999999999998mm' z_L3t='-1.2mm' z_L4b='-1.4399999999999999mm' z_L4t='-1.3699999999999999mm' z_top='0.24000000000000002mm'
Setup1:Sweep1
Problem Type:  DC RL, AC RL
R Units:ohm, L Units:nH
Reduce Matrix:  Original
Frequency:  1kHz

DC Inductance Matrix
	AC:QH_S_L	AC:QH_S_R	AC:QL_D_L	AC:QL_D_R	DCN:CapB1N	DCN:CapB2N	DCN:CapB3N	DCN:CapNL	DCN:CapNR	DCN:QL_S_L	DCN:QL_S_R	DCP:CapB1P	DCP:CapB2P	DCP:CapB3P	DCP:CapPL	DCP:CapPR	DCP:QH_D_L	DCP:QH_D_R	
AC:QH_S_L	2.616060046052188E+00	5.507061337262714E-01	2.325732313709410E+00	4.254552557118878E-01	1.436894410584490E-02	-1.423891776769946E-02	-3.298237319602008E-01	-3.857115001772160E-01	-4.425242114289178E-01	-1.105204720633256E+00	-1.660272498423622E+00	-2.307408127643835E-02	-2.777483469233012E-01	-3.142243200735677E-01	-4.674899195054016E-01	-8.404769308405093E-01	-5.914954385302269E-01	-9.320880503163694E-01
AC:QH_S_R	5.507061337262714E-01	2.607854417434932E+00	4.258574110693559E-01	2.316772245826313E+00	1.442398351164451E-02	-1.417719602672969E-02	-3.296236253990040E-01	-4.420579934257641E-01	-3.857027570462644E-01	-1.657585515981295E+00	-1.108122318905317E+00	-2.298404181186539E-02	-2.775844970104727E-01	-3.140496307062182E-01	-8.392366090678973E-01	-4.679434877698012E-01	-9.308772356493148E-01	-5.920900611408673E-01
AC:QL_D_L	2.325732313709410E+00	4.258574110693559E-01	2.224774331578053E+00	3.185334324495775E-01	1.152939691990505E-02	-1.027303059988345E-02	-2.482531214863168E-01	-2.791477667102878E-01	-3.443416842963421E-01	-6.242763261003815E-01	-1.382119912604517E+00	-1.708881796908541E-02	-2.099823720470943E-01	-2.375468265544434E-01	-2.886105549858606E-01	-6.923603611389764E-01	-3.661896607229181E-01	-7.684534970170481E-01
AC:QL_D_R	4.254552557118878E-01	2.316772245826313E+00	3.185334324495775E-01	2.215583663922452E+00	1.157908690589017E-02	-1.020678570615810E-02	-2.479345334252193E-01	-3.437399971463886E-01	-2.789720602821103E-01	-1.379026193494250E+00	-6.265140182355217E-01	-1.698685880563770E-02	-2.097332230892382E-01	-2.372745822016784E-01	-6.908941974325242E-01	-2.888573807541508E-01	-7.669815852396464E-01	-3.665335302584896E-01
DCN:CapB1N	1.436894410584490E-02	1.442398351164451E-02	1.152939691990505E-02	1.157908690589017E-02	1.152496782290188E-01	1.026900224817094E-01	5.669613769951823E-02	5.046057237218788E-02	5.046756072802659E-02	2.946098007442072E-02	2.949346539416656E-02	3.569424845152278E-02	-1.722546879902566E-04	-5.911347336558180E-03	-3.003135806895981E-02	-2.995040237344039E-02	-3.334872735201377E-02	-3.327646963522808E-02
DCN:CapB2N	-1.423891776769946E-02	-1.417719602672969E-02	-1.027303059988345E-02	-1.020678570615810E-02	1.026900224817094E-01	1.128982453199248E-01	1.415769650751525E-01	1.447804501058822E-01	1.447987070332291E-01	1.712946587783732E-01	1.713369867756707E-01	4.083499407187202E-02	9.319846075965192E-02	9.569543973212877E-02	1.152652762098883E-01	1.153410091271787E-01	1.197113541189828E-01	1.197783156105349E-01
DCN:CapB3N	-3.298237319602008E-01	-3.296236253990040E-01	-2.482531214863168E-01	-2.479345334252193E-01	5.669613769951823E-02	1.415769650751525E-01	1.115820002882194E+00	1.250266114216238E+00	1.250351987439570E+00	1.838061057536232E+00	1.838240296710670E+00	9.539629013035843E-02	7.929977083604034E-01	9.075652713196989E-01	1.524275547536790E+00	1.524255338641548E+00	1.623924473642010E+00	1.623873379433443E+00
DCN:CapNL	-3.857115001772160E-01	-4.420579934257641E-01	-2.791477667102878E-01	-3.437399971463886E-01	5.046057237218788E-02	1.447804501058822E-01	1.250266114216238E+00	1.517827931713311E+00	1.394978567384814E+00	2.276496973597894E+00	2.123967011701221E+00	1.021031947671087E-01	8.861806621608168E-01	1.015283987559125E+00	1.880368418652557E+00	1.690735066999155E+00	2.025567315762628E+00	1.807023789630547E+00
DCN:CapNR	-4.425242114289178E-01	-3.857027570462644E-01	-3.443416842963421E-01	-2.789720602821103E-01	5.046756072802659E-02	1.447987070332291E-01	1.250351987439570E+00	1.394978567384814E+00	1.518195484488156E+00	2.123939280255455E+00	2.277065907886919E+00	1.021379876511444E-01	8.862513416939594E-01	1.015365928692522E+00	1.690896045721438E+00	1.880548093673910E+00	1.807219108774164E+00	2.025756004332549E+00
DCN:QL_S_L	-1.105204720633256E+00	-1.657585515981295E+00	-6.242763261003815E-01	-1.379026193494250E+00	2.946098007442072E-02	1.712946587783732E-01	1.838061057536232E+00	2.276496973597894E+00	2.123939280255455E+00	5.458407180572558E+00	3.914985999856515E+00	1.431990076951580E-01	1.359631663279275E+00	1.552251211261804E+00	3.245539268048500E+00	2.726025045796838E+00	3.692170761159999E+00	3.016123753913461E+00
DCN:QL_S_R	-1.660272498423622E+00	-1.108122318905317E+00	-1.382119912604517E+00	-6.265140182355217E-01	2.949346539416656E-02	1.713369867756707E-01	1.838240296710670E+00	2.123967011701221E+00	2.277065907886919E+00	3.914985999856515E+00	5.458707853861087E+00	1.432956965003588E-01	1.359745199673968E+00	1.552373131439055E+00	2.726598882126225E+00	3.245679232487799E+00	3.016717726410326E+00	3.692248576523131E+00
DCP:CapB1P	-2.307408127643835E-02	-2.298404181186539E-02	-1.708881796908541E-02	-1.698685880563770E-02	3.569424845152278E-02	4.083499407187202E-02	9.539629013035843E-02	1.021031947671087E-01	1.021379876511444E-01	1.431990076951580E-01	1.432956965003588E-01	2.022628296834892E-01	2.500309622635710E-01	2.551282280932992E-01	2.896914163198758E-01	2.898540358825423E-01	2.963419629392916E-01	2.965035332919677E-01
DCP:CapB2P	-2.777483469233012E-01	-2.775844970104727E-01	-2.099823720470943E-01	-2.097332230892382E-01	-1.722546879902566E-04	9.319846075965192E-02	7.929977083604034E-01	8.861806621608168E-01	8.862513416939594E-01	1.359631663279275E+00	1.359745199673968E+00	2.500309622635710E-01	1.363137457482617E+00	1.436838686009960E+00	1.855556543666609E+00	1.855536833781156E+00	1.932886146587994E+00	1.932831856564874E+00
DCP:CapB3P	-3.142243200735677E-01	-3.140496307062182E-01	-2.375468265544434E-01	-2.372745822016784E-01	-5.911347336558180E-03	9.569543973212877E-02	9.075652713196989E-01	1.015283987559125E+00	1.015365928692522E+00	1.552251211261804E+00	1.552373131439055E+00	2.551282280932992E-01	1.436838686009960E+00	1.534756473903597E+00	2.016829265962245E+00	2.016787397667042E+00	2.104989116053956E+00	2.104911199864585E+00
DCP:CapPL	-4.674899195054016E-01	-8.392366090678973E-01	-2.886105549858606E-01	-6.908941974325242E-01	-3.003135806895981E-02	1.152652762098883E-01	1.524275547536790E+00	1.880368418652557E+00	1.690896045721438E+00	3.245539268048500E+00	2.726598882126225E+00	2.896914163198758E-01	1.855556543666609E+00	2.016829265962245E+00	4.031319463007873E+00	2.879196903055622E+00	4.256095636396783E+00	3.045682370894672E+00
DCP:CapPR	-8.404769308405093E-01	-4.679434877698012E-01	-6.923603611389764E-01	-2.888573807541508E-01	-2.995040237344039E-02	1.153410091271787E-01	1.524255338641548E+00	1.690735066999155E+00	1.880548093673910E+00	2.726025045796838E+00	3.245679232487799E+00	2.898540358825423E-01	1.855536833781156E+00	2.016787397667042E+00	2.879196903055622E+00	4.031092023801706E+00	3.045678002202070E+00	4.255774197378384E+00
DCP:QH_D_L	-5.914954385302269E-01	-9.308772356493148E-01	-3.661896607229181E-01	-7.669815852396464E-01	-3.334872735201377E-02	1.197113541189828E-01	1.623924473642010E+00	2.025567315762628E+00	1.807219108774164E+00	3.692170761159999E+00	3.016717726410326E+00	2.963419629392916E-01	1.932886146587994E+00	2.104989116053956E+00	4.256095636396783E+00	3.045678002202070E+00	4.639022126562501E+00	3.226698860259223E+00
DCP:QH_D_R	-9.320880503163694E-01	-5.920900611408673E-01	-7.684534970170481E-01	-3.665335302584896E-01	-3.327646963522808E-02	1.197783156105349E-01	1.623873379433443E+00	1.807023789630547E+00	2.025756004332549E+00	3.016123753913461E+00	3.692248576523131E+00	2.965035332919677E-01	1.932831856564874E+00	2.104911199864585E+00	3.045682370894672E+00	4.255774197378384E+00	3.226698860259223E+00	4.638694297394266E+00

DC Inductance Matrix Coupling Coefficient
	AC:QH_S_L	AC:QH_S_R	AC:QL_D_L	AC:QL_D_R	DCN:CapB1N	DCN:CapB2N	DCN:CapB3N	DCN:CapNL	DCN:CapNR	DCN:QL_S_L	DCN:QL_S_R	DCP:CapB1P	DCP:CapB2P	DCP:CapB3P	DCP:CapPL	DCP:CapPR	DCP:QH_D_L	DCP:QH_D_R	
AC:QH_S_L	1.000000000000000E+00	2.108406701413021E-01	9.640351971169729E-01	1.767201053391770E-01	2.616863927261209E-02	2.620049713487131E-02	1.930460750448728E-01	1.935652814679297E-01	2.220492625238166E-01	2.924730892754150E-01	4.393499629989397E-01	3.172068261982054E-02	1.470814161837780E-01	1.568181059492979E-01	1.439543486874358E-01	2.588156819667839E-01	1.697908661491274E-01	2.675686392764268E-01
AC:QH_S_R	2.108406701413021E-01	1.000000000000000E+00	1.767988986311451E-01	9.638236817507805E-01	2.631017185136526E-02	2.612793437552053E-02	1.932322401574875E-01	2.221909193904014E-01	1.938417062232954E-01	4.393405675382569E-01	2.936980780847317E-01	3.164657334228005E-02	1.472257277099435E-01	1.569773084507346E-01	2.588326989908561E-01	1.443246057213151E-01	2.676316774812523E-01	1.702347523262147E-01
AC:QL_D_L	9.640351971169729E-01	1.767988986311451E-01	1.000000000000000E+00	1.434722673652941E-01	2.276898900781453E-02	2.049802427334401E-02	1.575631534167246E-01	1.519077407597187E-01	1.873625416416788E-01	1.791434437031808E-01	3.966046625417722E-01	2.547481282240491E-02	1.205785421778607E-01	1.285542720151117E-01	9.637083450656751E-02	2.311946909421508E-01	1.139855694860065E-01	2.392085687444219E-01
AC:QL_D_R	1.767201053391770E-01	9.638236817507805E-01	1.434722673652941E-01	1.000000000000000E+00	2.291449948843673E-02	2.040804125521975E-02	1.576869935423877E-01	1.874453717110297E-01	1.521082553056551E-01	3.965477347764383E-01	1.801531207515205E-01	2.537528685336252E-02	1.206850091917915E-01	1.286729930614790E-01	2.311765937692763E-01	9.665582575715567E-02	2.392366088918756E-01	1.143330414190790E-01
DCN:CapB1N	2.616863927261209E-02	2.631017185136526E-02	2.276898900781453E-02	2.291449948843673E-02	1.000000000000000E+00	9.002534453128912E-01	1.581017009979750E-01	1.206482540139162E-01	1.206503554763496E-01	3.714448700727965E-02	3.718442046296182E-02	2.337869914099995E-01	4.345916357693146E-04	1.405551880162050E-02	4.405868225518948E-02	4.394115258013941E-02	4.560854129483052E-02	4.551132798035890E-02
DCN:CapB2N	2.620049713487131E-02	2.612793437552053E-02	2.049802427334401E-02	2.040804125521975E-02	9.002534453128912E-01	1.000000000000000E+00	3.988888813792799E-01	3.497478521363002E-01	3.497496110041075E-01	2.182062874890495E-01	2.182541965254918E-01	2.702283201119112E-01	2.375720349641804E-01	2.298941442937558E-01	1.708564158179327E-01	1.709734969292171E-01	1.654163849173564E-01	1.655147602585302E-01
DCN:CapB3N	1.930460750448728E-01	1.932322401574875E-01	1.575631534167246E-01	1.576869935423877E-01	1.581017009979750E-01	3.988888813792799E-01	1.000000000000000E+00	9.607139991337038E-01	9.606636760592607E-01	7.447832446715926E-01	7.448353583374157E-01	2.008058565965696E-01	6.429912086611718E-01	6.935233066701877E-01	7.186919887102219E-01	7.187027344596733E-01	7.137654692467484E-01	7.137682323843881E-01
DCN:CapNL	1.935652814679297E-01	2.221909193904014E-01	1.519077407597187E-01	1.874453717110297E-01	1.206482540139162E-01	3.497478521363002E-01	9.607139991337038E-01	1.000000000000000E+00	9.189511320389440E-01	7.909023066904846E-01	7.378899086951834E-01	1.842765282033201E-01	6.160857625341547E-01	6.652065693254052E-01	7.601653515380186E-01	6.835226866546233E-01	7.633473256247593E-01	6.810119358021574E-01
DCN:CapNR	2.220492625238166E-01	1.938417062232954E-01	1.873625416416788E-01	1.521082553056551E-01	1.206503554763496E-01	3.497496110041075E-01	9.606636760592607E-01	9.189511320389440E-01	1.000000000000000E+00	7.378112693580562E-01	7.909824133276541E-01	1.843170071499899E-01	6.160603128127218E-01	6.651797224374101E-01	6.834857323382015E-01	7.601673997855117E-01	6.809790328415397E-01	7.633529899410189E-01
DCN:QL_S_L	2.924730892754150E-01	4.393405675382569E-01	1.791434437031808E-01	3.965477347764383E-01	3.714448700727965E-02	2.182062874890495E-01	7.447832446715926E-01	7.909023066904846E-01	7.378112693580562E-01	1.000000000000000E+00	7.172198862049339E-01	1.362852968067740E-01	4.984464178112601E-01	5.363018630041576E-01	6.918792335127822E-01	5.811463581812382E-01	7.337288436106115E-01	5.994021771733181E-01
DCN:QL_S_R	4.393499629989397E-01	2.936980780847317E-01	3.966046625417722E-01	1.801531207515205E-01	3.718442046296182E-02	2.182541965254918E-01	7.448353583374157E-01	7.378899086951834E-01	7.909824133276541E-01	7.172198862049339E-01	1.000000000000000E+00	1.363735614553291E-01	4.984743118092151E-01	5.363292148592054E-01	5.812362856348868E-01	6.919095333706851E-01	5.994825242916031E-01	7.337500260867135E-01
DCP:CapB1P	3.172068261982054E-02	3.164657334228005E-02	2.547481282240491E-02	2.537528685336252E-02	2.337869914099995E-01	2.702283201119112E-01	2.008058565965696E-01	1.842765282033201E-01	1.843170071499899E-01	1.362852968067740E-01	1.363735614553291E-01	1.000000000000000E+00	4.761742725192885E-01	4.579106416044052E-01	3.208144933212718E-01	3.210036392897169E-01	3.059298768653683E-01	3.061074908532684E-01
DCP:CapB2P	1.470814161837780E-01	1.472257277099435E-01	1.205785421778607E-01	1.206850091917915E-01	4.345916357693146E-04	2.375720349641804E-01	6.429912086611718E-01	6.160857625341547E-01	6.160603128127218E-01	4.984464178112601E-01	4.984743118092151E-01	4.761742725192885E-01	1.000000000000000E+00	9.933869482423773E-01	7.915543854895311E-01	7.915683072163467E-01	7.686404319965343E-01	7.686460024895515E-01
DCP:CapB3P	1.568181059492979E-01	1.569773084507346E-01	1.285542720151117E-01	1.286729930614790E-01	1.405551880162050E-02	2.298941442937558E-01	6.935233066701877E-01	6.652065693254052E-01	6.651797224374101E-01	5.363018630041576E-01	5.363292148592054E-01	4.579106416044052E-01	9.933869482423773E-01	1.000000000000000E+00	8.108224969633109E-01	8.108285377300443E-01	7.888908077870171E-01	7.888894819946732E-01
DCP:CapPL	1.439543486874358E-01	2.588326989908561E-01	9.637083450656751E-02	2.311765937692763E-01	4.405868225518948E-02	1.708564158179327E-01	7.186919887102219E-01	7.601653515380186E-01	6.834857323382015E-01	6.918792335127822E-01	5.812362856348868E-01	3.208144933212718E-01	7.915543854895311E-01	8.108224969633109E-01	1.000000000000000E+00	7.142272281467460E-01	9.841800300961202E-01	7.043088178478327E-01
DCP:CapPR	2.588156819667839E-01	1.443246057213151E-01	2.311946909421508E-01	9.665582575715567E-02	4.394115258013941E-02	1.709734969292171E-01	7.187027344596733E-01	6.835226866546233E-01	7.601673997855117E-01	5.811463581812382E-01	6.919095333706851E-01	3.210036392897169E-01	7.915683072163467E-01	8.108285377300443E-01	7.142272281467460E-01	1.000000000000000E+00	7.043027892153577E-01	9.841682374240235E-01
DCP:QH_D_L	1.697908661491274E-01	2.676316774812523E-01	1.139855694860065E-01	2.392366088918756E-01	4.560854129483052E-02	1.654163849173564E-01	7.137654692467484E-01	7.633473256247593E-01	6.809790328415397E-01	7.337288436106115E-01	5.994825242916031E-01	3.059298768653683E-01	7.686404319965343E-01	7.888908077870171E-01	9.841800300961202E-01	7.043027892153577E-01	1.000000000000000E+00	6.955804025097544E-01
DCP:QH_D_R	2.675686392764268E-01	1.702347523262147E-01	2.392085687444219E-01	1.143330414190790E-01	4.551132798035890E-02	1.655147602585302E-01	7.137682323843881E-01	6.810119358021574E-01	7.633529899410189E-01	5.994021771733181E-01	7.337500260867135E-01	3.061074908532684E-01	7.686460024895515E-01	7.888894819946732E-01	7.043088178478327E-01	9.841682374240235E-01	6.955804025097544E-01	1.000000000000000E+00

DC Resistance Matrix
	AC:QH_S_L	AC:QH_S_R	AC:QL_D_L	AC:QL_D_R	DCN:CapB1N	DCN:CapB2N	DCN:CapB3N	DCN:CapNL	DCN:CapNR	DCN:QL_S_L	DCN:QL_S_R	DCP:CapB1P	DCP:CapB2P	DCP:CapB3P	DCP:CapPL	DCP:CapPR	DCP:QH_D_L	DCP:QH_D_R	
AC:QH_S_L	2.516540265272447E-04	4.016959440756515E-05	2.259991531232501E-04	4.016844334214811E-05	0.000000000000000E+00	0.000000000000000E+00	0.000000000000000E+00	0.000000000000000E+00	0.000000000000000E+00	0.000000000000000E+00	0.000000000000000E+00	0.000000000000000E+00	0.000000000000000E+00	0.000000000000000E+00	0.000000000000000E+00	0.000000000000000E+00	0.000000000000000E+00	0.000000000000000E+00
AC:QH_S_R	4.016959440756515E-05	2.512350022856362E-04	4.016815504921577E-05	2.255436203019120E-04	0.000000000000000E+00	0.000000000000000E+00	0.000000000000000E+00	0.000000000000000E+00	0.000000000000000E+00	0.000000000000000E+00	0.000000000000000E+00	0.000000000000000E+00	0.000000000000000E+00	0.000000000000000E+00	0.000000000000000E+00	0.000000000000000E+00	0.000000000000000E+00	0.000000000000000E+00
AC:QL_D_L	2.259991531232501E-04	4.016815504921577E-05	2.516033905513049E-04	4.016700402627715E-05	0.000000000000000E+00	0.000000000000000E+00	0.000000000000000E+00	0.000000000000000E+00	0.000000000000000E+00	0.000000000000000E+00	0.000000000000000E+00	0.000000000000000E+00	0.000000000000000E+00	0.000000000000000E+00	0.000000000000000E+00	0.000000000000000E+00	0.000000000000000E+00	0.000000000000000E+00
AC:QL_D_R	4.016844334214811E-05	2.255436203019120E-04	4.016700402627715E-05	2.512445438381522E-04	0.000000000000000E+00	0.000000000000000E+00	0.000000000000000E+00	0.000000000000000E+00	0.000000000000000E+00	0.000000000000000E+00	0.000000000000000E+00	0.000000000000000E+00	0.000000000000000E+00	0.000000000000000E+00	0.000000000000000E+00	0.000000000000000E+00	0.000000000000000E+00	0.000000000000000E+00
DCN:CapB1N	0.000000000000000E+00	0.000000000000000E+00	0.000000000000000E+00	0.000000000000000E+00	3.084602596418730E-05	2.688820205683548E-05	2.194112223647212E-05	2.186625592933078E-05	2.186704839355553E-05	2.176356728506576E-05	2.176361406887969E-05	0.000000000000000E+00	0.000000000000000E+00	0.000000000000000E+00	0.000000000000000E+00	0.000000000000000E+00	0.000000000000000E+00	0.000000000000000E+00
DCN:CapB2N	0.000000000000000E+00	0.000000000000000E+00	0.000000000000000E+00	0.000000000000000E+00	2.688820205683548E-05	3.082607901254339E-05	2.197582847378946E-05	2.190091962507363E-05	2.190153150861192E-05	2.179802261574699E-05	2.179795456068964E-05	0.000000000000000E+00	0.000000000000000E+00	0.000000000000000E+00	0.000000000000000E+00	0.000000000000000E+00	0.000000000000000E+00	0.000000000000000E+00
DCN:CapB3N	0.000000000000000E+00	0.000000000000000E+00	0.000000000000000E+00	0.000000000000000E+00	2.194112223647212E-05	2.197582847378946E-05	1.046093256400834E-04	9.830700027996611E-05	9.830429875129935E-05	9.441839918749049E-05	9.441619251953723E-05	0.000000000000000E+00	0.000000000000000E+00	0.000000000000000E+00	0.000000000000000E+00	0.000000000000000E+00	0.000000000000000E+00	0.000000000000000E+00
DCN:CapNL	0.000000000000000E+00	0.000000000000000E+00	0.000000000000000E+00	0.000000000000000E+00	2.186625592933078E-05	2.190091962507363E-05	9.830700027996611E-05	1.233441903197299E-04	9.322125526046228E-05	9.608084599701852E-05	9.270084672155290E-05	0.000000000000000E+00	0.000000000000000E+00	0.000000000000000E+00	0.000000000000000E+00	0.000000000000000E+00	0.000000000000000E+00	0.000000000000000E+00
DCN:CapNR	0.000000000000000E+00	0.000000000000000E+00	0.000000000000000E+00	0.000000000000000E+00	2.186704839355553E-05	2.190153150861192E-05	9.830429875129935E-05	9.322125526046228E-05	1.233899947065881E-04	9.269974345296832E-05	9.608241057819459E-05	0.000000000000000E+00	0.000000000000000E+00	0.000000000000000E+00	0.000000000000000E+00	0.000000000000000E+00	0.000000000000000E+00	0.000000000000000E+00
DCN:QL_S_L	0.000000000000000E+00	0.000000000000000E+00	0.000000000000000E+00	0.000000000000000E+00	2.176356728506576E-05	2.179802261574699E-05	9.441839918749049E-05	9.608084599701852E-05	9.269974345296832E-05	3.135363492964575E-04	1.384652025395243E-04	0.000000000000000E+00	0.000000000000000E+00	0.000000000000000E+00	0.000000000000000E+00	0.000000000000000E+00	0.000000000000000E+00	0.000000000000000E+00
DCN:QL_S_R	0.000000000000000E+00	0.000000000000000E+00	0.000000000000000E+00	0.000000000000000E+00	2.176361406887969E-05	2.179795456068964E-05	9.441619251953723E-05	9.270084672155290E-05	9.608241057819459E-05	1.384652025395243E-04	3.134378904295742E-04	0.000000000000000E+00	0.000000000000000E+00	0.000000000000000E+00	0.000000000000000E+00	0.000000000000000E+00	0.000000000000000E+00	0.000000000000000E+00
DCP:CapB1P	0.000000000000000E+00	0.000000000000000E+00	0.000000000000000E+00	0.000000000000000E+00	0.000000000000000E+00	0.000000000000000E+00	0.000000000000000E+00	0.000000000000000E+00	0.000000000000000E+00	0.000000000000000E+00	0.000000000000000E+00	5.834017712208299E-05	4.311657830112267E-05	4.311644015924943E-05	4.291088658350199E-05	4.290984991116241E-05	4.291120473412750E-05	4.291016630546278E-05
DCP:CapB2P	0.000000000000000E+00	0.000000000000000E+00	0.000000000000000E+00	0.000000000000000E+00	0.000000000000000E+00	0.000000000000000E+00	0.000000000000000E+00	0.000000000000000E+00	0.000000000000000E+00	0.000000000000000E+00	0.000000000000000E+00	4.311657830112267E-05	1.385457746664395E-04	1.345473838059914E-04	1.173342492548627E-04	1.173243785019183E-04	1.173361299522763E-04	1.173262728472489E-04
DCP:CapB3P	0.000000000000000E+00	0.000000000000000E+00	0.000000000000000E+00	0.000000000000000E+00	0.000000000000000E+00	0.000000000000000E+00	0.000000000000000E+00	0.000000000000000E+00	0.000000000000000E+00	0.000000000000000E+00	0.000000000000000E+00	4.311644015924943E-05	1.345473838059914E-04	1.385430019709027E-04	1.173342818797449E-04	1.173241513220789E-04	1.173361637020933E-04	1.173260463554471E-04
DCP:CapPL	0.000000000000000E+00	0.000000000000000E+00	0.000000000000000E+00	0.000000000000000E+00	0.000000000000000E+00	0.000000000000000E+00	0.000000000000000E+00	0.000000000000000E+00	0.000000000000000E+00	0.000000000000000E+00	0.000000000000000E+00	4.291088658350199E-05	1.173342492548627E-04	1.173342818797449E-04	2.931217506194827E-04	1.295427826110374E-04	2.761106926214078E-04	1.294417464413116E-04
DCP:CapPR	0.000000000000000E+00	0.000000000000000E+00	0.000000000000000E+00	0.000000000000000E+00	0.000000000000000E+00	0.000000000000000E+00	0.000000000000000E+00	0.000000000000000E+00	0.000000000000000E+00	0.000000000000000E+00	0.000000000000000E+00	4.290984991116241E-05	1.173243785019183E-04	1.173241513220789E-04	1.295427826110374E-04	2.930529580827975E-04	1.294428484602213E-04	2.760598491390684E-04
DCP:QH_D_L	0.000000000000000E+00	0.000000000000000E+00	0.000000000000000E+00	0.000000000000000E+00	0.000000000000000E+00	0.000000000000000E+00	0.000000000000000E+00	0.000000000000000E+00	0.000000000000000E+00	0.000000000000000E+00	0.000000000000000E+00	4.291120473412750E-05	1.173361299522763E-04	1.173361637020933E-04	2.761106926214078E-04	1.294428484602213E-04	3.022500128526917E-04	1.293422742831991E-04
DCP:QH_D_R	0.000000000000000E+00	0.000000000000000E+00	0.000000000000000E+00	0.000000000000000E+00	0.000000000000000E+00	0.000000000000000E+00	0.000000000000000E+00	0.000000000000000E+00	0.000000000000000E+00	0.000000000000000E+00	0.000000000000000E+00	4.291016630546278E-05	1.173262728472489E-04	1.173260463554471E-04	1.294417464413116E-04	2.760598491390684E-04	1.293422742831991E-04	3.022230343666757E-04

DC Resistance Matrix Coupling Coefficient
	AC:QH_S_L	AC:QH_S_R	AC:QL_D_L	AC:QL_D_R	DCN:CapB1N	DCN:CapB2N	DCN:CapB3N	DCN:CapNL	DCN:CapNR	DCN:QL_S_L	DCN:QL_S_R	DCP:CapB1P	DCP:CapB2P	DCP:CapB3P	DCP:CapPL	DCP:CapPR	DCP:QH_D_L	DCP:QH_D_R	
AC:QH_S_L	1.000000000000000E+00	1.597553577450195E-01	8.981453490707169E-01	1.597477464638994E-01	0.000000000000000E+00	0.000000000000000E+00	0.000000000000000E+00	0.000000000000000E+00	0.000000000000000E+00	0.000000000000000E+00	0.000000000000000E+00	0.000000000000000E+00	0.000000000000000E+00	0.000000000000000E+00	0.000000000000000E+00	0.000000000000000E+00	0.000000000000000E+00	0.000000000000000E+00
AC:QH_S_R	1.597553577450195E-01	1.000000000000000E+00	1.597657076353914E-01	8.977225922227346E-01	0.000000000000000E+00	0.000000000000000E+00	0.000000000000000E+00	0.000000000000000E+00	0.000000000000000E+00	0.000000000000000E+00	0.000000000000000E+00	0.000000000000000E+00	0.000000000000000E+00	0.000000000000000E+00	0.000000000000000E+00	0.000000000000000E+00	0.000000000000000E+00	0.000000000000000E+00
AC:QL_D_L	8.981453490707169E-01	1.597657076353914E-01	1.000000000000000E+00	1.597580958660735E-01	0.000000000000000E+00	0.000000000000000E+00	0.000000000000000E+00	0.000000000000000E+00	0.000000000000000E+00	0.000000000000000E+00	0.000000000000000E+00	0.000000000000000E+00	0.000000000000000E+00	0.000000000000000E+00	0.000000000000000E+00	0.000000000000000E+00	0.000000000000000E+00	0.000000000000000E+00
AC:QL_D_R	1.597477464638994E-01	8.977225922227346E-01	1.597580958660735E-01	1.000000000000000E+00	0.000000000000000E+00	0.000000000000000E+00	0.000000000000000E+00	0.000000000000000E+00	0.000000000000000E+00	0.000000000000000E+00	0.000000000000000E+00	0.000000000000000E+00	0.000000000000000E+00	0.000000000000000E+00	0.000000000000000E+00	0.000000000000000E+00	0.000000000000000E+00	0.000000000000000E+00
DCN:CapB1N	0.000000000000000E+00	0.000000000000000E+00	0.000000000000000E+00	0.000000000000000E+00	1.000000000000000E+00	8.719729437928421E-01	3.862549212743552E-01	3.544993700610522E-01	3.544464111442964E-01	2.213026038655141E-01	2.213378353388820E-01	0.000000000000000E+00	0.000000000000000E+00	0.000000000000000E+00	0.000000000000000E+00	0.000000000000000E+00	0.000000000000000E+00	0.000000000000000E+00
DCN:CapB2N	0.000000000000000E+00	0.000000000000000E+00	0.000000000000000E+00	0.000000000000000E+00	8.719729437928421E-01	1.000000000000000E+00	3.869910416908685E-01	3.551762016903946E-01	3.551201932842553E-01	2.217246645781407E-01	2.217587941912052E-01	0.000000000000000E+00	0.000000000000000E+00	0.000000000000000E+00	0.000000000000000E+00	0.000000000000000E+00	0.000000000000000E+00	0.000000000000000E+00
DCN:CapB3N	0.000000000000000E+00	0.000000000000000E+00	0.000000000000000E+00	0.000000000000000E+00	3.862549212743552E-01	3.869910416908685E-01	1.000000000000000E+00	8.654458383550342E-01	8.652614111129185E-01	5.213477253862231E-01	5.214174168743916E-01	0.000000000000000E+00	0.000000000000000E+00	0.000000000000000E+00	0.000000000000000E+00	0.000000000000000E+00	0.000000000000000E+00	0.000000000000000E+00
DCN:CapNL	0.000000000000000E+00	0.000000000000000E+00	0.000000000000000E+00	0.000000000000000E+00	3.544993700610522E-01	3.551762016903946E-01	8.654458383550342E-01	1.000000000000000E+00	7.556411922155809E-01	4.885775647994030E-01	4.714640731545674E-01	0.000000000000000E+00	0.000000000000000E+00	0.000000000000000E+00	0.000000000000000E+00	0.000000000000000E+00	0.000000000000000E+00	0.000000000000000E+00
DCN:CapNR	0.000000000000000E+00	0.000000000000000E+00	0.000000000000000E+00	0.000000000000000E+00	3.544464111442964E-01	3.551201932842553E-01	8.652614111129185E-01	7.556411922155809E-01	1.000000000000000E+00	4.712969300004787E-01	4.885715452509422E-01	0.000000000000000E+00	0.000000000000000E+00	0.000000000000000E+00	0.000000000000000E+00	0.000000000000000E+00	0.000000000000000E+00	0.000000000000000E+00
DCN:QL_S_L	0.000000000000000E+00	0.000000000000000E+00	0.000000000000000E+00	0.000000000000000E+00	2.213026038655141E-01	2.217246645781407E-01	5.213477253862231E-01	4.885775647994030E-01	4.712969300004787E-01	1.000000000000000E+00	4.416934396136367E-01	0.000000000000000E+00	0.000000000000000E+00	0.000000000000000E+00	0.000000000000000E+00	0.000000000000000E+00	0.000000000000000E+00	0.000000000000000E+00
DCN:QL_S_R	0.000000000000000E+00	0.000000000000000E+00	0.000000000000000E+00	0.000000000000000E+00	2.213378353388820E-01	2.217587941912052E-01	5.214174168743916E-01	4.714640731545674E-01	4.885715452509422E-01	4.416934396136367E-01	1.000000000000000E+00	0.000000000000000E+00	0.000000000000000E+00	0.000000000000000E+00	0.000000000000000E+00	0.000000000000000E+00	0.000000000000000E+00	0.000000000000000E+00
DCP:CapB1P	0.000000000000000E+00	0.000000000000000E+00	0.000000000000000E+00	0.000000000000000E+00	0.000000000000000E+00	0.000000000000000E+00	0.000000000000000E+00	0.000000000000000E+00	0.000000000000000E+00	0.000000000000000E+00	0.000000000000000E+00	1.000000000000000E+00	4.795829932491805E-01	4.795862556732401E-01	3.281403168199133E-01	3.281709007261716E-01	3.231496366103507E-01	3.231562391561302E-01
DCP:CapB2P	0.000000000000000E+00	0.000000000000000E+00	0.000000000000000E+00	0.000000000000000E+00	0.000000000000000E+00	0.000000000000000E+00	0.000000000000000E+00	0.000000000000000E+00	0.000000000000000E+00	0.000000000000000E+00	0.000000000000000E+00	4.795829932491805E-01	1.000000000000000E+00	9.711500079184017E-01	5.822428088699115E-01	5.822621570043633E-01	5.733924277153578E-01	5.733698482346785E-01
DCP:CapB3P	0.000000000000000E+00	0.000000000000000E+00	0.000000000000000E+00	0.000000000000000E+00	0.000000000000000E+00	0.000000000000000E+00	0.000000000000000E+00	0.000000000000000E+00	0.000000000000000E+00	0.000000000000000E+00	0.000000000000000E+00	4.795862556732401E-01	9.711500079184017E-01	1.000000000000000E+00	5.822487970204940E-01	5.822668559853035E-01	5.733983303378398E-01	5.733744788331510E-01
DCP:CapPL	0.000000000000000E+00	0.000000000000000E+00	0.000000000000000E+00	0.000000000000000E+00	0.000000000000000E+00	0.000000000000000E+00	0.000000000000000E+00	0.000000000000000E+00	0.000000000000000E+00	0.000000000000000E+00	0.000000000000000E+00	3.281403168199133E-01	5.822428088699115E-01	5.822487970204940E-01	1.000000000000000E+00	4.419937659539276E-01	9.276326764096803E-01	4.348971485307828E-01
DCP:CapPR	0.000000000000000E+00	0.000000000000000E+00	0.000000000000000E+00	0.000000000000000E+00	0.000000000000000E+00	0.000000000000000E+00	0.000000000000000E+00	0.000000000000000E+00	0.000000000000000E+00	0.000000000000000E+00	0.000000000000000E+00	3.281709007261716E-01	5.822621570043633E-01	5.822668559853035E-01	4.419937659539276E-01	1.000000000000000E+00	4.349324812704910E-01	9.276121121451005E-01
DCP:QH_D_L	0.000000000000000E+00	0.000000000000000E+00	0.000000000000000E+00	0.000000000000000E+00	0.000000000000000E+00	0.000000000000000E+00	0.000000000000000E+00	0.000000000000000E+00	0.000000000000000E+00	0.000000000000000E+00	0.000000000000000E+00	3.231496366103507E-01	5.733924277153578E-01	5.733983303378398E-01	9.276326764096803E-01	4.349324812704910E-01	1.000000000000000E+00	4.279505099756166E-01
DCP:QH_D_R	0.000000000000000E+00	0.000000000000000E+00	0.000000000000000E+00	0.000000000000000E+00	0.000000000000000E+00	0.000000000000000E+00	0.000000000000000E+00	0.000000000000000E+00	0.000000000000000E+00	0.000000000000000E+00	0.000000000000000E+00	3.231562391561302E-01	5.733698482346785E-01	5.733744788331510E-01	4.348971485307828E-01	9.276121121451005E-01	4.279505099756166E-01	1.000000000000000E+00

AC Inductance Matrix
	AC:QH_S_L	AC:QH_S_R	AC:QL_D_L	AC:QL_D_R	DCN:CapB1N	DCN:CapB2N	DCN:CapB3N	DCN:CapNL	DCN:CapNR	DCN:QL_S_L	DCN:QL_S_R	DCP:CapB1P	DCP:CapB2P	DCP:CapB3P	DCP:CapPL	DCP:CapPR	DCP:QH_D_L	DCP:QH_D_R	
AC:QH_S_L	2.441138572077350E+00	4.154872352761159E-01	2.209039872325112E+00	3.487808301225108E-01	1.265364355525887E-02	-1.503228887072487E-03	-1.589478938139041E-01	-1.833331763553290E-01	-2.312881584751691E-01	-6.836142165151812E-01	-1.192853125112634E+00	-2.630666672929238E-02	-1.627361176843920E-01	-1.730274177476878E-01	-2.199935885570944E-01	-5.685357285642153E-01	-2.997619920101651E-01	-6.161998879687539E-01
AC:QH_S_R	4.154872352761154E-01	2.437263373353871E+00	3.481913098447537E-01	2.203744132817417E+00	1.278607283085570E-02	-1.446408044620624E-03	-1.599453904831738E-01	-2.328365363658785E-01	-1.844023200517851E-01	-1.196909032074729E+00	-6.880982422457218E-01	-2.599958278568769E-02	-1.633204683702655E-01	-1.738008682855542E-01	-5.702407709025020E-01	-2.215513523828732E-01	-6.184169297860809E-01	-3.019905481045315E-01
AC:QL_D_L	2.209039872325113E+00	3.481913098447489E-01	2.139510422087583E+00	2.744767551566019E-01	1.242491012207558E-02	3.187535417914947E-04	-1.325642492424825E-01	-1.441175314633774E-01	-1.991475018589561E-01	-3.600682456258617E-01	-1.067549748424109E+00	-1.451955695555435E-02	-1.303379455627102E-01	-1.408136808768891E-01	-1.265487785587626E-01	-5.036166211446215E-01	-1.787231268271792E-01	-5.538199544809081E-01
AC:QL_D_R	3.487808301225121E-01	2.203744132817417E+00	2.744767551566027E-01	2.133186183306434E+00	1.258308232651469E-02	3.924461833654504E-04	-1.335749377861577E-01	-2.005491204696440E-01	-1.453428896735616E-01	-1.070524237845248E+00	-3.652822876598120E-01	-1.416076724487077E-02	-1.309157738918554E-01	-1.415883193339821E-01	-5.049491492358343E-01	-1.284516722288638E-01	-5.557297322410419E-01	-1.812322469717991E-01
DCN:CapB1N	1.265364355524957E-02	1.278607283084741E-02	1.242491012206732E-02	1.258308232650805E-02	1.113052183604203E-01	9.940390593300114E-02	5.493026981662365E-02	4.715274549336970E-02	4.718359579927086E-02	2.898525735465062E-02	2.917711692473602E-02	3.156635186667682E-02	-2.018387678642024E-03	-7.718148964689231E-03	-3.248358880240999E-02	-3.231497376053707E-02	-3.411140078368566E-02	-3.402367702083236E-02
DCN:CapB2N	-1.503228887058602E-03	-1.446408044610918E-03	3.187535417996506E-04	3.924461833782573E-04	9.940390593300641E-02	1.082576966831668E-01	1.198815605772451E-01	1.181498091256130E-01	1.181677065908979E-01	1.250338724361741E-01	1.251332774568144E-01	3.670387843318217E-02	7.750201299584006E-02	7.715843193505867E-02	8.351391167345978E-02	8.364729983557509E-02	8.559688596261275E-02	8.566503212543079E-02
DCN:CapB3N	-1.589478938139126E-01	-1.599453904831740E-01	-1.325642492424861E-01	-1.335749377861637E-01	5.493026981662959E-02	1.198815605772371E-01	8.886905997726183E-01	9.789653086074674E-01	9.787666623805368E-01	1.302385308281944E+00	1.301237418898979E+00	8.792629339654355E-02	6.351671083768575E-01	7.169125087465732E-01	1.186619199534985E+00	1.186283929381234E+00	1.240647020692262E+00	1.240256451070422E+00
DCN:CapNL	-1.833331763553266E-01	-2.328365363658726E-01	-1.441175314633758E-01	-2.005491204696407E-01	4.715274549336566E-02	1.181498091256135E-01	9.789653086074662E-01	1.190536053530715E+00	1.070998766428416E+00	1.624313581108754E+00	1.484840805855349E+00	9.237324439146194E-02	6.975289491362197E-01	7.873869157945801E-01	1.471408008042343E+00	1.289391767174690E+00	1.561535627642156E+00	1.351294024697090E+00
DCN:CapNR	-2.312881584751675E-01	-1.844023200517785E-01	-1.991475018589567E-01	-1.453428896735589E-01	4.718359579926950E-02	1.181677065908988E-01	9.787666623805351E-01	1.070998766428420E+00	1.190178740688761E+00	1.485635767694178E+00	1.622271330840283E+00	9.245762911405796E-02	6.974193687835237E-01	7.872467694683047E-01	1.289504460193920E+00	1.470699229196396E+00	1.351406902131579E+00	1.560677874321782E+00
DCN:QL_S_L	-6.836142165151762E-01	-1.196909032074725E+00	-3.600682456258550E-01	-1.070524237845244E+00	2.898525735464767E-02	1.250338724361708E-01	1.302385308281946E+00	1.624313581108759E+00	1.485635767694184E+00	4.098301226159038E+00	2.617734696294951E+00	1.368842680678966E-01	9.918378629368527E-01	1.105035635681147E+00	2.421337182865613E+00	1.935960282627318E+00	2.744733578953793E+00	2.105445881490371E+00
DCN:QL_S_R	-1.192853125112632E+00	-6.880982422457117E-01	-1.067549748424106E+00	-3.652822876598066E-01	2.917711692474163E-02	1.251332774568123E-01	1.301237418898984E+00	1.484840805855348E+00	1.622271330840281E+00	2.617734696294950E+00	4.089060736020380E+00	1.373241255255817E-01	9.911387242159938E-01	1.104128619642410E+00	1.935606074834499E+00	2.417852352128369E+00	2.104530182019138E+00	2.740538887453618E+00
DCP:CapB1P	-2.630666672929406E-02	-2.599958278568710E-02	-1.451955695555721E-02	-1.416076724487053E-02	3.156635186668666E-02	3.670387843317711E-02	8.792629339654370E-02	9.237324439145467E-02	9.245762911405317E-02	1.368842680678847E-01	1.373241255255790E-01	1.935867135214694E-01	2.411983453155056E-01	2.463911426784937E-01	2.774732626847534E-01	2.777858516723097E-01	2.873417941082372E-01	2.875622273533402E-01
DCP:CapB2P	-1.627361176843940E-01	-1.633204683702780E-01	-1.303379455627267E-01	-1.309157738918705E-01	-2.018387678641216E-03	7.750201299584378E-02	6.351671083768552E-01	6.975289491362183E-01	6.974193687835278E-01	9.918378629368523E-01	9.911387242159913E-01	2.411983453155025E-01	1.250630232994661E+00	1.302302213404078E+00	1.619194279297639E+00	1.618990065862867E+00	1.666440198362451E+00	1.666160796853445E+00
DCP:CapB3P	-1.730274177476840E-01	-1.738008682855613E-01	-1.408136808768874E-01	-1.415883193339860E-01	-7.718148964684647E-03	7.715843193505736E-02	7.169125087465724E-01	7.873869157945663E-01	7.872467694683027E-01	1.105035635681142E+00	1.104128619642405E+00	2.463911426784963E-01	1.302302213404082E+00	1.373182511722051E+00	1.731903232746095E+00	1.731627684678843E+00	1.782776735806323E+00	1.782428077106307E+00
DCP:CapPL	-2.199935885570921E-01	-5.702407709025096E-01	-1.265487785587634E-01	-5.049491492358319E-01	-3.248358880240541E-02	8.351391167345285E-02	1.186619199534985E+00	1.471408008042347E+00	1.289504460193924E+00	2.421337182865618E+00	1.935606074834492E+00	2.774732626847481E-01	1.619194279297650E+00	1.731903232746091E+00	3.515219615396693E+00	2.381928894710306E+00	3.670417102642237E+00	2.479836893827701E+00
DCP:CapPR	-5.685357285642056E-01	-2.215513523828758E-01	-5.036166211446179E-01	-1.284516722288662E-01	-3.231497376055043E-02	8.364729983557447E-02	1.186283929381243E+00	1.289391767174683E+00	1.470699229196398E+00	1.935960282627323E+00	2.417852352128356E+00	2.777858516723035E-01	1.618990065862864E+00	1.731627684678841E+00	2.381928894710305E+00	3.513805561561775E+00	2.479708974586917E+00	3.668664606693861E+00
DCP:QH_D_L	-2.997619920101671E-01	-6.184169297860787E-01	-1.787231268271735E-01	-5.557297322410405E-01	-3.411140078367741E-02	8.559688596261192E-02	1.240647020692261E+00	1.561535627642169E+00	1.351406902131581E+00	2.744733578953801E+00	2.104530182019130E+00	2.873417941082457E-01	1.666440198362450E+00	1.782776735806334E+00	3.670417102642233E+00	2.479708974586912E+00	3.969105979707837E+00	2.579110249794874E+00
DCP:QH_D_R	-6.161998879687548E-01	-3.019905481045319E-01	-5.538199544809084E-01	-1.812322469717988E-01	-3.402367702083921E-02	8.566503212542677E-02	1.240256451070428E+00	1.351294024697102E+00	1.560677874321790E+00	2.105445881490371E+00	2.740538887453615E+00	2.875622273533495E-01	1.666160796853458E+00	1.782428077106310E+00	2.479836893827708E+00	3.668664606693856E+00	2.579110249794870E+00	3.967164161737793E+00

AC Inductance Matrix Coupling Coefficient
	AC:QH_S_L	AC:QH_S_R	AC:QL_D_L	AC:QL_D_R	DCN:CapB1N	DCN:CapB2N	DCN:CapB3N	DCN:CapNL	DCN:CapNR	DCN:QL_S_L	DCN:QL_S_R	DCP:CapB1P	DCP:CapB2P	DCP:CapB3P	DCP:CapPL	DCP:CapPR	DCP:QH_D_L	DCP:QH_D_R	
AC:QH_S_L	1.000000000000000E+00	1.703374879770025E-01	9.666074433683393E-01	1.528417527606121E-01	2.427513294371338E-02	2.924149045126678E-03	1.079153609926839E-01	1.075408761669343E-01	1.356910138805859E-01	2.161289438838414E-01	3.775539128683502E-01	3.826765349884939E-02	9.313722046263286E-02	9.450495465116869E-02	7.509959173137744E-02	1.941210728480650E-01	9.630171070473119E-02	1.980091741897947E-01
AC:QH_S_R	1.703374879770023E-01	1.000000000000000E+00	1.524788098818274E-01	9.664859767046144E-01	2.454868198441657E-02	2.815854473420454E-03	1.086788925613554E-01	1.366874442377556E-01	1.082702290459552E-01	3.787110483525356E-01	2.179653387347518E-01	3.785100144912158E-02	9.354593584777046E-02	9.500283795530448E-02	1.948187724823039E-01	7.570669919529410E-02	1.988308603272959E-01	9.711851503314431E-02
AC:QL_D_L	9.666074433683396E-01	1.524788098818253E-01	1.000000000000000E+00	1.284795440327407E-01	2.546116607572158E-02	6.623208463324503E-04	9.613774258322029E-02	9.030012167730724E-02	1.247991322033242E-01	1.215977899016213E-01	3.609268063544682E-01	2.256100220582741E-02	7.967997816536550E-02	8.215301678585404E-02	4.614498647552075E-02	1.836766664623568E-01	6.133059855198977E-02	1.900952698379768E-01
AC:QL_D_R	1.528417527606126E-01	9.664859767046144E-01	1.284795440327411E-01	1.000000000000000E+00	2.582348750037164E-02	8.166506976807717E-04	9.701419990970357E-02	1.258447506843383E-01	9.121648129711317E-02	3.620596986511578E-01	1.236808474476987E-01	2.203609469495656E-02	8.015177320041132E-02	8.272731207594586E-02	1.843983506839319E-01	4.691767887676494E-02	1.909866029474582E-01	6.229899029808919E-02
DCN:CapB1N	2.427513294369554E-02	2.454868198440065E-02	2.546116607570465E-02	2.582348750035802E-02	1.000000000000000E+00	9.055580494925266E-01	1.746540561409387E-01	1.295322608966037E-01	1.296364642939239E-01	4.291582441452287E-02	4.324867754097225E-02	2.150447561407229E-01	5.409814352303181E-03	1.974200518144958E-02	5.193139749406073E-02	5.167222726752359E-02	5.132103939307955E-02	5.120158415504867E-02
DCN:CapB2N	2.924149045099668E-03	2.815854473401558E-03	6.623208463493971E-04	8.166506977074218E-04	9.055580494925747E-01	1.000000000000000E+00	3.864984025512528E-01	3.291033909148418E-01	3.292026489881417E-01	1.877138653332633E-01	1.880752499373033E-01	2.535390116163513E-01	2.106294675181700E-01	2.001197122722360E-01	1.353795926667996E-01	1.356231015694010E-01	1.305816723415267E-01	1.307176117993303E-01
DCN:CapB3N	1.079153609926896E-01	1.086788925613556E-01	9.613774258322293E-02	9.701419990970792E-02	1.746540561409576E-01	3.864984025512271E-01	1.000000000000000E+00	9.517452827357409E-01	9.516949855745709E-01	6.824365162190099E-01	6.826050071908799E-01	2.119852769423696E-01	6.024877840013830E-01	6.489731557960563E-01	6.713667772239860E-01	6.713121243411879E-01	6.605817879588370E-01	6.605354270498749E-01
DCN:CapNL	1.075408761669329E-01	1.366874442377521E-01	9.030012167730621E-02	1.258447506843363E-01	1.295322608965926E-01	3.291033909148431E-01	9.517452827357397E-01	1.000000000000000E+00	8.997287546508995E-01	7.353543428022203E-01	6.729717558493330E-01	1.924142126700626E-01	5.716451182645884E-01	6.158185770778233E-01	7.192595018545417E-01	6.304124101905046E-01	7.183469859684262E-01	6.217824995851504E-01
DCN:CapNR	1.356910138805849E-01	1.082702290459514E-01	1.247991322033246E-01	9.121648129711149E-02	1.296364642939201E-01	3.292026489881443E-01	9.516949855745693E-01	8.997287546509030E-01	1.000000000000000E+00	6.726734931443825E-01	7.353695087606820E-01	1.926188940289430E-01	5.716411031017224E-01	6.158013845138398E-01	6.304353003474574E-01	7.191656034485236E-01	6.217756222906772E-01	7.182358739683874E-01
DCN:QL_S_L	2.161289438838398E-01	3.787110483525343E-01	1.215977899016191E-01	3.620596986511567E-01	4.291582441451849E-02	1.877138653332584E-01	6.824365162190109E-01	7.353543428022226E-01	6.726734931443848E-01	1.000000000000000E+00	6.394578316256532E-01	1.536787525608581E-01	4.381010395151617E-01	4.658115079794575E-01	6.379359864987084E-01	5.101591052830186E-01	6.805372626521232E-01	5.221581473303430E-01
DCN:QL_S_R	3.775539128683496E-01	2.179653387347486E-01	3.609268063544672E-01	1.236808474476969E-01	4.324867754098058E-02	1.880752499373002E-01	6.826050071908826E-01	6.729717558493326E-01	7.353695087606810E-01	6.394578316256530E-01	1.000000000000000E+00	1.543466784929068E-01	4.382866094656121E-01	4.659547621148484E-01	5.105390481034922E-01	6.378655293418165E-01	5.223926168448693E-01	6.804310168274446E-01
DCP:CapB1P	3.826765349885183E-02	3.785100144912072E-02	2.256100220583187E-02	2.203609469495619E-02	2.150447561407899E-01	2.535390116163164E-01	2.119852769423700E-01	1.924142126700474E-01	1.926188940289331E-01	1.536787525608448E-01	1.543466784929038E-01	1.000000000000000E+00	4.901986253302743E-01	4.778847659648998E-01	3.363621624637199E-01	3.368088432673341E-01	3.278043240215980E-01	3.281360752862569E-01
DCP:CapB2P	9.313722046263401E-02	9.354593584777764E-02	7.967997816537556E-02	8.015177320042056E-02	5.409814352301014E-03	2.106294675181801E-01	6.024877840013809E-01	5.716451182645873E-01	5.716411031017259E-01	4.381010395151615E-01	4.382866094656110E-01	4.901986253302679E-01	1.000000000000000E+00	9.937638288622532E-01	7.722506236087217E-01	7.723085794703721E-01	7.479609491195139E-01	7.480185433241285E-01
DCP:CapB3P	9.450495465116662E-02	9.500283795530838E-02	8.215301678585304E-02	8.272731207594815E-02	1.974200518143786E-02	2.001197122722327E-01	6.489731557960556E-01	6.158185770778125E-01	6.158013845138383E-01	4.658115079794556E-01	4.659547621148463E-01	4.778847659649050E-01	9.937638288622563E-01	1.000000000000000E+00	7.882849943063336E-01	7.883181499331190E-01	7.636361486754488E-01	7.636736339607277E-01
DCP:CapPL	7.509959173137666E-02	1.948187724823065E-01	4.614498647552105E-02	1.843983506839310E-01	5.193139749405341E-02	1.353795926667884E-01	6.713667772239857E-01	7.192595018545438E-01	6.304353003474590E-01	6.379359864987096E-01	5.105390481034904E-01	3.363621624637135E-01	7.722506236087270E-01	7.882849943063317E-01	1.000000000000000E+00	6.777409051592744E-01	9.826363841387323E-01	6.640592023875500E-01
DCP:CapPR	1.941210728480617E-01	7.570669919529499E-02	1.836766664623555E-01	4.691767887676582E-02	5.167222726754494E-02	1.356231015693999E-01	6.713121243411929E-01	6.304124101905013E-01	7.191656034485248E-01	5.101591052830199E-01	6.378655293418131E-01	3.368088432673265E-01	7.723085794703709E-01	7.883181499331183E-01	6.777409051592740E-01	1.000000000000000E+00	6.639960613775364E-01	9.826052064130806E-01
DCP:QH_D_L	9.630171070473184E-02	1.988308603272952E-01	6.133059855198782E-02	1.909866029474577E-01	5.132103939306716E-02	1.305816723415253E-01	6.605817879588367E-01	7.183469859684321E-01	6.217756222906780E-01	6.805372626521251E-01	5.223926168448674E-01	3.278043240216076E-01	7.479609491195135E-01	7.636361486754537E-01	9.826363841387316E-01	6.639960613775350E-01	1.000000000000000E+00	6.499552764786006E-01
DCP:QH_D_R	1.980091741897950E-01	9.711851503314445E-02	1.900952698379769E-01	6.229899029808911E-02	5.120158415505899E-02	1.307176117993242E-01	6.605354270498782E-01	6.217824995851559E-01	7.182358739683908E-01	5.221581473303430E-01	6.804310168274440E-01	3.281360752862675E-01	7.480185433241344E-01	7.636736339607291E-01	6.640592023875520E-01	9.826052064130794E-01	6.499552764785996E-01	1.000000000000000E+00

AC Resistance Matrix
	AC:QH_S_L	AC:QH_S_R	AC:QL_D_L	AC:QL_D_R	DCN:CapB1N	DCN:CapB2N	DCN:CapB3N	DCN:CapNL	DCN:CapNR	DCN:QL_S_L	DCN:QL_S_R	DCP:CapB1P	DCP:CapB2P	DCP:CapB3P	DCP:CapPL	DCP:CapPR	DCP:QH_D_L	DCP:QH_D_R	
AC:QH_S_L	2.530228165112878E-04	4.061937749807665E-05	2.270653835830109E-04	4.038204985855399E-05	2.356352889769475E-08	-5.852789309159032E-08	-8.961486668529447E-07	-1.039438733585787E-06	-1.145915633975024E-06	-2.075165892183610E-06	-2.790993930857421E-06	-5.669707134755529E-08	-6.808484335833475E-07	-7.982719394487247E-07	-1.265285067350557E-06	-1.668040842047025E-06	-1.500951085655437E-06	-1.862610353412138E-06
AC:QH_S_R	4.061937749807671E-05	2.525787105333826E-04	4.038379635566406E-05	2.265856827406478E-04	2.350888415020383E-08	-5.866282928279647E-08	-8.951134354410503E-07	-1.142072219787202E-06	-1.039290270787137E-06	-2.770796682232575E-06	-2.078556626452268E-06	-5.660894937652962E-08	-6.799308109081834E-07	-7.973375986471033E-07	-1.659994428250411E-06	-1.266463166703554E-06	-1.854039586638912E-06	-1.501873535188686E-06
AC:QL_D_L	2.270653835830109E-04	4.038379635566408E-05	2.524990976491232E-04	4.022019746549069E-05	1.023162047742192E-08	-5.205948960952544E-08	-6.690984597713549E-07	-7.494428581587554E-07	-8.783485823423097E-07	-1.338003491601569E-06	-2.153794237483573E-06	-5.443478344824595E-08	-5.137354733525314E-07	-5.988198790701622E-07	-8.677503765533623E-07	-1.305260700211126E-06	-1.013063657738889E-06	-1.445895630312291E-06
AC:QL_D_R	4.038204985855400E-05	2.265856827406479E-04	4.022019746549064E-05	2.521173034937069E-04	1.024877841630191E-08	-5.209550824866188E-08	-6.676567261916089E-07	-8.739162388274047E-07	-7.486063606345862E-07	-2.133329733576580E-06	-1.338629938491750E-06	-5.424191768383231E-08	-5.124752216758857E-07	-5.975205406358913E-07	-1.296380096721871E-06	-8.680573560979451E-07	-1.436305114159887E-06	-1.013153047566158E-06
DCN:CapB1N	2.356352889773879E-08	2.350888415017079E-08	1.023162047734569E-08	1.024877841630530E-08	3.089564663294247E-05	2.693245644180916E-05	2.195864590339247E-05	2.188399977079571E-05	2.188498793305090E-05	2.173688881674163E-05	2.173709681486300E-05	3.337155236658284E-08	8.080844175067676E-09	7.754700937691469E-09	-7.760097085670334E-09	-7.569811362050267E-09	-1.199923593853604E-08	-1.172267253043713E-08
DCN:CapB2N	-5.852789309153738E-08	-5.866282928282527E-08	-5.205948960957520E-08	-5.209550824863912E-08	2.693245644180923E-05	3.088276632288977E-05	2.215078227906882E-05	2.210148226967403E-05	2.210231560434363E-05	2.208684324348593E-05	2.208679402316724E-05	4.489031964629876E-08	1.318431768679556E-07	1.513268949351321E-07	2.289264007671845E-07	2.289865465104932E-07	2.452242849042392E-07	2.453676230044446E-07
DCN:CapB3N	-8.961486668529274E-07	-8.951134354410689E-07	-6.690984597713706E-07	-6.676567261915911E-07	2.195864590339240E-05	2.215078227906880E-05	1.062499371856401E-04	1.002308334154307E-04	1.002289769362451E-04	9.780048820553098E-05	9.779948869061509E-05	1.612976936813893E-07	1.247044096903527E-06	1.456496853458286E-06	2.441379330746080E-06	2.441055013947945E-06	2.679523501205119E-06	2.679406199781865E-06
DCN:CapNL	-1.039438733585814E-06	-1.142072219787175E-06	-7.494428581587113E-07	-8.739162388274166E-07	2.188399977079573E-05	2.210148226967407E-05	1.002308334154307E-04	1.256484613679203E-04	9.545545994589792E-05	1.002345220867478E-04	9.663985975974149E-05	1.844899121662551E-07	1.460771943483778E-06	1.706295204376955E-06	2.957988020810354E-06	2.813787292832362E-06	3.262573508623935E-06	3.090603109580255E-06
DCN:CapNR	-1.145915633975063E-06	-1.039290270787164E-06	-8.783485823422521E-07	-7.486063606345421E-07	2.188498793305101E-05	2.210231560434368E-05	1.002289769362452E-04	9.545545994589800E-05	1.256967684263733E-04	9.663822890496100E-05	1.002406998338525E-04	1.846155504382749E-07	1.461325548071619E-06	1.706890859018174E-06	2.815110906695644E-06	2.959504244080637E-06	3.091532190765457E-06	3.264271608773939E-06
DCN:QL_S_L	-2.075165892183601E-06	-2.770796682232592E-06	-1.338003491601515E-06	-2.133329733576616E-06	2.173688881674162E-05	2.208684324348598E-05	9.780048820553098E-05	1.002345220867479E-04	9.663822890496105E-05	3.220212606829495E-04	1.458443143313485E-04	2.858141661658421E-07	2.575789389604452E-06	3.009402419974953E-06	5.562128456685009E-06	4.981994842445479E-06	6.243753236540223E-06	5.580014207027598E-06
DCN:QL_S_R	-2.790993930857439E-06	-2.078556626452292E-06	-2.153794237483556E-06	-1.338629938491745E-06	2.173709681486295E-05	2.208679402316725E-05	9.779948869061510E-05	9.663985975974157E-05	1.002406998338525E-04	1.458443143313485E-04	3.219396644490059E-04	2.860305926571785E-07	2.576737457753850E-06	3.010303296710154E-06	4.985279033576654E-06	5.566584422813445E-06	5.582554134195810E-06	6.249259314291652E-06
DCP:CapB1P	-5.669707134754089E-08	-5.660894937650167E-08	-5.443478344822139E-08	-5.424191768384925E-08	3.337155236670481E-08	4.489031964625641E-08	1.612976936814639E-07	1.844899121664110E-07	1.846155504382614E-07	2.858141661658658E-07	2.860305926571514E-07	5.842349194820828E-05	4.328110862858206E-05	4.329232115283229E-05	4.316626897931368E-05	4.316548728725617E-05	4.318021660888112E-05	4.317954751469043E-05
DCP:CapB2P	-6.808484335833458E-07	-6.799308109081648E-07	-5.137354733525242E-07	-5.124752216758899E-07	8.080844175254023E-09	1.318431768680708E-07	1.247044096903553E-06	1.460771943483683E-06	1.461325548071602E-06	2.575789389604392E-06	2.576737457753864E-06	4.328110862858227E-05	1.395543758850480E-04	1.357059855502642E-04	1.192446475364966E-04	1.192346771461538E-04	1.194270931178211E-04	1.194172820748072E-04
DCP:CapB3P	-7.982719394487312E-07	-7.973375986470616E-07	-5.988198790701345E-07	-5.975205406359599E-07	7.754700937738902E-09	1.513268949350821E-07	1.456496853458388E-06	1.706295204376989E-06	1.706890859018065E-06	3.009402419974920E-06	3.010303296710003E-06	4.329232115283213E-05	1.357059855502641E-04	1.398812072318716E-04	1.195497195051915E-04	1.195392714671858E-04	1.197628565274116E-04	1.197526102137488E-04
DCP:CapPL	-1.265285067350567E-06	-1.659994428250368E-06	-8.677503765533285E-07	-1.296380096721891E-06	-7.760097085656782E-09	2.289264007673099E-07	2.441379330745992E-06	2.957988020810314E-06	2.815110906695678E-06	5.562128456685063E-06	4.985279033576715E-06	4.316626897931371E-05	1.192446475364967E-04	1.195497195051914E-04	2.970650026588770E-04	1.331100549287241E-04	2.804622406696240E-04	1.333762816067640E-04
DCP:CapPR	-1.668040842047045E-06	-1.266463166703518E-06	-1.305260700211132E-06	-8.680573560980111E-07	-7.569811361860532E-09	2.289865465104627E-07	2.441055013947813E-06	2.813787292832268E-06	2.959504244080528E-06	4.981994842445479E-06	5.566584422813448E-06	4.316548728725632E-05	1.192346771461537E-04	1.195392714671856E-04	1.331100549287244E-04	2.969968115460347E-04	1.333765054049436E-04	2.804119461827172E-04
DCP:QH_D_L	-1.500951085655393E-06	-1.854039586638860E-06	-1.013063657738938E-06	-1.436305114159937E-06	-1.199923593876580E-08	2.452242849040376E-07	2.679523501205072E-06	3.262573508623924E-06	3.091532190765525E-06	6.243753236540263E-06	5.582554134195795E-06	4.318021660888110E-05	1.194270931178211E-04	1.197628565274117E-04	2.804622406696241E-04	1.333765054049438E-04	3.071022517131849E-04	1.336850555142402E-04
DCP:QH_D_R	-1.862610353412090E-06	-1.501873535188644E-06	-1.445895630312311E-06	-1.013153047566219E-06	-1.172267253061914E-08	2.453676230044082E-07	2.679406199781940E-06	3.090603109580261E-06	3.264271608773920E-06	5.580014207027697E-06	6.249259314291689E-06	4.317954751469028E-05	1.194172820748073E-04	1.197526102137488E-04	1.333762816067640E-04	2.804119461827172E-04	1.336850555142403E-04	3.070761121340106E-04

AC Resistance Matrix Coupling Coefficient
	AC:QH_S_L	AC:QH_S_R	AC:QL_D_L	AC:QL_D_R	DCN:CapB1N	DCN:CapB2N	DCN:CapB3N	DCN:CapNL	DCN:CapNR	DCN:QL_S_L	DCN:QL_S_R	DCP:CapB1P	DCP:CapB2P	DCP:CapB3P	DCP:CapPL	DCP:CapPR	DCP:QH_D_L	DCP:QH_D_R	
AC:QH_S_L	1.000000000000000E+00	1.606774940146231E-01	8.983408990827030E-01	1.598848047954779E-01	2.665089779952510E-04	6.621020765596569E-04	5.465575264449183E-03	5.829622947220095E-03	6.425556482990579E-03	7.269937962073352E-03	9.778940545458770E-03	4.663232057313391E-04	3.623254750872484E-03	4.243178820165325E-03	4.615117839715021E-03	6.084864950790050E-03	5.384497703116071E-03	6.682195123315250E-03
AC:QH_S_R	1.606774940146234E-01	1.000000000000000E+00	1.599111907239143E-01	8.979099146207211E-01	2.661245869084315E-04	6.642117230582272E-04	5.464058796603326E-03	6.410864672757107E-03	5.832791261846469E-03	9.715474475058420E-03	7.289139236264928E-03	4.660075665404024E-04	3.621551131820172E-03	4.241936734805559E-03	6.060138004513414E-03	4.624005043801399E-03	6.657008807102733E-03	5.392770978937148E-03
AC:QL_D_L	8.983408990827031E-01	1.599111907239144E-01	1.000000000000000E+00	1.594090437266289E-01	1.158419508229626E-04	5.895381212754078E-04	4.085034925702353E-03	4.207557141675732E-03	4.930318017732556E-03	4.692292305572731E-03	7.554175181698757E-03	4.481803679611451E-04	2.736767539538351E-03	3.186299593172238E-03	3.168393767895049E-03	4.766410619451887E-03	3.638021994194074E-03	5.192589769012759E-03
AC:QL_D_R	1.598848047954779E-01	8.979099146207213E-01	1.594090437266286E-01	1.000000000000000E+00	1.161240387963376E-04	5.903925314885315E-04	4.079317991805246E-03	4.910095003419677E-03	4.205233639503128E-03	7.487112981546989E-03	4.698637748983155E-03	4.469304585152642E-04	2.732120285107637E-03	3.181792301674278E-03	4.737020702326377E-03	3.172277723688660E-03	5.161832167283983E-03	3.641251794541607E-03
DCN:CapB1N	2.665089779957492E-04	2.661245869080576E-04	1.158419508220995E-04	1.161240387963760E-04	1.000000000000000E+00	8.719051117880615E-01	3.832591833741320E-01	3.512363614516090E-01	3.511847192709778E-01	2.179247048228028E-01	2.179544053572477E-01	7.854779705439347E-04	1.230655106763007E-04	1.179605321940397E-04	8.100144471241183E-05	7.902427479959099E-05	1.231865940927738E-04	1.203524600750979E-04
DCN:CapB2N	6.621020765590579E-04	6.642117230585532E-04	5.895381212759713E-04	5.903925314882736E-04	8.719051117880636E-01	1.000000000000000E+00	3.866932843171236E-01	3.548009027934926E-01	3.547460938911449E-01	2.214793693784223E-01	2.215069411614392E-01	1.056819564678920E-03	2.008296503207887E-03	2.302387068482118E-03	2.390077796578422E-03	2.390980180641238E-03	2.518047270537919E-03	2.519626349056124E-03
DCN:CapB3N	5.465575264449078E-03	5.464058796603439E-03	4.085034925702448E-03	4.079317991805138E-03	3.832591833741306E-01	3.866932843171233E-01	1.000000000000000E+00	8.674778873779566E-01	8.672951149357933E-01	5.287305550772524E-01	5.287921504476852E-01	2.047246141080202E-03	1.024107957029100E-02	1.194718321572574E-02	1.374184916347354E-02	1.374160095300092E-02	1.483377642687819E-02	1.483375836397068E-02
DCN:CapNL	5.829622947220250E-03	6.410864672756960E-03	4.207557141675485E-03	4.910095003419743E-03	3.512363614516092E-01	3.548009027934934E-01	8.674778873779573E-01	1.000000000000000E+00	7.595565810977526E-01	4.983063984023199E-01	4.804967561933586E-01	2.153278882290678E-03	1.103143733081603E-02	1.287051416413071E-02	1.531059534173245E-02	1.456588185927486E-02	1.660887504384045E-02	1.573409011212122E-02
DCN:CapNR	6.425556482990803E-03	5.832791261846621E-03	4.930318017732233E-03	4.205233639502880E-03	3.511847192709796E-01	3.547460938911459E-01	8.672951149357936E-01	7.595565810977533E-01	1.000000000000000E+00	4.803354422189485E-01	4.983044783761188E-01	2.154331183262190E-03	1.103349725789670E-02	1.287253290039214E-02	1.456826081334710E-02	1.531725764288632E-02	1.573512569126034E-02	1.661503325338095E-02
DCN:QL_S_L	7.269937962073319E-03	9.715474475058480E-03	4.692292305572544E-03	7.487112981547114E-03	2.179247048228027E-01	2.214793693784227E-01	5.287305550772524E-01	4.983063984023200E-01	4.803354422189487E-01	1.000000000000000E+00	4.529601403136622E-01	2.083760119884384E-03	1.215056148797825E-02	1.417941478750690E-02	1.798344936622480E-02	1.610961298807462E-02	1.985463727652779E-02	1.774475530897323E-02
DCN:QL_S_R	9.778940545458832E-03	7.289139236265013E-03	7.554175181698697E-03	4.698637748983137E-03	2.179544053572472E-01	2.215069411614393E-01	5.287921504476853E-01	4.804967561933590E-01	4.983044783761190E-01	4.529601403136622E-01	1.000000000000000E+00	2.085602251149466E-03	1.215657399351641E-02	1.418545677659014E-02	1.612042482606618E-02	1.800220334441626E-02	1.775432637645993E-02	1.987551021059921E-02
DCP:CapB1P	4.663232057312207E-04	4.660075665401723E-04	4.481803679609428E-04	4.469304585154038E-04	7.854779705468057E-04	1.056819564677923E-03	2.047246141081148E-03	2.153278882292498E-03	2.154331183262032E-03	2.083760119884557E-03	2.085602251149269E-03	1.000000000000000E+00	4.793281020964106E-01	4.788918323562023E-01	3.276611957983084E-01	3.276928752475170E-01	3.223662451560361E-01	3.223749700305897E-01
DCP:CapB2P	3.623254750872475E-03	3.621551131820073E-03	2.736767539538313E-03	2.732120285107659E-03	1.230655106791386E-04	2.008296503209641E-03	1.024107957029121E-02	1.103143733081531E-02	1.103349725789657E-02	1.215056148797797E-02	1.215657399351647E-02	4.793281020964129E-01	1.000000000000000E+00	9.712870269354503E-01	5.856544123168621E-01	5.856726683375399E-01	5.768855115514923E-01	5.768626707801930E-01
DCP:CapB3P	4.243178820165359E-03	4.241936734805337E-03	3.186299593172091E-03	3.181792301674644E-03	1.179605321947613E-04	2.302387068481358E-03	1.194718321572657E-02	1.287051416413096E-02	1.287253290039132E-02	1.417941478750675E-02	1.418545677658943E-02	4.788918323562005E-01	9.712870269354498E-01	1.000000000000000E+00	5.864663931648040E-01	5.864824562129217E-01	5.778311626083422E-01	5.778063173041139E-01
DCP:CapPL	4.615117839715057E-03	6.060138004513257E-03	3.168393767894925E-03	4.737020702326450E-03	8.100144471227035E-05	2.390077796579731E-03	1.374184916347305E-02	1.531059534173224E-02	1.456826081334727E-02	1.798344936622497E-02	1.612042482606638E-02	3.276611957983086E-01	5.856544123168628E-01	5.864663931648033E-01	1.000000000000000E+00	4.481353711779112E-01	9.285539756524331E-01	4.416007920409801E-01
DCP:CapPR	6.084864950790124E-03	4.624005043801266E-03	4.766410619451911E-03	3.172277723688901E-03	7.902427479761027E-05	2.390980180640919E-03	1.374160095300017E-02	1.456588185927437E-02	1.531725764288576E-02	1.610961298807462E-02	1.800220334441627E-02	3.276928752475181E-01	5.856726683375393E-01	5.864824562129209E-01	4.481353711779124E-01	1.000000000000000E+00	4.416334300237767E-01	9.285335522810879E-01
DCP:QH_D_L	5.384497703115913E-03	6.657008807102547E-03	3.638021994194251E-03	5.161832167284166E-03	1.231865940951325E-04	2.518047270535849E-03	1.483377642687793E-02	1.660887504384040E-02	1.573512569126069E-02	1.985463727652792E-02	1.775432637645988E-02	3.223662451560360E-01	5.768855115514920E-01	5.778311626083424E-01	9.285539756524335E-01	4.416334300237773E-01	1.000000000000000E+00	4.353297462252423E-01
DCP:QH_D_R	6.682195123315076E-03	5.392770978936996E-03	5.192589769012829E-03	3.641251794541826E-03	1.203524600769665E-04	2.519626349055751E-03	1.483375836397110E-02	1.573409011212125E-02	1.661503325338085E-02	1.774475530897355E-02	1.987551021059933E-02	3.223749700305886E-01	5.768626707801933E-01	5.778063173041139E-01	4.416007920409800E-01	9.285335522810878E-01	4.353297462252426E-01	1.000000000000000E+00

