Design Variation:  h_23='1.2mm' h_34='0.10000000000000001mm' h_diel='0.10000000000000001mm' r_anti='0.34999999999999998mm' t_L1='0.070000000000000007mm' t_L2='0.070000000000000007mm' t_L3='0.070000000000000007mm' t_L4='0.070000000000000007mm' t_pad='0.035000000000000003mm' via_r='0.14999999999999999mm' z_L1='0.17000000000000001mm' z_L3b='-1.2699999999999998mm' z_L3t='-1.2mm' z_L4b='-1.4399999999999999mm' z_L4t='-1.3699999999999999mm' z_top='0.24000000000000002mm'
Setup1:Sweep1
Problem Type:  DC RL, AC RL
R Units:ohm, L Units:nH
Reduce Matrix:  Original
Frequency:  2MHz

DC Inductance Matrix
	AC:QH_S_L	AC:QH_S_R	AC:QL_D_L	AC:QL_D_R	DCN:CapB1N	DCN:CapB2N	DCN:CapB3N	DCN:CapNL	DCN:CapNR	DCN:QL_S_L	DCN:QL_S_R	DCP:CapB1P	DCP:CapB2P	DCP:CapB3P	DCP:CapPL	DCP:CapPR	DCP:QH_D_L	DCP:QH_D_R	
AC:QH_S_L	2.616060046052188E+00	5.507061337262714E-01	2.325732313709410E+00	4.254552557118878E-01	1.436894410584490E-02	-1.423891776769946E-02	-3.298237319602008E-01	-3.857115001772160E-01	-4.425242114289178E-01	-1.105204720633256E+00	-1.660272498423622E+00	-2.307408127643835E-02	-2.777483469233012E-01	-3.142243200735677E-01	-4.674899195054016E-01	-8.404769308405093E-01	-5.914954385302269E-01	-9.320880503163694E-01
AC:QH_S_R	5.507061337262714E-01	2.607854417434932E+00	4.258574110693559E-01	2.316772245826313E+00	1.442398351164451E-02	-1.417719602672969E-02	-3.296236253990040E-01	-4.420579934257641E-01	-3.857027570462644E-01	-1.657585515981295E+00	-1.108122318905317E+00	-2.298404181186539E-02	-2.775844970104727E-01	-3.140496307062182E-01	-8.392366090678973E-01	-4.679434877698012E-01	-9.308772356493148E-01	-5.920900611408673E-01
AC:QL_D_L	2.325732313709410E+00	4.258574110693559E-01	2.224774331578053E+00	3.185334324495775E-01	1.152939691990505E-02	-1.027303059988345E-02	-2.482531214863168E-01	-2.791477667102878E-01	-3.443416842963421E-01	-6.242763261003815E-01	-1.382119912604517E+00	-1.708881796908541E-02	-2.099823720470943E-01	-2.375468265544434E-01	-2.886105549858606E-01	-6.923603611389764E-01	-3.661896607229181E-01	-7.684534970170481E-01
AC:QL_D_R	4.254552557118878E-01	2.316772245826313E+00	3.185334324495775E-01	2.215583663922452E+00	1.157908690589017E-02	-1.020678570615810E-02	-2.479345334252193E-01	-3.437399971463886E-01	-2.789720602821103E-01	-1.379026193494250E+00	-6.265140182355217E-01	-1.698685880563770E-02	-2.097332230892382E-01	-2.372745822016784E-01	-6.908941974325242E-01	-2.888573807541508E-01	-7.669815852396464E-01	-3.665335302584896E-01
DCN:CapB1N	1.436894410584490E-02	1.442398351164451E-02	1.152939691990505E-02	1.157908690589017E-02	1.152496782290188E-01	1.026900224817094E-01	5.669613769951823E-02	5.046057237218788E-02	5.046756072802659E-02	2.946098007442072E-02	2.949346539416656E-02	3.569424845152278E-02	-1.722546879902566E-04	-5.911347336558180E-03	-3.003135806895981E-02	-2.995040237344039E-02	-3.334872735201377E-02	-3.327646963522808E-02
DCN:CapB2N	-1.423891776769946E-02	-1.417719602672969E-02	-1.027303059988345E-02	-1.020678570615810E-02	1.026900224817094E-01	1.128982453199248E-01	1.415769650751525E-01	1.447804501058822E-01	1.447987070332291E-01	1.712946587783732E-01	1.713369867756707E-01	4.083499407187202E-02	9.319846075965192E-02	9.569543973212877E-02	1.152652762098883E-01	1.153410091271787E-01	1.197113541189828E-01	1.197783156105349E-01
DCN:CapB3N	-3.298237319602008E-01	-3.296236253990040E-01	-2.482531214863168E-01	-2.479345334252193E-01	5.669613769951823E-02	1.415769650751525E-01	1.115820002882194E+00	1.250266114216238E+00	1.250351987439570E+00	1.838061057536232E+00	1.838240296710670E+00	9.539629013035843E-02	7.929977083604034E-01	9.075652713196989E-01	1.524275547536790E+00	1.524255338641548E+00	1.623924473642010E+00	1.623873379433443E+00
DCN:CapNL	-3.857115001772160E-01	-4.420579934257641E-01	-2.791477667102878E-01	-3.437399971463886E-01	5.046057237218788E-02	1.447804501058822E-01	1.250266114216238E+00	1.517827931713311E+00	1.394978567384814E+00	2.276496973597894E+00	2.123967011701221E+00	1.021031947671087E-01	8.861806621608168E-01	1.015283987559125E+00	1.880368418652557E+00	1.690735066999155E+00	2.025567315762628E+00	1.807023789630547E+00
DCN:CapNR	-4.425242114289178E-01	-3.857027570462644E-01	-3.443416842963421E-01	-2.789720602821103E-01	5.046756072802659E-02	1.447987070332291E-01	1.250351987439570E+00	1.394978567384814E+00	1.518195484488156E+00	2.123939280255455E+00	2.277065907886919E+00	1.021379876511444E-01	8.862513416939594E-01	1.015365928692522E+00	1.690896045721438E+00	1.880548093673910E+00	1.807219108774164E+00	2.025756004332549E+00
DCN:QL_S_L	-1.105204720633256E+00	-1.657585515981295E+00	-6.242763261003815E-01	-1.379026193494250E+00	2.946098007442072E-02	1.712946587783732E-01	1.838061057536232E+00	2.276496973597894E+00	2.123939280255455E+00	5.458407180572558E+00	3.914985999856515E+00	1.431990076951580E-01	1.359631663279275E+00	1.552251211261804E+00	3.245539268048500E+00	2.726025045796838E+00	3.692170761159999E+00	3.016123753913461E+00
DCN:QL_S_R	-1.660272498423622E+00	-1.108122318905317E+00	-1.382119912604517E+00	-6.265140182355217E-01	2.949346539416656E-02	1.713369867756707E-01	1.838240296710670E+00	2.123967011701221E+00	2.277065907886919E+00	3.914985999856515E+00	5.458707853861087E+00	1.432956965003588E-01	1.359745199673968E+00	1.552373131439055E+00	2.726598882126225E+00	3.245679232487799E+00	3.016717726410326E+00	3.692248576523131E+00
DCP:CapB1P	-2.307408127643835E-02	-2.298404181186539E-02	-1.708881796908541E-02	-1.698685880563770E-02	3.569424845152278E-02	4.083499407187202E-02	9.539629013035843E-02	1.021031947671087E-01	1.021379876511444E-01	1.431990076951580E-01	1.432956965003588E-01	2.022628296834892E-01	2.500309622635710E-01	2.551282280932992E-01	2.896914163198758E-01	2.898540358825423E-01	2.963419629392916E-01	2.965035332919677E-01
DCP:CapB2P	-2.777483469233012E-01	-2.775844970104727E-01	-2.099823720470943E-01	-2.097332230892382E-01	-1.722546879902566E-04	9.319846075965192E-02	7.929977083604034E-01	8.861806621608168E-01	8.862513416939594E-01	1.359631663279275E+00	1.359745199673968E+00	2.500309622635710E-01	1.363137457482617E+00	1.436838686009960E+00	1.855556543666609E+00	1.855536833781156E+00	1.932886146587994E+00	1.932831856564874E+00
DCP:CapB3P	-3.142243200735677E-01	-3.140496307062182E-01	-2.375468265544434E-01	-2.372745822016784E-01	-5.911347336558180E-03	9.569543973212877E-02	9.075652713196989E-01	1.015283987559125E+00	1.015365928692522E+00	1.552251211261804E+00	1.552373131439055E+00	2.551282280932992E-01	1.436838686009960E+00	1.534756473903597E+00	2.016829265962245E+00	2.016787397667042E+00	2.104989116053956E+00	2.104911199864585E+00
DCP:CapPL	-4.674899195054016E-01	-8.392366090678973E-01	-2.886105549858606E-01	-6.908941974325242E-01	-3.003135806895981E-02	1.152652762098883E-01	1.524275547536790E+00	1.880368418652557E+00	1.690896045721438E+00	3.245539268048500E+00	2.726598882126225E+00	2.896914163198758E-01	1.855556543666609E+00	2.016829265962245E+00	4.031319463007873E+00	2.879196903055622E+00	4.256095636396783E+00	3.045682370894672E+00
DCP:CapPR	-8.404769308405093E-01	-4.679434877698012E-01	-6.923603611389764E-01	-2.888573807541508E-01	-2.995040237344039E-02	1.153410091271787E-01	1.524255338641548E+00	1.690735066999155E+00	1.880548093673910E+00	2.726025045796838E+00	3.245679232487799E+00	2.898540358825423E-01	1.855536833781156E+00	2.016787397667042E+00	2.879196903055622E+00	4.031092023801706E+00	3.045678002202070E+00	4.255774197378384E+00
DCP:QH_D_L	-5.914954385302269E-01	-9.308772356493148E-01	-3.661896607229181E-01	-7.669815852396464E-01	-3.334872735201377E-02	1.197113541189828E-01	1.623924473642010E+00	2.025567315762628E+00	1.807219108774164E+00	3.692170761159999E+00	3.016717726410326E+00	2.963419629392916E-01	1.932886146587994E+00	2.104989116053956E+00	4.256095636396783E+00	3.045678002202070E+00	4.639022126562501E+00	3.226698860259223E+00
DCP:QH_D_R	-9.320880503163694E-01	-5.920900611408673E-01	-7.684534970170481E-01	-3.665335302584896E-01	-3.327646963522808E-02	1.197783156105349E-01	1.623873379433443E+00	1.807023789630547E+00	2.025756004332549E+00	3.016123753913461E+00	3.692248576523131E+00	2.965035332919677E-01	1.932831856564874E+00	2.104911199864585E+00	3.045682370894672E+00	4.255774197378384E+00	3.226698860259223E+00	4.638694297394266E+00

DC Inductance Matrix Coupling Coefficient
	AC:QH_S_L	AC:QH_S_R	AC:QL_D_L	AC:QL_D_R	DCN:CapB1N	DCN:CapB2N	DCN:CapB3N	DCN:CapNL	DCN:CapNR	DCN:QL_S_L	DCN:QL_S_R	DCP:CapB1P	DCP:CapB2P	DCP:CapB3P	DCP:CapPL	DCP:CapPR	DCP:QH_D_L	DCP:QH_D_R	
AC:QH_S_L	1.000000000000000E+00	2.108406701413021E-01	9.640351971169729E-01	1.767201053391770E-01	2.616863927261209E-02	2.620049713487131E-02	1.930460750448728E-01	1.935652814679297E-01	2.220492625238166E-01	2.924730892754150E-01	4.393499629989397E-01	3.172068261982054E-02	1.470814161837780E-01	1.568181059492979E-01	1.439543486874358E-01	2.588156819667839E-01	1.697908661491274E-01	2.675686392764268E-01
AC:QH_S_R	2.108406701413021E-01	1.000000000000000E+00	1.767988986311451E-01	9.638236817507805E-01	2.631017185136526E-02	2.612793437552053E-02	1.932322401574875E-01	2.221909193904014E-01	1.938417062232954E-01	4.393405675382569E-01	2.936980780847317E-01	3.164657334228005E-02	1.472257277099435E-01	1.569773084507346E-01	2.588326989908561E-01	1.443246057213151E-01	2.676316774812523E-01	1.702347523262147E-01
AC:QL_D_L	9.640351971169729E-01	1.767988986311451E-01	1.000000000000000E+00	1.434722673652941E-01	2.276898900781453E-02	2.049802427334401E-02	1.575631534167246E-01	1.519077407597187E-01	1.873625416416788E-01	1.791434437031808E-01	3.966046625417722E-01	2.547481282240491E-02	1.205785421778607E-01	1.285542720151117E-01	9.637083450656751E-02	2.311946909421508E-01	1.139855694860065E-01	2.392085687444219E-01
AC:QL_D_R	1.767201053391770E-01	9.638236817507805E-01	1.434722673652941E-01	1.000000000000000E+00	2.291449948843673E-02	2.040804125521975E-02	1.576869935423877E-01	1.874453717110297E-01	1.521082553056551E-01	3.965477347764383E-01	1.801531207515205E-01	2.537528685336252E-02	1.206850091917915E-01	1.286729930614790E-01	2.311765937692763E-01	9.665582575715567E-02	2.392366088918756E-01	1.143330414190790E-01
DCN:CapB1N	2.616863927261209E-02	2.631017185136526E-02	2.276898900781453E-02	2.291449948843673E-02	1.000000000000000E+00	9.002534453128912E-01	1.581017009979750E-01	1.206482540139162E-01	1.206503554763496E-01	3.714448700727965E-02	3.718442046296182E-02	2.337869914099995E-01	4.345916357693146E-04	1.405551880162050E-02	4.405868225518948E-02	4.394115258013941E-02	4.560854129483052E-02	4.551132798035890E-02
DCN:CapB2N	2.620049713487131E-02	2.612793437552053E-02	2.049802427334401E-02	2.040804125521975E-02	9.002534453128912E-01	1.000000000000000E+00	3.988888813792799E-01	3.497478521363002E-01	3.497496110041075E-01	2.182062874890495E-01	2.182541965254918E-01	2.702283201119112E-01	2.375720349641804E-01	2.298941442937558E-01	1.708564158179327E-01	1.709734969292171E-01	1.654163849173564E-01	1.655147602585302E-01
DCN:CapB3N	1.930460750448728E-01	1.932322401574875E-01	1.575631534167246E-01	1.576869935423877E-01	1.581017009979750E-01	3.988888813792799E-01	1.000000000000000E+00	9.607139991337038E-01	9.606636760592607E-01	7.447832446715926E-01	7.448353583374157E-01	2.008058565965696E-01	6.429912086611718E-01	6.935233066701877E-01	7.186919887102219E-01	7.187027344596733E-01	7.137654692467484E-01	7.137682323843881E-01
DCN:CapNL	1.935652814679297E-01	2.221909193904014E-01	1.519077407597187E-01	1.874453717110297E-01	1.206482540139162E-01	3.497478521363002E-01	9.607139991337038E-01	1.000000000000000E+00	9.189511320389440E-01	7.909023066904846E-01	7.378899086951834E-01	1.842765282033201E-01	6.160857625341547E-01	6.652065693254052E-01	7.601653515380186E-01	6.835226866546233E-01	7.633473256247593E-01	6.810119358021574E-01
DCN:CapNR	2.220492625238166E-01	1.938417062232954E-01	1.873625416416788E-01	1.521082553056551E-01	1.206503554763496E-01	3.497496110041075E-01	9.606636760592607E-01	9.189511320389440E-01	1.000000000000000E+00	7.378112693580562E-01	7.909824133276541E-01	1.843170071499899E-01	6.160603128127218E-01	6.651797224374101E-01	6.834857323382015E-01	7.601673997855117E-01	6.809790328415397E-01	7.633529899410189E-01
DCN:QL_S_L	2.924730892754150E-01	4.393405675382569E-01	1.791434437031808E-01	3.965477347764383E-01	3.714448700727965E-02	2.182062874890495E-01	7.447832446715926E-01	7.909023066904846E-01	7.378112693580562E-01	1.000000000000000E+00	7.172198862049339E-01	1.362852968067740E-01	4.984464178112601E-01	5.363018630041576E-01	6.918792335127822E-01	5.811463581812382E-01	7.337288436106115E-01	5.994021771733181E-01
DCN:QL_S_R	4.393499629989397E-01	2.936980780847317E-01	3.966046625417722E-01	1.801531207515205E-01	3.718442046296182E-02	2.182541965254918E-01	7.448353583374157E-01	7.378899086951834E-01	7.909824133276541E-01	7.172198862049339E-01	1.000000000000000E+00	1.363735614553291E-01	4.984743118092151E-01	5.363292148592054E-01	5.812362856348868E-01	6.919095333706851E-01	5.994825242916031E-01	7.337500260867135E-01
DCP:CapB1P	3.172068261982054E-02	3.164657334228005E-02	2.547481282240491E-02	2.537528685336252E-02	2.337869914099995E-01	2.702283201119112E-01	2.008058565965696E-01	1.842765282033201E-01	1.843170071499899E-01	1.362852968067740E-01	1.363735614553291E-01	1.000000000000000E+00	4.761742725192885E-01	4.579106416044052E-01	3.208144933212718E-01	3.210036392897169E-01	3.059298768653683E-01	3.061074908532684E-01
DCP:CapB2P	1.470814161837780E-01	1.472257277099435E-01	1.205785421778607E-01	1.206850091917915E-01	4.345916357693146E-04	2.375720349641804E-01	6.429912086611718E-01	6.160857625341547E-01	6.160603128127218E-01	4.984464178112601E-01	4.984743118092151E-01	4.761742725192885E-01	1.000000000000000E+00	9.933869482423773E-01	7.915543854895311E-01	7.915683072163467E-01	7.686404319965343E-01	7.686460024895515E-01
DCP:CapB3P	1.568181059492979E-01	1.569773084507346E-01	1.285542720151117E-01	1.286729930614790E-01	1.405551880162050E-02	2.298941442937558E-01	6.935233066701877E-01	6.652065693254052E-01	6.651797224374101E-01	5.363018630041576E-01	5.363292148592054E-01	4.579106416044052E-01	9.933869482423773E-01	1.000000000000000E+00	8.108224969633109E-01	8.108285377300443E-01	7.888908077870171E-01	7.888894819946732E-01
DCP:CapPL	1.439543486874358E-01	2.588326989908561E-01	9.637083450656751E-02	2.311765937692763E-01	4.405868225518948E-02	1.708564158179327E-01	7.186919887102219E-01	7.601653515380186E-01	6.834857323382015E-01	6.918792335127822E-01	5.812362856348868E-01	3.208144933212718E-01	7.915543854895311E-01	8.108224969633109E-01	1.000000000000000E+00	7.142272281467460E-01	9.841800300961202E-01	7.043088178478327E-01
DCP:CapPR	2.588156819667839E-01	1.443246057213151E-01	2.311946909421508E-01	9.665582575715567E-02	4.394115258013941E-02	1.709734969292171E-01	7.187027344596733E-01	6.835226866546233E-01	7.601673997855117E-01	5.811463581812382E-01	6.919095333706851E-01	3.210036392897169E-01	7.915683072163467E-01	8.108285377300443E-01	7.142272281467460E-01	1.000000000000000E+00	7.043027892153577E-01	9.841682374240235E-01
DCP:QH_D_L	1.697908661491274E-01	2.676316774812523E-01	1.139855694860065E-01	2.392366088918756E-01	4.560854129483052E-02	1.654163849173564E-01	7.137654692467484E-01	7.633473256247593E-01	6.809790328415397E-01	7.337288436106115E-01	5.994825242916031E-01	3.059298768653683E-01	7.686404319965343E-01	7.888908077870171E-01	9.841800300961202E-01	7.043027892153577E-01	1.000000000000000E+00	6.955804025097544E-01
DCP:QH_D_R	2.675686392764268E-01	1.702347523262147E-01	2.392085687444219E-01	1.143330414190790E-01	4.551132798035890E-02	1.655147602585302E-01	7.137682323843881E-01	6.810119358021574E-01	7.633529899410189E-01	5.994021771733181E-01	7.337500260867135E-01	3.061074908532684E-01	7.686460024895515E-01	7.888894819946732E-01	7.043088178478327E-01	9.841682374240235E-01	6.955804025097544E-01	1.000000000000000E+00

DC Resistance Matrix
	AC:QH_S_L	AC:QH_S_R	AC:QL_D_L	AC:QL_D_R	DCN:CapB1N	DCN:CapB2N	DCN:CapB3N	DCN:CapNL	DCN:CapNR	DCN:QL_S_L	DCN:QL_S_R	DCP:CapB1P	DCP:CapB2P	DCP:CapB3P	DCP:CapPL	DCP:CapPR	DCP:QH_D_L	DCP:QH_D_R	
AC:QH_S_L	2.516540265272447E-04	4.016959440756515E-05	2.259991531232501E-04	4.016844334214811E-05	0.000000000000000E+00	0.000000000000000E+00	0.000000000000000E+00	0.000000000000000E+00	0.000000000000000E+00	0.000000000000000E+00	0.000000000000000E+00	0.000000000000000E+00	0.000000000000000E+00	0.000000000000000E+00	0.000000000000000E+00	0.000000000000000E+00	0.000000000000000E+00	0.000000000000000E+00
AC:QH_S_R	4.016959440756515E-05	2.512350022856362E-04	4.016815504921577E-05	2.255436203019120E-04	0.000000000000000E+00	0.000000000000000E+00	0.000000000000000E+00	0.000000000000000E+00	0.000000000000000E+00	0.000000000000000E+00	0.000000000000000E+00	0.000000000000000E+00	0.000000000000000E+00	0.000000000000000E+00	0.000000000000000E+00	0.000000000000000E+00	0.000000000000000E+00	0.000000000000000E+00
AC:QL_D_L	2.259991531232501E-04	4.016815504921577E-05	2.516033905513049E-04	4.016700402627715E-05	0.000000000000000E+00	0.000000000000000E+00	0.000000000000000E+00	0.000000000000000E+00	0.000000000000000E+00	0.000000000000000E+00	0.000000000000000E+00	0.000000000000000E+00	0.000000000000000E+00	0.000000000000000E+00	0.000000000000000E+00	0.000000000000000E+00	0.000000000000000E+00	0.000000000000000E+00
AC:QL_D_R	4.016844334214811E-05	2.255436203019120E-04	4.016700402627715E-05	2.512445438381522E-04	0.000000000000000E+00	0.000000000000000E+00	0.000000000000000E+00	0.000000000000000E+00	0.000000000000000E+00	0.000000000000000E+00	0.000000000000000E+00	0.000000000000000E+00	0.000000000000000E+00	0.000000000000000E+00	0.000000000000000E+00	0.000000000000000E+00	0.000000000000000E+00	0.000000000000000E+00
DCN:CapB1N	0.000000000000000E+00	0.000000000000000E+00	0.000000000000000E+00	0.000000000000000E+00	3.084602596418730E-05	2.688820205683548E-05	2.194112223647212E-05	2.186625592933078E-05	2.186704839355553E-05	2.176356728506576E-05	2.176361406887969E-05	0.000000000000000E+00	0.000000000000000E+00	0.000000000000000E+00	0.000000000000000E+00	0.000000000000000E+00	0.000000000000000E+00	0.000000000000000E+00
DCN:CapB2N	0.000000000000000E+00	0.000000000000000E+00	0.000000000000000E+00	0.000000000000000E+00	2.688820205683548E-05	3.082607901254339E-05	2.197582847378946E-05	2.190091962507363E-05	2.190153150861192E-05	2.179802261574699E-05	2.179795456068964E-05	0.000000000000000E+00	0.000000000000000E+00	0.000000000000000E+00	0.000000000000000E+00	0.000000000000000E+00	0.000000000000000E+00	0.000000000000000E+00
DCN:CapB3N	0.000000000000000E+00	0.000000000000000E+00	0.000000000000000E+00	0.000000000000000E+00	2.194112223647212E-05	2.197582847378946E-05	1.046093256400834E-04	9.830700027996611E-05	9.830429875129935E-05	9.441839918749049E-05	9.441619251953723E-05	0.000000000000000E+00	0.000000000000000E+00	0.000000000000000E+00	0.000000000000000E+00	0.000000000000000E+00	0.000000000000000E+00	0.000000000000000E+00
DCN:CapNL	0.000000000000000E+00	0.000000000000000E+00	0.000000000000000E+00	0.000000000000000E+00	2.186625592933078E-05	2.190091962507363E-05	9.830700027996611E-05	1.233441903197299E-04	9.322125526046228E-05	9.608084599701852E-05	9.270084672155290E-05	0.000000000000000E+00	0.000000000000000E+00	0.000000000000000E+00	0.000000000000000E+00	0.000000000000000E+00	0.000000000000000E+00	0.000000000000000E+00
DCN:CapNR	0.000000000000000E+00	0.000000000000000E+00	0.000000000000000E+00	0.000000000000000E+00	2.186704839355553E-05	2.190153150861192E-05	9.830429875129935E-05	9.322125526046228E-05	1.233899947065881E-04	9.269974345296832E-05	9.608241057819459E-05	0.000000000000000E+00	0.000000000000000E+00	0.000000000000000E+00	0.000000000000000E+00	0.000000000000000E+00	0.000000000000000E+00	0.000000000000000E+00
DCN:QL_S_L	0.000000000000000E+00	0.000000000000000E+00	0.000000000000000E+00	0.000000000000000E+00	2.176356728506576E-05	2.179802261574699E-05	9.441839918749049E-05	9.608084599701852E-05	9.269974345296832E-05	3.135363492964575E-04	1.384652025395243E-04	0.000000000000000E+00	0.000000000000000E+00	0.000000000000000E+00	0.000000000000000E+00	0.000000000000000E+00	0.000000000000000E+00	0.000000000000000E+00
DCN:QL_S_R	0.000000000000000E+00	0.000000000000000E+00	0.000000000000000E+00	0.000000000000000E+00	2.176361406887969E-05	2.179795456068964E-05	9.441619251953723E-05	9.270084672155290E-05	9.608241057819459E-05	1.384652025395243E-04	3.134378904295742E-04	0.000000000000000E+00	0.000000000000000E+00	0.000000000000000E+00	0.000000000000000E+00	0.000000000000000E+00	0.000000000000000E+00	0.000000000000000E+00
DCP:CapB1P	0.000000000000000E+00	0.000000000000000E+00	0.000000000000000E+00	0.000000000000000E+00	0.000000000000000E+00	0.000000000000000E+00	0.000000000000000E+00	0.000000000000000E+00	0.000000000000000E+00	0.000000000000000E+00	0.000000000000000E+00	5.834017712208299E-05	4.311657830112267E-05	4.311644015924943E-05	4.291088658350199E-05	4.290984991116241E-05	4.291120473412750E-05	4.291016630546278E-05
DCP:CapB2P	0.000000000000000E+00	0.000000000000000E+00	0.000000000000000E+00	0.000000000000000E+00	0.000000000000000E+00	0.000000000000000E+00	0.000000000000000E+00	0.000000000000000E+00	0.000000000000000E+00	0.000000000000000E+00	0.000000000000000E+00	4.311657830112267E-05	1.385457746664395E-04	1.345473838059914E-04	1.173342492548627E-04	1.173243785019183E-04	1.173361299522763E-04	1.173262728472489E-04
DCP:CapB3P	0.000000000000000E+00	0.000000000000000E+00	0.000000000000000E+00	0.000000000000000E+00	0.000000000000000E+00	0.000000000000000E+00	0.000000000000000E+00	0.000000000000000E+00	0.000000000000000E+00	0.000000000000000E+00	0.000000000000000E+00	4.311644015924943E-05	1.345473838059914E-04	1.385430019709027E-04	1.173342818797449E-04	1.173241513220789E-04	1.173361637020933E-04	1.173260463554471E-04
DCP:CapPL	0.000000000000000E+00	0.000000000000000E+00	0.000000000000000E+00	0.000000000000000E+00	0.000000000000000E+00	0.000000000000000E+00	0.000000000000000E+00	0.000000000000000E+00	0.000000000000000E+00	0.000000000000000E+00	0.000000000000000E+00	4.291088658350199E-05	1.173342492548627E-04	1.173342818797449E-04	2.931217506194827E-04	1.295427826110374E-04	2.761106926214078E-04	1.294417464413116E-04
DCP:CapPR	0.000000000000000E+00	0.000000000000000E+00	0.000000000000000E+00	0.000000000000000E+00	0.000000000000000E+00	0.000000000000000E+00	0.000000000000000E+00	0.000000000000000E+00	0.000000000000000E+00	0.000000000000000E+00	0.000000000000000E+00	4.290984991116241E-05	1.173243785019183E-04	1.173241513220789E-04	1.295427826110374E-04	2.930529580827975E-04	1.294428484602213E-04	2.760598491390684E-04
DCP:QH_D_L	0.000000000000000E+00	0.000000000000000E+00	0.000000000000000E+00	0.000000000000000E+00	0.000000000000000E+00	0.000000000000000E+00	0.000000000000000E+00	0.000000000000000E+00	0.000000000000000E+00	0.000000000000000E+00	0.000000000000000E+00	4.291120473412750E-05	1.173361299522763E-04	1.173361637020933E-04	2.761106926214078E-04	1.294428484602213E-04	3.022500128526917E-04	1.293422742831991E-04
DCP:QH_D_R	0.000000000000000E+00	0.000000000000000E+00	0.000000000000000E+00	0.000000000000000E+00	0.000000000000000E+00	0.000000000000000E+00	0.000000000000000E+00	0.000000000000000E+00	0.000000000000000E+00	0.000000000000000E+00	0.000000000000000E+00	4.291016630546278E-05	1.173262728472489E-04	1.173260463554471E-04	1.294417464413116E-04	2.760598491390684E-04	1.293422742831991E-04	3.022230343666757E-04

DC Resistance Matrix Coupling Coefficient
	AC:QH_S_L	AC:QH_S_R	AC:QL_D_L	AC:QL_D_R	DCN:CapB1N	DCN:CapB2N	DCN:CapB3N	DCN:CapNL	DCN:CapNR	DCN:QL_S_L	DCN:QL_S_R	DCP:CapB1P	DCP:CapB2P	DCP:CapB3P	DCP:CapPL	DCP:CapPR	DCP:QH_D_L	DCP:QH_D_R	
AC:QH_S_L	1.000000000000000E+00	1.597553577450195E-01	8.981453490707169E-01	1.597477464638994E-01	0.000000000000000E+00	0.000000000000000E+00	0.000000000000000E+00	0.000000000000000E+00	0.000000000000000E+00	0.000000000000000E+00	0.000000000000000E+00	0.000000000000000E+00	0.000000000000000E+00	0.000000000000000E+00	0.000000000000000E+00	0.000000000000000E+00	0.000000000000000E+00	0.000000000000000E+00
AC:QH_S_R	1.597553577450195E-01	1.000000000000000E+00	1.597657076353914E-01	8.977225922227346E-01	0.000000000000000E+00	0.000000000000000E+00	0.000000000000000E+00	0.000000000000000E+00	0.000000000000000E+00	0.000000000000000E+00	0.000000000000000E+00	0.000000000000000E+00	0.000000000000000E+00	0.000000000000000E+00	0.000000000000000E+00	0.000000000000000E+00	0.000000000000000E+00	0.000000000000000E+00
AC:QL_D_L	8.981453490707169E-01	1.597657076353914E-01	1.000000000000000E+00	1.597580958660735E-01	0.000000000000000E+00	0.000000000000000E+00	0.000000000000000E+00	0.000000000000000E+00	0.000000000000000E+00	0.000000000000000E+00	0.000000000000000E+00	0.000000000000000E+00	0.000000000000000E+00	0.000000000000000E+00	0.000000000000000E+00	0.000000000000000E+00	0.000000000000000E+00	0.000000000000000E+00
AC:QL_D_R	1.597477464638994E-01	8.977225922227346E-01	1.597580958660735E-01	1.000000000000000E+00	0.000000000000000E+00	0.000000000000000E+00	0.000000000000000E+00	0.000000000000000E+00	0.000000000000000E+00	0.000000000000000E+00	0.000000000000000E+00	0.000000000000000E+00	0.000000000000000E+00	0.000000000000000E+00	0.000000000000000E+00	0.000000000000000E+00	0.000000000000000E+00	0.000000000000000E+00
DCN:CapB1N	0.000000000000000E+00	0.000000000000000E+00	0.000000000000000E+00	0.000000000000000E+00	1.000000000000000E+00	8.719729437928421E-01	3.862549212743552E-01	3.544993700610522E-01	3.544464111442964E-01	2.213026038655141E-01	2.213378353388820E-01	0.000000000000000E+00	0.000000000000000E+00	0.000000000000000E+00	0.000000000000000E+00	0.000000000000000E+00	0.000000000000000E+00	0.000000000000000E+00
DCN:CapB2N	0.000000000000000E+00	0.000000000000000E+00	0.000000000000000E+00	0.000000000000000E+00	8.719729437928421E-01	1.000000000000000E+00	3.869910416908685E-01	3.551762016903946E-01	3.551201932842553E-01	2.217246645781407E-01	2.217587941912052E-01	0.000000000000000E+00	0.000000000000000E+00	0.000000000000000E+00	0.000000000000000E+00	0.000000000000000E+00	0.000000000000000E+00	0.000000000000000E+00
DCN:CapB3N	0.000000000000000E+00	0.000000000000000E+00	0.000000000000000E+00	0.000000000000000E+00	3.862549212743552E-01	3.869910416908685E-01	1.000000000000000E+00	8.654458383550342E-01	8.652614111129185E-01	5.213477253862231E-01	5.214174168743916E-01	0.000000000000000E+00	0.000000000000000E+00	0.000000000000000E+00	0.000000000000000E+00	0.000000000000000E+00	0.000000000000000E+00	0.000000000000000E+00
DCN:CapNL	0.000000000000000E+00	0.000000000000000E+00	0.000000000000000E+00	0.000000000000000E+00	3.544993700610522E-01	3.551762016903946E-01	8.654458383550342E-01	1.000000000000000E+00	7.556411922155809E-01	4.885775647994030E-01	4.714640731545674E-01	0.000000000000000E+00	0.000000000000000E+00	0.000000000000000E+00	0.000000000000000E+00	0.000000000000000E+00	0.000000000000000E+00	0.000000000000000E+00
DCN:CapNR	0.000000000000000E+00	0.000000000000000E+00	0.000000000000000E+00	0.000000000000000E+00	3.544464111442964E-01	3.551201932842553E-01	8.652614111129185E-01	7.556411922155809E-01	1.000000000000000E+00	4.712969300004787E-01	4.885715452509422E-01	0.000000000000000E+00	0.000000000000000E+00	0.000000000000000E+00	0.000000000000000E+00	0.000000000000000E+00	0.000000000000000E+00	0.000000000000000E+00
DCN:QL_S_L	0.000000000000000E+00	0.000000000000000E+00	0.000000000000000E+00	0.000000000000000E+00	2.213026038655141E-01	2.217246645781407E-01	5.213477253862231E-01	4.885775647994030E-01	4.712969300004787E-01	1.000000000000000E+00	4.416934396136367E-01	0.000000000000000E+00	0.000000000000000E+00	0.000000000000000E+00	0.000000000000000E+00	0.000000000000000E+00	0.000000000000000E+00	0.000000000000000E+00
DCN:QL_S_R	0.000000000000000E+00	0.000000000000000E+00	0.000000000000000E+00	0.000000000000000E+00	2.213378353388820E-01	2.217587941912052E-01	5.214174168743916E-01	4.714640731545674E-01	4.885715452509422E-01	4.416934396136367E-01	1.000000000000000E+00	0.000000000000000E+00	0.000000000000000E+00	0.000000000000000E+00	0.000000000000000E+00	0.000000000000000E+00	0.000000000000000E+00	0.000000000000000E+00
DCP:CapB1P	0.000000000000000E+00	0.000000000000000E+00	0.000000000000000E+00	0.000000000000000E+00	0.000000000000000E+00	0.000000000000000E+00	0.000000000000000E+00	0.000000000000000E+00	0.000000000000000E+00	0.000000000000000E+00	0.000000000000000E+00	1.000000000000000E+00	4.795829932491805E-01	4.795862556732401E-01	3.281403168199133E-01	3.281709007261716E-01	3.231496366103507E-01	3.231562391561302E-01
DCP:CapB2P	0.000000000000000E+00	0.000000000000000E+00	0.000000000000000E+00	0.000000000000000E+00	0.000000000000000E+00	0.000000000000000E+00	0.000000000000000E+00	0.000000000000000E+00	0.000000000000000E+00	0.000000000000000E+00	0.000000000000000E+00	4.795829932491805E-01	1.000000000000000E+00	9.711500079184017E-01	5.822428088699115E-01	5.822621570043633E-01	5.733924277153578E-01	5.733698482346785E-01
DCP:CapB3P	0.000000000000000E+00	0.000000000000000E+00	0.000000000000000E+00	0.000000000000000E+00	0.000000000000000E+00	0.000000000000000E+00	0.000000000000000E+00	0.000000000000000E+00	0.000000000000000E+00	0.000000000000000E+00	0.000000000000000E+00	4.795862556732401E-01	9.711500079184017E-01	1.000000000000000E+00	5.822487970204940E-01	5.822668559853035E-01	5.733983303378398E-01	5.733744788331510E-01
DCP:CapPL	0.000000000000000E+00	0.000000000000000E+00	0.000000000000000E+00	0.000000000000000E+00	0.000000000000000E+00	0.000000000000000E+00	0.000000000000000E+00	0.000000000000000E+00	0.000000000000000E+00	0.000000000000000E+00	0.000000000000000E+00	3.281403168199133E-01	5.822428088699115E-01	5.822487970204940E-01	1.000000000000000E+00	4.419937659539276E-01	9.276326764096803E-01	4.348971485307828E-01
DCP:CapPR	0.000000000000000E+00	0.000000000000000E+00	0.000000000000000E+00	0.000000000000000E+00	0.000000000000000E+00	0.000000000000000E+00	0.000000000000000E+00	0.000000000000000E+00	0.000000000000000E+00	0.000000000000000E+00	0.000000000000000E+00	3.281709007261716E-01	5.822621570043633E-01	5.822668559853035E-01	4.419937659539276E-01	1.000000000000000E+00	4.349324812704910E-01	9.276121121451005E-01
DCP:QH_D_L	0.000000000000000E+00	0.000000000000000E+00	0.000000000000000E+00	0.000000000000000E+00	0.000000000000000E+00	0.000000000000000E+00	0.000000000000000E+00	0.000000000000000E+00	0.000000000000000E+00	0.000000000000000E+00	0.000000000000000E+00	3.231496366103507E-01	5.733924277153578E-01	5.733983303378398E-01	9.276326764096803E-01	4.349324812704910E-01	1.000000000000000E+00	4.279505099756166E-01
DCP:QH_D_R	0.000000000000000E+00	0.000000000000000E+00	0.000000000000000E+00	0.000000000000000E+00	0.000000000000000E+00	0.000000000000000E+00	0.000000000000000E+00	0.000000000000000E+00	0.000000000000000E+00	0.000000000000000E+00	0.000000000000000E+00	3.231562391561302E-01	5.733698482346785E-01	5.733744788331510E-01	4.348971485307828E-01	9.276121121451005E-01	4.279505099756166E-01	1.000000000000000E+00

AC Inductance Matrix
	AC:QH_S_L	AC:QH_S_R	AC:QL_D_L	AC:QL_D_R	DCN:CapB1N	DCN:CapB2N	DCN:CapB3N	DCN:CapNL	DCN:CapNR	DCN:QL_S_L	DCN:QL_S_R	DCP:CapB1P	DCP:CapB2P	DCP:CapB3P	DCP:CapPL	DCP:CapPR	DCP:QH_D_L	DCP:QH_D_R	
AC:QH_S_L	1.184206131250035E+00	3.926997711421460E-01	1.119955866115670E+00	3.664412358790342E-01	4.172852515199941E-05	-2.528701842354309E-04	-6.825264690358229E-03	1.567119657476172E-03	-2.063652812180050E-02	-9.116376331665234E-02	-1.701666193515954E-01	-5.527165104833180E-04	-7.751656861613779E-03	-8.132661443745958E-03	4.131863140971983E-02	-8.599950385617364E-02	5.017058862904802E-02	-1.055343409004569E-01
AC:QH_S_R	3.926997711421460E-01	1.185574646892451E+00	3.663643984196092E-01	1.121364133637110E+00	3.822781066153134E-05	-2.565577412133123E-04	-6.843771518064561E-03	-2.068747251751798E-02	1.535452608475115E-03	-1.707736525226617E-01	-9.113879598407019E-02	-5.518614319323493E-04	-7.725948930214941E-03	-8.106312829498996E-03	-8.610882430617345E-02	4.146045903533697E-02	-1.058977121487620E-01	5.033849452077408E-02
AC:QL_D_L	1.119955866115670E+00	3.663643984196090E-01	1.141699892203820E+00	3.429377111467768E-01	-9.995355173941405E-05	-3.275702341415832E-04	-5.442414819009025E-03	1.876352567811206E-03	-1.752342690496651E-02	-1.268515505977908E-02	-1.522433286542255E-01	-3.118222279236996E-04	-5.865739447554995E-03	-6.313953337151320E-03	4.582520151613187E-02	-7.815789865403100E-02	5.375416767376701E-02	-9.522220176143051E-02
AC:QL_D_R	3.664412358790344E-01	1.121364133637110E+00	3.429377111467768E-01	1.143122740685205E+00	-1.015548692898268E-04	-3.325896866140990E-04	-5.466395348863753E-03	-1.757907047122393E-02	1.827769854566991E-03	-1.528475246211431E-01	-1.266855685125336E-02	-3.088712321099431E-04	-5.846012822943143E-03	-6.290410657224222E-03	-7.828947275441346E-02	4.590826799242274E-02	-9.557904376056267E-02	5.382735166834832E-02
DCN:CapB1N	4.172852515198410E-05	3.822781066156376E-05	-9.995355173938116E-05	-1.015548692898335E-04	3.593377993716974E-02	3.253079669874018E-02	2.986130338703063E-02	2.989564923097418E-02	2.989722268462330E-02	2.969428055791093E-02	2.970310568978348E-02	2.848902139741389E-03	1.899057110233038E-03	1.702954468223869E-03	1.971578525398503E-04	1.940706170672644E-04	5.440815338538796E-04	5.452863852950249E-04
DCN:CapB2N	-2.528701842353947E-04	-2.565577412132948E-04	-3.275702341416322E-04	-3.325896866140957E-04	3.253079669874023E-02	3.582499163547026E-02	3.348096807626335E-02	3.389594378424365E-02	3.390248750939721E-02	3.403669013560667E-02	3.404222344280635E-02	2.158346546870078E-03	7.617904428200738E-03	7.332379167855639E-03	7.579258493377884E-03	7.578573868739631E-03	8.135931279692199E-03	8.135698003393409E-03
DCN:CapB3N	-6.825264690358220E-03	-6.843771518064561E-03	-5.442414819008999E-03	-5.466395348863764E-03	2.986130338703063E-02	3.348096807626329E-02	1.833786468377239E-01	1.869067862896758E-01	1.868996255513895E-01	1.955177307999057E-01	1.954961232551375E-01	2.368962612974638E-03	7.235154264017171E-02	8.158199664813197E-02	1.492829989631213E-01	1.492842910427420E-01	1.511135151304110E-01	1.510985334374475E-01
DCN:CapNL	1.567119657476204E-03	-2.068747251751794E-02	1.876352567811229E-03	-1.757907047122392E-02	2.989564923097418E-02	3.389594378424370E-02	1.869067862896758E-01	2.394330161214781E-01	1.925338529102162E-01	2.451046414975011E-01	2.118287472884284E-01	2.251926367975357E-03	7.448094245790352E-02	8.356278743879846E-02	1.916249900582292E-01	1.602493492203877E-01	1.932722797160740E-01	1.636205374815249E-01
DCN:CapNR	-2.063652812180044E-02	1.535452608475151E-03	-1.752342690496657E-02	1.827769854567029E-03	2.989722268462330E-02	3.390248750939728E-02	1.868996255513895E-01	1.925338529102163E-01	2.393767718496966E-01	2.118725941988585E-01	2.450699826581924E-01	2.250717108055546E-03	7.448912436548533E-02	8.356891249590757E-02	1.602597750123877E-01	1.916331705008519E-01	1.636742790320374E-01	1.932818415088397E-01
DCN:QL_S_L	-9.116376331665228E-02	-1.707736525226617E-01	-1.268515505977910E-02	-1.528475246211430E-01	2.969428055791095E-02	3.403669013560669E-02	1.955177307999057E-01	2.451046414975011E-01	2.118725941988585E-01	7.382005446897462E-01	3.239900155085471E-01	2.957378613446205E-03	8.618638472738242E-02	9.595783639648280E-02	2.763151706654218E-01	2.133348218948479E-01	3.386990590335769E-01	2.295180133618581E-01
DCN:QL_S_R	-1.701666193515953E-01	-9.113879598407017E-02	-1.522433286542255E-01	-1.266855685125332E-02	2.970310568978351E-02	3.404222344280635E-02	1.954961232551375E-01	2.118287472884284E-01	2.450699826581924E-01	3.239900155085469E-01	7.375501868353682E-01	2.958424712452262E-03	8.618409743491172E-02	9.595297507586525E-02	2.132558051167956E-01	2.761479140132589E-01	2.295993843690866E-01	3.379379425386867E-01
DCP:CapB1P	-5.527165104833426E-04	-5.518614319323310E-04	-3.118222279237029E-04	-3.088712321099492E-04	2.848902139741378E-03	2.158346546870097E-03	2.368962612974621E-03	2.251926367975376E-03	2.250717108055558E-03	2.957378613446242E-03	2.958424712452228E-03	8.170007271044168E-02	7.178958656989937E-02	7.192524418855269E-02	7.392535757987424E-02	7.392706796931420E-02	7.358779580113672E-02	7.358610477799887E-02
DCP:CapB2P	-7.751656861613587E-03	-7.725948930214974E-03	-5.865739447555112E-03	-5.846012822943053E-03	1.899057110233041E-03	7.617904428200843E-03	7.235154264017168E-02	7.448094245790346E-02	7.448912436548515E-02	8.618638472738249E-02	8.618409743491205E-02	7.178958656989944E-02	5.464255243748949E-01	5.472501367738607E-01	5.662586143319227E-01	5.662995010493380E-01	5.674039938410146E-01	5.674347422633295E-01
DCP:CapB3P	-8.132661443746051E-03	-8.106312829498964E-03	-6.313953337151203E-03	-6.290410657224269E-03	1.702954468223905E-03	7.332379167855540E-03	8.158199664813194E-02	8.356278743879859E-02	8.356891249590771E-02	9.595783639648267E-02	9.595297507586512E-02	7.192524418855258E-02	5.472501367738609E-01	5.550457589662431E-01	5.752802471377759E-01	5.753195482462530E-01	5.765698911036918E-01	5.765994329305958E-01
DCP:CapPL	4.131863140971977E-02	-8.610882430617349E-02	4.582520151613187E-02	-7.828947275441346E-02	1.971578525399327E-04	7.579258493378109E-03	1.492829989631212E-01	1.916249900582293E-01	1.602597750123878E-01	2.763151706654218E-01	2.132558051167956E-01	7.392535757987399E-02	5.662586143319230E-01	5.752802471377758E-01	1.348293280473740E+00	7.901955509363705E-01	1.351442947358507E+00	7.988359962216023E-01
DCP:CapPR	-8.599950385617355E-02	4.146045903533700E-02	-7.815789865403100E-02	4.590826799242276E-02	1.940706170673161E-04	7.578573868739581E-03	1.492842910427423E-01	1.602493492203878E-01	1.916331705008516E-01	2.133348218948479E-01	2.761479140132589E-01	7.392706796931416E-02	5.662995010493378E-01	5.753195482462533E-01	7.901955509363702E-01	1.348437735879298E+00	7.989384977311830E-01	1.351452316772739E+00
DCP:QH_D_L	5.017058862904802E-02	-1.058977121487619E-01	5.375416767376704E-02	-9.557904376056278E-02	5.440815338538432E-04	8.135931279692010E-03	1.511135151304114E-01	1.932722797160740E-01	1.636742790320372E-01	3.386990590335771E-01	2.295993843690867E-01	7.358779580113690E-02	5.674039938410141E-01	5.765698911036921E-01	1.351442947358507E+00	7.989384977311828E-01	1.421505945611965E+00	8.093595643575022E-01
DCP:QH_D_R	-1.055343409004570E-01	5.033849452077415E-02	-9.522220176143038E-02	5.382735166834826E-02	5.452863852950214E-04	8.135698003393484E-03	1.510985334374474E-01	1.636205374815249E-01	1.932818415088399E-01	2.295180133618581E-01	3.379379425386867E-01	7.358610477799887E-02	5.674347422633299E-01	5.765994329305955E-01	7.988359962216025E-01	1.351452316772739E+00	8.093595643575016E-01	1.420960722076849E+00

AC Inductance Matrix Coupling Coefficient
	AC:QH_S_L	AC:QH_S_R	AC:QL_D_L	AC:QL_D_R	DCN:CapB1N	DCN:CapB2N	DCN:CapB3N	DCN:CapNL	DCN:CapNR	DCN:QL_S_L	DCN:QL_S_R	DCP:CapB1P	DCP:CapB2P	DCP:CapB3P	DCP:CapPL	DCP:CapPR	DCP:QH_D_L	DCP:QH_D_R	
AC:QH_S_L	1.000000000000000E+00	3.314229233733198E-01	9.631884722397711E-01	3.149519157054154E-01	2.022869800141318E-04	1.227696233568865E-03	1.464641932864746E-02	2.943042186605889E-03	3.875984021262939E-02	9.750377078821627E-02	1.820811256569550E-01	1.776959639283972E-03	9.636412854439570E-03	1.003124058278841E-02	3.269942307129128E-02	6.805606651089910E-02	3.866884528492907E-02	8.135591104735124E-02
AC:QH_S_R	3.314229233733198E-01	1.000000000000000E+00	3.149001246625703E-01	9.632428129156738E-01	1.852096123196874E-04	1.244880381329696E-03	1.467765476594504E-02	3.882853136364457E-02	2.882245447108089E-03	1.825447028072550E-01	9.746373412629031E-02	1.773186312355846E-03	9.598909397438930E-03	9.992968385979992E-03	6.810688583883677E-02	3.279096559641517E-02	8.157325374915493E-02	3.878329775148201E-02
AC:QL_D_L	9.631884722397711E-01	3.149001246625702E-01	1.000000000000000E+00	3.001876580760982E-01	4.934814123019381E-04	1.619703058512964E-03	1.189436546895678E-02	3.588776791814280E-03	3.351984937051338E-02	1.381760010457303E-02	1.659076844996793E-01	1.020986191981007E-03	7.426450644341202E-03	7.931603461109145E-03	3.693483968906594E-02	6.299142680801677E-02	4.219508065585261E-02	7.476032874391779E-02
AC:QL_D_R	3.149519157054155E-01	9.632428129156740E-01	3.001876580760982E-01	1.000000000000000E+00	5.010751525777287E-04	1.643498442474235E-03	1.193933736624785E-02	3.360140650917511E-02	3.494089901603298E-03	1.663890709398302E-01	1.379700824377973E-02	1.010694277546059E-03	7.396867555864856E-03	7.897109718080764E-03	6.306156595227078E-02	3.697677469880264E-02	7.497939101239486E-02	4.223432367165728E-02
DCN:CapB1N	2.022869800140576E-04	1.852096123198445E-04	4.934814123017757E-04	5.010751525777619E-04	1.000000000000000E+00	9.066719892020705E-01	3.678603046155136E-01	3.223031270704075E-01	3.223579545217720E-01	1.823199423993298E-01	1.824545171520406E-01	5.257930702646261E-02	1.355255207433962E-02	1.205833069940790E-02	8.957162272266434E-04	8.816432482930591E-04	2.407344223615854E-03	2.413138039785409E-03
DCN:CapB2N	1.227696233568689E-03	1.244880381329611E-03	1.619703058513206E-03	1.643498442474219E-03	9.066719892020719E-01	1.000000000000000E+00	4.130765832371120E-01	3.659844755340208E-01	3.660981319237863E-01	2.092989701636953E-01	2.094252682751764E-01	3.989485642572944E-02	5.444737946626055E-02	5.199809962025315E-02	3.448589370061007E-02	3.448093154972520E-02	3.605287331896723E-02	3.605875549181025E-02
DCN:CapB3N	1.464641932864744E-02	1.467765476594504E-02	1.189436546895672E-02	1.193933736624787E-02	3.678603046155136E-01	4.130765832371113E-01	1.000000000000000E+00	8.919872983341540E-01	8.920579057491593E-01	5.314037142733185E-01	5.315791998337822E-01	1.935408318540051E-02	2.285640509383798E-01	2.557146171858707E-01	3.002228781953698E-01	3.002093949907418E-01	2.959746978842122E-01	2.960021261321609E-01
DCN:CapNL	2.943042186605951E-03	3.882853136364449E-02	3.588776791814326E-03	3.360140650917510E-02	3.223031270704075E-01	3.659844755340213E-01	8.919872983341541E-01	1.000000000000000E+00	8.042185397017919E-01	5.830050768631120E-01	5.040772427211593E-01	1.610092942754590E-02	2.059148445766138E-01	2.292221100541624E-01	3.372624123634392E-01	2.820257789972232E-01	3.312860974402194E-01	2.805141414604267E-01
DCN:CapNR	3.875984021262928E-02	2.882245447108158E-03	3.351984937051349E-02	3.494089901603371E-03	3.223579545217720E-01	3.660981319237871E-01	8.920579057491591E-01	8.042185397017922E-01	1.000000000000000E+00	5.040186427973866E-01	5.832480942174363E-01	1.609417382458362E-02	2.059616570528046E-01	2.292658413255202E-01	2.820923707154637E-01	3.372983627165892E-01	2.805854156197242E-01	3.314049684138214E-01
DCN:QL_S_L	9.750377078821622E-02	1.825447028072550E-01	1.381760010457304E-02	1.663890709398301E-01	1.823199423993299E-01	2.092989701636954E-01	5.314037142733185E-01	5.830050768631120E-01	5.040186427973865E-01	1.000000000000000E+00	4.390850569124157E-01	1.204227458705335E-02	1.357019205576709E-01	1.499094021672213E-01	2.769653018359468E-01	2.138253148062219E-01	3.306377745826041E-01	2.240982983312051E-01
DCN:QL_S_R	1.820811256569549E-01	9.746373412629028E-02	1.659076844996793E-01	1.379700824377969E-02	1.824545171520408E-01	2.094252682751764E-01	5.315791998337823E-01	5.040772427211592E-01	5.832480942174361E-01	4.390850569124156E-01	1.000000000000000E+00	1.205184427478885E-02	1.357581341041675E-01	1.499678833374783E-01	2.138517892998773E-01	2.769048289189067E-01	2.242335488130069E-01	3.301035009054746E-01
DCP:CapB1P	1.776959639284052E-03	1.773186312355787E-03	1.020986191981018E-03	1.010694277546079E-03	5.257930702646242E-02	3.989485642572979E-02	1.935408318540038E-02	1.610092942754605E-02	1.609417382458371E-02	1.204227458705351E-02	1.205184427478871E-02	1.000000000000000E+00	3.397697744613106E-01	3.377580659827423E-01	2.227358005948048E-01	2.227290227547199E-01	2.159336037262415E-01	2.159700636493647E-01
DCP:CapB2P	9.636412854439332E-03	9.598909397438972E-03	7.426450644341350E-03	7.396867555864744E-03	1.355255207433964E-02	5.444737946626130E-02	2.285640509383797E-01	2.059148445766136E-01	2.059616570528041E-01	1.357019205576710E-01	1.357581341041680E-01	3.397697744613110E-01	1.000000000000000E+00	9.937016149309293E-01	6.597161987889111E-01	6.597284930849315E-01	6.438023524588277E-01	6.439607495494136E-01
DCP:CapB3P	1.003124058278853E-02	9.992968385979953E-03	7.931603461108997E-03	7.897109718080823E-03	1.205833069940815E-02	5.199809962025245E-02	2.557146171858706E-01	2.292221100541628E-01	2.292658413255206E-01	1.499094021672211E-01	1.499678833374781E-01	3.377580659827418E-01	9.937016149309297E-01	1.000000000000000E+00	6.650018951102528E-01	6.650117021427635E-01	6.491024149568911E-01	6.492601980891565E-01
DCP:CapPL	3.269942307129124E-02	6.810688583883680E-02	3.693483968906594E-02	6.306156595227078E-02	8.957162272270177E-04	3.448589370061109E-02	3.002228781953695E-01	3.372624123634394E-01	2.820923707154639E-01	2.769653018359468E-01	2.138517892998773E-01	2.227358005948041E-01	6.597161987889114E-01	6.650018951102526E-01	1.000000000000000E+00	5.860395770125412E-01	9.761828890465100E-01	5.771310025666526E-01
DCP:CapPR	6.805606651089903E-02	3.279096559641519E-02	6.299142680801678E-02	3.697677469880266E-02	8.816432482932940E-04	3.448093154972497E-02	3.002093949907423E-01	2.820257789972233E-01	3.372983627165887E-01	2.138253148062220E-01	2.769048289189067E-01	2.227290227547198E-01	6.597284930849313E-01	6.650117021427638E-01	5.860395770125409E-01	1.000000000000000E+00	5.770634388942130E-01	9.763246211143236E-01
DCP:QH_D_L	3.866884528492907E-02	8.157325374915489E-02	4.219508065585264E-02	7.497939101239494E-02	2.407344223615693E-03	3.605287331896639E-02	2.959746978842128E-01	3.312860974402194E-01	2.805854156197241E-01	3.306377745826042E-01	2.242335488130071E-01	2.159336037262421E-01	6.438023524588271E-01	6.491024149568915E-01	9.761828890465100E-01	5.770634388942129E-01	1.000000000000000E+00	5.694769183729687E-01
DCP:QH_D_R	8.135591104735133E-02	3.878329775148207E-02	7.476032874391769E-02	4.223432367165723E-02	2.413138039785393E-03	3.605875549181058E-02	2.960021261321606E-01	2.805141414604267E-01	3.314049684138218E-01	2.240982983312051E-01	3.301035009054746E-01	2.159700636493646E-01	6.439607495494141E-01	6.492601980891560E-01	5.771310025666527E-01	9.763246211143236E-01	5.694769183729682E-01	1.000000000000000E+00

AC Resistance Matrix
	AC:QH_S_L	AC:QH_S_R	AC:QL_D_L	AC:QL_D_R	DCN:CapB1N	DCN:CapB2N	DCN:CapB3N	DCN:CapNL	DCN:CapNR	DCN:QL_S_L	DCN:QL_S_R	DCP:CapB1P	DCP:CapB2P	DCP:CapB3P	DCP:CapPL	DCP:CapPR	DCP:QH_D_L	DCP:QH_D_R	
AC:QH_S_L	1.072784035901874E-03	1.046043312850395E-04	9.886321255442793E-04	8.678011311659357E-05	-2.242113626029729E-07	-5.418725416752700E-08	-1.643585270490380E-05	-1.386765737801810E-05	-2.551220489875026E-05	-1.977107246679751E-04	-3.065145865406903E-04	-2.376869062300391E-06	-1.708309066325497E-05	-1.695770999874827E-05	-5.246912098890649E-05	-5.213890415261408E-05	-5.164457887689342E-05	-6.512364077996004E-05
AC:QH_S_R	1.046043312850391E-04	1.077004952177984E-03	8.665457620245476E-05	9.928021686011358E-04	-2.398466523278713E-07	-3.827566445575576E-08	-1.675243836946454E-05	-2.625050085216926E-05	-1.421210746657545E-05	-3.102736000536870E-04	-1.980758600822812E-04	-2.352948327610451E-06	-1.730885860957230E-05	-1.721767557582690E-05	-5.336088503315549E-05	-5.225930364742689E-05	-6.651578668864185E-05	-5.119907526311023E-05
AC:QL_D_L	9.886321255442795E-04	8.665457620245424E-05	1.006528486401842E-03	7.063058490640997E-05	7.302065975272131E-07	4.278673267286602E-07	-1.035142107117539E-05	-1.247735334485700E-05	-1.687415283018483E-05	-1.139751234377802E-04	-2.733780325806168E-04	8.826185827466355E-07	-1.143142270379901E-05	-1.249155878990631E-05	-3.512105466066107E-05	-4.548045925180429E-05	-4.735320142385634E-05	-5.261747309041095E-05
AC:QL_D_R	8.678011311659472E-05	9.928021686011360E-04	7.063058490640832E-05	1.010561429377361E-03	7.710210019320494E-07	4.417282203087467E-07	-1.059661338422763E-05	-1.747042793417690E-05	-1.274556986169791E-05	-2.770747018954353E-04	-1.144380312128616E-04	8.845914727574884E-07	-1.167678391249806E-05	-1.274203723699178E-05	-4.676388628404318E-05	-3.486583357505953E-05	-5.396026236442276E-05	-4.699976288433811E-05
DCN:CapB1N	-2.242113626036235E-07	-2.398466523281127E-07	7.302065975273961E-07	7.710210019319384E-07	8.343409665861071E-05	6.978751073399842E-05	7.336369297233381E-05	6.344866400512849E-05	6.337994255139530E-05	6.446659121221948E-05	6.451097715582107E-05	1.243068883505769E-05	1.149045501954703E-05	9.866551943487588E-06	-1.649943096364437E-05	-1.654074802651633E-05	-2.204705855484809E-05	-2.204775949952948E-05
DCN:CapB2N	-5.418725416776798E-08	-3.827566445627499E-08	4.278673267284783E-07	4.417282203090443E-07	6.978751073399714E-05	7.178431823456040E-05	7.207443478152162E-05	6.546522920027204E-05	6.543764000928361E-05	6.841680903395471E-05	6.843911630261165E-05	4.326089406698832E-06	2.415941304822365E-05	2.103715487170461E-05	7.592282073829175E-06	7.585983006853432E-06	6.664359908426652E-06	6.694095768013259E-06
DCN:CapB3N	-1.643585270490435E-05	-1.675243836946490E-05	-1.035142107117506E-05	-1.059661338422723E-05	7.336369297233459E-05	7.207443478152197E-05	4.319890443656972E-04	4.313629721357824E-04	4.310155537660667E-04	4.656788371989398E-04	4.652875841865686E-04	-6.994055138164441E-06	1.436551901370296E-04	1.635715878828186E-04	3.142366963764498E-04	3.140568970383342E-04	3.129990220147191E-04	3.128803134591244E-04
DCN:CapNL	-1.386765737801789E-05	-2.625050085217006E-05	-1.247735334485695E-05	-1.747042793417637E-05	6.344866400512750E-05	6.546522920027258E-05	4.313629721357812E-04	4.972746893023884E-04	4.443608741862958E-04	5.148504819799153E-04	4.945734102025565E-04	-2.011854163497811E-06	1.338059700641030E-04	1.519411906346855E-04	3.863199989983160E-04	3.374044839503035E-04	3.832392967321733E-04	3.442994226469715E-04
DCN:CapNR	-2.551220489875117E-05	-1.421210746657539E-05	-1.687415283018420E-05	-1.274556986169781E-05	6.337994255139437E-05	6.543764000928300E-05	4.310155537660669E-04	4.443608741862951E-04	4.963935448380454E-04	4.947427509042632E-04	5.135604543413908E-04	-1.979633611631365E-06	1.336648177680160E-04	1.517732508681955E-04	3.373266746523166E-04	3.855347763257052E-04	3.442333570118914E-04	3.825859507663175E-04
DCN:QL_S_L	-1.977107246679750E-04	-3.102736000536876E-04	-1.139751234377791E-04	-2.770747018954336E-04	6.446659121221943E-05	6.841680903395465E-05	4.656788371989399E-04	5.148504819799146E-04	4.947427509042629E-04	1.749774644243708E-03	8.754108661589245E-04	2.884181036881979E-06	1.747330202647571E-04	1.947224751802419E-04	5.964635060999900E-04	4.691756762507594E-04	6.588750750889979E-04	4.987434718399932E-04
DCN:QL_S_R	-3.065145865406901E-04	-1.980758600822819E-04	-2.733780325806161E-04	-1.144380312128609E-04	6.451097715582054E-05	6.843911630261157E-05	4.652875841865681E-04	4.945734102025558E-04	5.135604543413902E-04	8.754108661589237E-04	1.744418245257972E-03	2.881716383175149E-06	1.745090535951021E-04	1.944523402529475E-04	4.684946714817536E-04	5.955264625308077E-04	4.981797804320898E-04	6.577477194485987E-04
DCP:CapB1P	-2.376869062300720E-06	-2.352948327610606E-06	8.826185827472437E-07	8.845914727574011E-07	1.243068883505988E-05	4.326089406697434E-06	-6.994055138163383E-06	-2.011854163497983E-06	-1.979633611632612E-06	2.884181036881455E-06	2.881716383175505E-06	1.443124076045172E-04	1.241613515473034E-04	1.257452480836419E-04	1.465466465137544E-04	1.466094989830391E-04	1.472640120047919E-04	1.472987080003416E-04
DCP:CapB2P	-1.708309066325601E-05	-1.730885860957528E-05	-1.143142270379796E-05	-1.167678391249621E-05	1.149045501954257E-05	2.415941304822316E-05	1.436551901370317E-04	1.338059700641004E-04	1.336648177680206E-04	1.747330202647569E-04	1.745090535950985E-04	1.241613515473088E-04	5.669759093249487E-04	5.677413988302319E-04	6.122256684738238E-04	6.120411999299701E-04	6.032374581059986E-04	6.030266428705814E-04
DCP:CapB3P	-1.695770999874574E-05	-1.721767557582574E-05	-1.249155878990743E-05	-1.274203723699325E-05	9.866551943491539E-06	2.103715487170544E-05	1.635715878828181E-04	1.519411906346876E-04	1.517732508681927E-04	1.947224751802412E-04	1.944523402529483E-04	1.257452480836385E-04	5.677413988302342E-04	5.822433202764646E-04	6.349055877186154E-04	6.346942357344904E-04	6.267902359002752E-04	6.265830664789377E-04
DCP:CapPL	-5.246912098890752E-05	-5.336088503315639E-05	-3.512105466066004E-05	-4.676388628404207E-05	-1.649943096364276E-05	7.592282073826834E-06	3.142366963764515E-04	3.863199989983169E-04	3.373266746523163E-04	5.964635060999907E-04	4.684946714817555E-04	1.465466465137566E-04	6.122256684738091E-04	6.349055877186275E-04	1.454891985694186E-03	7.620048602751401E-04	1.463691478081740E-03	7.827477025501330E-04
DCP:CapPR	-5.213890415261407E-05	-5.225930364742693E-05	-4.548045925180380E-05	-3.486583357505854E-05	-1.654074802651628E-05	7.585983006853123E-06	3.140568970383348E-04	3.374044839503020E-04	3.855347763257035E-04	4.691756762507592E-04	5.955264625308080E-04	1.466094989830392E-04	6.120411999299691E-04	6.346942357344896E-04	7.620048602751348E-04	1.453967681883319E-03	7.828969939717833E-04	1.463010332396980E-03
DCP:QH_D_L	-5.164457887689378E-05	-6.651578668864275E-05	-4.735320142385654E-05	-5.396026236442361E-05	-2.204705855484966E-05	6.664359908429621E-06	3.129990220147176E-04	3.832392967321745E-04	3.442333570118928E-04	6.588750750890000E-04	4.981797804320929E-04	1.472640120047903E-04	6.032374581060190E-04	6.267902359002640E-04	1.463691478081739E-03	7.828969939717810E-04	1.576976908782226E-03	8.085072048785875E-04
DCP:QH_D_R	-6.512364077996120E-05	-5.119907526311019E-05	-5.261747309041018E-05	-4.699976288433850E-05	-2.204775949953021E-05	6.694095768013564E-06	3.128803134591214E-04	3.442994226469730E-04	3.825859507663174E-04	4.987434718399936E-04	6.577477194486004E-04	1.472987080003422E-04	6.030266428705834E-04	6.265830664789364E-04	7.827477025501336E-04	1.463010332396980E-03	8.085072048785820E-04	1.577065697850486E-03

AC Resistance Matrix Coupling Coefficient
	AC:QH_S_L	AC:QH_S_R	AC:QL_D_L	AC:QL_D_R	DCN:CapB1N	DCN:CapB2N	DCN:CapB3N	DCN:CapNL	DCN:CapNR	DCN:QL_S_L	DCN:QL_S_R	DCP:CapB1P	DCP:CapB2P	DCP:CapB3P	DCP:CapPL	DCP:CapPR	DCP:QH_D_L	DCP:QH_D_R	
AC:QH_S_L	1.000000000000000E+00	9.731609333686839E-02	9.514052253221695E-01	8.334560465934918E-02	7.494275992361407E-04	1.952658082648976E-04	2.414347190002832E-02	1.898666880245395E-02	3.496059219768292E-02	1.443055443429097E-01	2.240627621400157E-01	6.040839132951938E-03	2.190423002906814E-02	2.145649577391135E-02	4.199835321099418E-02	4.174729792825479E-02	3.970598025517469E-02	5.006769848310341E-02
AC:QH_S_R	9.731609333686804E-02	1.000000000000000E+00	8.322803040962705E-02	9.516396046099150E-01	8.001161323062069E-04	1.376572529135854E-04	2.456025164827061E-02	3.586993308984097E-02	1.943732830097183E-02	2.260189823504720E-01	1.445098299785919E-01	5.968314547549667E-03	2.215018088271425E-02	2.174269695648564E-02	4.262837702206691E-02	4.176162523070286E-02	5.103912433640974E-02	3.928514622995706E-02
AC:QL_D_L	9.514052253221698E-01	8.322803040962656E-02	1.000000000000000E+00	7.003230300133836E-02	2.519770186496348E-03	1.591773602914926E-03	1.569822586036874E-02	1.763645364887075E-02	2.387238886847529E-02	8.588275675652772E-02	2.063123700726458E-01	2.315838104432700E-03	1.513230010544587E-02	1.631741441596827E-02	2.902278856067867E-02	3.759537572283604E-02	3.758578658223911E-02	4.176303570339933E-02
AC:QL_D_R	8.334560465935029E-02	9.516396046099153E-01	7.003230300133673E-02	1.000000000000000E+00	2.655296755309758E-03	1.640057204695687E-03	1.603796878607847E-02	2.464472671102887E-02	1.799553804358614E-02	2.083648491938149E-01	8.619135500691258E-02	2.316378649587627E-03	1.542622214421722E-02	1.661136241099934E-02	3.856682265963068E-02	2.876347259796324E-02	4.274447884847567E-02	3.722968956600957E-02
DCN:CapB1N	7.494275992383151E-04	8.001161323070122E-04	2.519770186496980E-03	2.655296755309376E-03	1.000000000000000E+00	9.017603455787384E-01	3.864319568246763E-01	3.114960331983370E-01	3.114346960830598E-01	1.687220576273191E-01	1.690972426630555E-01	1.132847824884727E-01	5.283030765525615E-02	4.476528616546153E-02	4.735674090271561E-02	4.749041722846038E-02	6.078077094504727E-02	6.078099229274850E-02
DCN:CapB2N	1.952658082657660E-04	1.376572529154528E-04	1.591773602914249E-03	1.640057204696792E-03	9.017603455787219E-01	1.000000000000000E+00	4.092890151312258E-01	3.464956010153742E-01	3.466568413987653E-01	1.930442922255013E-01	1.934034838759747E-01	4.250390816604109E-02	1.197537951849165E-01	1.029010856331267E-01	2.349319963350632E-02	2.348116816402623E-02	1.980756026666351E-02	1.989537999162044E-02
DCN:CapB3N	2.414347190002913E-02	2.456025164827113E-02	1.569822586036824E-02	1.603796878607787E-02	3.864319568246805E-01	4.092890151312278E-01	1.000000000000000E+00	9.306970108550898E-01	9.307724358413575E-01	5.356228252661166E-01	5.359938261170425E-01	2.801178918734762E-02	2.902703334073717E-01	3.261513990496862E-01	3.963739988531573E-01	3.962730999921724E-01	3.792223691272208E-01	3.790678733457555E-01
DCN:CapNL	1.898666880245366E-02	3.586993308984206E-02	1.763645364887067E-02	2.464472671102811E-02	3.114960331983321E-01	3.464956010153771E-01	9.306970108550873E-01	1.000000000000000E+00	8.943851350558250E-01	5.519400223393921E-01	5.310155954118868E-01	7.510113191092088E-03	2.519967910414203E-01	2.823742500525431E-01	4.541858900787588E-01	3.968033187748921E-01	4.327720354871764E-01	3.887883333356066E-01
DCN:CapNR	3.496059219768417E-02	1.943732830097175E-02	2.387238886847440E-02	1.799553804358599E-02	3.114346960830553E-01	3.466568413987621E-01	9.307724358413578E-01	8.943851350558236E-01	1.000000000000000E+00	5.308542729666018E-01	5.518908598829902E-01	7.396392000822202E-03	2.519542827230747E-01	2.823123755414499E-01	3.969376065685534E-01	4.538090154994610E-01	3.890695319240934E-01	4.324053537601726E-01
DCN:QL_S_L	1.443055443429096E-01	2.260189823504725E-01	8.588275675652689E-02	2.083648491938137E-01	1.687220576273189E-01	1.930442922255011E-01	5.356228252661167E-01	5.519400223393914E-01	5.308542729666015E-01	1.000000000000000E+00	5.010667255155388E-01	5.739573496875526E-03	1.754290942892396E-01	1.929180060376550E-01	3.738328328626140E-01	2.941487807074281E-01	3.966425962961041E-01	3.002349674853809E-01
DCN:QL_S_R	2.240627621400155E-01	1.445098299785924E-01	2.063123700726453E-01	8.619135500691204E-02	1.690972426630541E-01	1.934034838759744E-01	5.359938261170419E-01	5.310155954118861E-01	5.518908598829896E-01	5.010667255155383E-01	1.000000000000000E+00	5.743466459967298E-03	1.754730197187655E-01	1.929459231887503E-01	2.940789707593167E-01	3.739369466153158E-01	3.003641662353750E-01	3.965602210042390E-01
DCP:CapB1P	6.040839132952775E-03	5.968314547550061E-03	2.315838104434296E-03	2.316378649587399E-03	1.132847824884926E-01	4.250390816602736E-02	2.801178918734338E-02	7.510113191092733E-03	7.396392000826859E-03	5.739573496874485E-03	5.743466459968006E-03	1.000000000000000E+00	4.340625247732378E-01	4.337979431866082E-01	3.198222489577001E-01	3.200611024569534E-01	3.086967981160071E-01	3.087608363165235E-01
DCP:CapB2P	2.190423002906947E-02	2.215018088271807E-02	1.513230010544448E-02	1.542622214421477E-02	5.283030765523566E-02	1.197537951849141E-01	2.902703334073758E-01	2.519967910414154E-01	2.519542827230833E-01	1.754290942892394E-01	1.754730197187618E-01	4.340625247732564E-01	1.000000000000000E+00	9.881343641755777E-01	6.740837459367290E-01	6.740948018206525E-01	6.379598262611328E-01	6.377189238935072E-01
DCP:CapB3P	2.145649577390815E-02	2.174269695648417E-02	1.631741441596973E-02	1.661136241100126E-02	4.476528616547945E-02	1.029010856331308E-01	3.261513990496851E-01	2.823742500525470E-01	2.823123755414448E-01	1.929180060376543E-01	1.929459231887511E-01	4.337979431865964E-01	9.881343641755816E-01	1.000000000000000E+00	6.898291082660980E-01	6.898186312351663E-01	6.541198040152602E-01	6.538851938054537E-01
DCP:CapPL	4.199835321099501E-02	4.262837702206763E-02	2.902278856067781E-02	3.856682265962978E-02	4.735674090271098E-02	2.349319963349907E-02	3.963739988531594E-01	4.541858900787599E-01	3.969376065685529E-01	3.738328328626144E-01	2.940789707593179E-01	3.198222489577049E-01	6.740837459367128E-01	6.898291082661112E-01	1.000000000000000E+00	5.239200139062125E-01	9.663211863482688E-01	5.167512465874549E-01
DCP:CapPR	4.174729792825478E-02	4.176162523070289E-02	3.759537572283564E-02	2.876347259796242E-02	4.749041722846024E-02	2.348116816402528E-02	3.962730999921732E-01	3.968033187748903E-01	4.538090154994589E-01	2.941487807074279E-01	3.739369466153160E-01	3.200611024569535E-01	6.740948018206514E-01	6.898186312351655E-01	5.239200139062088E-01	1.000000000000000E+00	5.170286173576799E-01	9.661512582452745E-01
DCP:QH_D_L	3.970598025517497E-02	5.103912433641043E-02	3.758578658223927E-02	4.274447884847634E-02	6.078077094505157E-02	1.980756026667233E-02	3.792223691272190E-01	4.327720354871776E-01	3.890695319240950E-01	3.966425962961053E-01	3.003641662353769E-01	3.086967981160036E-01	6.379598262611543E-01	6.541198040152484E-01	9.663211863482678E-01	5.170286173576785E-01	1.000000000000000E+00	5.126799514367483E-01
DCP:QH_D_R	5.006769848310431E-02	3.928514622995702E-02	4.176303570339871E-02	3.722968956600987E-02	6.078099229275052E-02	1.989537999162135E-02	3.790678733457519E-01	3.887883333356084E-01	4.324053537601725E-01	3.002349674853811E-01	3.965602210042401E-01	3.087608363165249E-01	6.377189238935091E-01	6.538851938054524E-01	5.167512465874553E-01	9.661512582452748E-01	5.126799514367447E-01	1.000000000000000E+00

