Design Variation:  h_23='1.2mm' h_34='0.10000000000000001mm' h_diel='0.10000000000000001mm' r_anti='0.34999999999999998mm' t_L1='0.070000000000000007mm' t_L2='0.070000000000000007mm' t_L3='0.070000000000000007mm' t_L4='0.070000000000000007mm' t_pad='0.035000000000000003mm' via_r='0.14999999999999999mm' z_L1='0.17000000000000001mm' z_L3b='-1.2699999999999998mm' z_L3t='-1.2mm' z_L4b='-1.4399999999999999mm' z_L4t='-1.3699999999999999mm' z_top='0.24000000000000002mm'
Setup1:Sweep1
Problem Type:  DC RL, AC RL
R Units:ohm, L Units:nH
Reduce Matrix:  Original
Frequency:  1MHz

DC Inductance Matrix
	AC:QH_S_L	AC:QH_S_R	AC:QL_D_L	AC:QL_D_R	DCN:CapB1N	DCN:CapB2N	DCN:CapB3N	DCN:CapNL	DCN:CapNR	DCN:QL_S_L	DCN:QL_S_R	DCP:CapB1P	DCP:CapB2P	DCP:CapB3P	DCP:CapPL	DCP:CapPR	DCP:QH_D_L	DCP:QH_D_R	
AC:QH_S_L	2.616060046052188E+00	5.507061337262714E-01	2.325732313709410E+00	4.254552557118878E-01	1.436894410584490E-02	-1.423891776769946E-02	-3.298237319602008E-01	-3.857115001772160E-01	-4.425242114289178E-01	-1.105204720633256E+00	-1.660272498423622E+00	-2.307408127643835E-02	-2.777483469233012E-01	-3.142243200735677E-01	-4.674899195054016E-01	-8.404769308405093E-01	-5.914954385302269E-01	-9.320880503163694E-01
AC:QH_S_R	5.507061337262714E-01	2.607854417434932E+00	4.258574110693559E-01	2.316772245826313E+00	1.442398351164451E-02	-1.417719602672969E-02	-3.296236253990040E-01	-4.420579934257641E-01	-3.857027570462644E-01	-1.657585515981295E+00	-1.108122318905317E+00	-2.298404181186539E-02	-2.775844970104727E-01	-3.140496307062182E-01	-8.392366090678973E-01	-4.679434877698012E-01	-9.308772356493148E-01	-5.920900611408673E-01
AC:QL_D_L	2.325732313709410E+00	4.258574110693559E-01	2.224774331578053E+00	3.185334324495775E-01	1.152939691990505E-02	-1.027303059988345E-02	-2.482531214863168E-01	-2.791477667102878E-01	-3.443416842963421E-01	-6.242763261003815E-01	-1.382119912604517E+00	-1.708881796908541E-02	-2.099823720470943E-01	-2.375468265544434E-01	-2.886105549858606E-01	-6.923603611389764E-01	-3.661896607229181E-01	-7.684534970170481E-01
AC:QL_D_R	4.254552557118878E-01	2.316772245826313E+00	3.185334324495775E-01	2.215583663922452E+00	1.157908690589017E-02	-1.020678570615810E-02	-2.479345334252193E-01	-3.437399971463886E-01	-2.789720602821103E-01	-1.379026193494250E+00	-6.265140182355217E-01	-1.698685880563770E-02	-2.097332230892382E-01	-2.372745822016784E-01	-6.908941974325242E-01	-2.888573807541508E-01	-7.669815852396464E-01	-3.665335302584896E-01
DCN:CapB1N	1.436894410584490E-02	1.442398351164451E-02	1.152939691990505E-02	1.157908690589017E-02	1.152496782290188E-01	1.026900224817094E-01	5.669613769951823E-02	5.046057237218788E-02	5.046756072802659E-02	2.946098007442072E-02	2.949346539416656E-02	3.569424845152278E-02	-1.722546879902566E-04	-5.911347336558180E-03	-3.003135806895981E-02	-2.995040237344039E-02	-3.334872735201377E-02	-3.327646963522808E-02
DCN:CapB2N	-1.423891776769946E-02	-1.417719602672969E-02	-1.027303059988345E-02	-1.020678570615810E-02	1.026900224817094E-01	1.128982453199248E-01	1.415769650751525E-01	1.447804501058822E-01	1.447987070332291E-01	1.712946587783732E-01	1.713369867756707E-01	4.083499407187202E-02	9.319846075965192E-02	9.569543973212877E-02	1.152652762098883E-01	1.153410091271787E-01	1.197113541189828E-01	1.197783156105349E-01
DCN:CapB3N	-3.298237319602008E-01	-3.296236253990040E-01	-2.482531214863168E-01	-2.479345334252193E-01	5.669613769951823E-02	1.415769650751525E-01	1.115820002882194E+00	1.250266114216238E+00	1.250351987439570E+00	1.838061057536232E+00	1.838240296710670E+00	9.539629013035843E-02	7.929977083604034E-01	9.075652713196989E-01	1.524275547536790E+00	1.524255338641548E+00	1.623924473642010E+00	1.623873379433443E+00
DCN:CapNL	-3.857115001772160E-01	-4.420579934257641E-01	-2.791477667102878E-01	-3.437399971463886E-01	5.046057237218788E-02	1.447804501058822E-01	1.250266114216238E+00	1.517827931713311E+00	1.394978567384814E+00	2.276496973597894E+00	2.123967011701221E+00	1.021031947671087E-01	8.861806621608168E-01	1.015283987559125E+00	1.880368418652557E+00	1.690735066999155E+00	2.025567315762628E+00	1.807023789630547E+00
DCN:CapNR	-4.425242114289178E-01	-3.857027570462644E-01	-3.443416842963421E-01	-2.789720602821103E-01	5.046756072802659E-02	1.447987070332291E-01	1.250351987439570E+00	1.394978567384814E+00	1.518195484488156E+00	2.123939280255455E+00	2.277065907886919E+00	1.021379876511444E-01	8.862513416939594E-01	1.015365928692522E+00	1.690896045721438E+00	1.880548093673910E+00	1.807219108774164E+00	2.025756004332549E+00
DCN:QL_S_L	-1.105204720633256E+00	-1.657585515981295E+00	-6.242763261003815E-01	-1.379026193494250E+00	2.946098007442072E-02	1.712946587783732E-01	1.838061057536232E+00	2.276496973597894E+00	2.123939280255455E+00	5.458407180572558E+00	3.914985999856515E+00	1.431990076951580E-01	1.359631663279275E+00	1.552251211261804E+00	3.245539268048500E+00	2.726025045796838E+00	3.692170761159999E+00	3.016123753913461E+00
DCN:QL_S_R	-1.660272498423622E+00	-1.108122318905317E+00	-1.382119912604517E+00	-6.265140182355217E-01	2.949346539416656E-02	1.713369867756707E-01	1.838240296710670E+00	2.123967011701221E+00	2.277065907886919E+00	3.914985999856515E+00	5.458707853861087E+00	1.432956965003588E-01	1.359745199673968E+00	1.552373131439055E+00	2.726598882126225E+00	3.245679232487799E+00	3.016717726410326E+00	3.692248576523131E+00
DCP:CapB1P	-2.307408127643835E-02	-2.298404181186539E-02	-1.708881796908541E-02	-1.698685880563770E-02	3.569424845152278E-02	4.083499407187202E-02	9.539629013035843E-02	1.021031947671087E-01	1.021379876511444E-01	1.431990076951580E-01	1.432956965003588E-01	2.022628296834892E-01	2.500309622635710E-01	2.551282280932992E-01	2.896914163198758E-01	2.898540358825423E-01	2.963419629392916E-01	2.965035332919677E-01
DCP:CapB2P	-2.777483469233012E-01	-2.775844970104727E-01	-2.099823720470943E-01	-2.097332230892382E-01	-1.722546879902566E-04	9.319846075965192E-02	7.929977083604034E-01	8.861806621608168E-01	8.862513416939594E-01	1.359631663279275E+00	1.359745199673968E+00	2.500309622635710E-01	1.363137457482617E+00	1.436838686009960E+00	1.855556543666609E+00	1.855536833781156E+00	1.932886146587994E+00	1.932831856564874E+00
DCP:CapB3P	-3.142243200735677E-01	-3.140496307062182E-01	-2.375468265544434E-01	-2.372745822016784E-01	-5.911347336558180E-03	9.569543973212877E-02	9.075652713196989E-01	1.015283987559125E+00	1.015365928692522E+00	1.552251211261804E+00	1.552373131439055E+00	2.551282280932992E-01	1.436838686009960E+00	1.534756473903597E+00	2.016829265962245E+00	2.016787397667042E+00	2.104989116053956E+00	2.104911199864585E+00
DCP:CapPL	-4.674899195054016E-01	-8.392366090678973E-01	-2.886105549858606E-01	-6.908941974325242E-01	-3.003135806895981E-02	1.152652762098883E-01	1.524275547536790E+00	1.880368418652557E+00	1.690896045721438E+00	3.245539268048500E+00	2.726598882126225E+00	2.896914163198758E-01	1.855556543666609E+00	2.016829265962245E+00	4.031319463007873E+00	2.879196903055622E+00	4.256095636396783E+00	3.045682370894672E+00
DCP:CapPR	-8.404769308405093E-01	-4.679434877698012E-01	-6.923603611389764E-01	-2.888573807541508E-01	-2.995040237344039E-02	1.153410091271787E-01	1.524255338641548E+00	1.690735066999155E+00	1.880548093673910E+00	2.726025045796838E+00	3.245679232487799E+00	2.898540358825423E-01	1.855536833781156E+00	2.016787397667042E+00	2.879196903055622E+00	4.031092023801706E+00	3.045678002202070E+00	4.255774197378384E+00
DCP:QH_D_L	-5.914954385302269E-01	-9.308772356493148E-01	-3.661896607229181E-01	-7.669815852396464E-01	-3.334872735201377E-02	1.197113541189828E-01	1.623924473642010E+00	2.025567315762628E+00	1.807219108774164E+00	3.692170761159999E+00	3.016717726410326E+00	2.963419629392916E-01	1.932886146587994E+00	2.104989116053956E+00	4.256095636396783E+00	3.045678002202070E+00	4.639022126562501E+00	3.226698860259223E+00
DCP:QH_D_R	-9.320880503163694E-01	-5.920900611408673E-01	-7.684534970170481E-01	-3.665335302584896E-01	-3.327646963522808E-02	1.197783156105349E-01	1.623873379433443E+00	1.807023789630547E+00	2.025756004332549E+00	3.016123753913461E+00	3.692248576523131E+00	2.965035332919677E-01	1.932831856564874E+00	2.104911199864585E+00	3.045682370894672E+00	4.255774197378384E+00	3.226698860259223E+00	4.638694297394266E+00

DC Inductance Matrix Coupling Coefficient
	AC:QH_S_L	AC:QH_S_R	AC:QL_D_L	AC:QL_D_R	DCN:CapB1N	DCN:CapB2N	DCN:CapB3N	DCN:CapNL	DCN:CapNR	DCN:QL_S_L	DCN:QL_S_R	DCP:CapB1P	DCP:CapB2P	DCP:CapB3P	DCP:CapPL	DCP:CapPR	DCP:QH_D_L	DCP:QH_D_R	
AC:QH_S_L	1.000000000000000E+00	2.108406701413021E-01	9.640351971169729E-01	1.767201053391770E-01	2.616863927261209E-02	2.620049713487131E-02	1.930460750448728E-01	1.935652814679297E-01	2.220492625238166E-01	2.924730892754150E-01	4.393499629989397E-01	3.172068261982054E-02	1.470814161837780E-01	1.568181059492979E-01	1.439543486874358E-01	2.588156819667839E-01	1.697908661491274E-01	2.675686392764268E-01
AC:QH_S_R	2.108406701413021E-01	1.000000000000000E+00	1.767988986311451E-01	9.638236817507805E-01	2.631017185136526E-02	2.612793437552053E-02	1.932322401574875E-01	2.221909193904014E-01	1.938417062232954E-01	4.393405675382569E-01	2.936980780847317E-01	3.164657334228005E-02	1.472257277099435E-01	1.569773084507346E-01	2.588326989908561E-01	1.443246057213151E-01	2.676316774812523E-01	1.702347523262147E-01
AC:QL_D_L	9.640351971169729E-01	1.767988986311451E-01	1.000000000000000E+00	1.434722673652941E-01	2.276898900781453E-02	2.049802427334401E-02	1.575631534167246E-01	1.519077407597187E-01	1.873625416416788E-01	1.791434437031808E-01	3.966046625417722E-01	2.547481282240491E-02	1.205785421778607E-01	1.285542720151117E-01	9.637083450656751E-02	2.311946909421508E-01	1.139855694860065E-01	2.392085687444219E-01
AC:QL_D_R	1.767201053391770E-01	9.638236817507805E-01	1.434722673652941E-01	1.000000000000000E+00	2.291449948843673E-02	2.040804125521975E-02	1.576869935423877E-01	1.874453717110297E-01	1.521082553056551E-01	3.965477347764383E-01	1.801531207515205E-01	2.537528685336252E-02	1.206850091917915E-01	1.286729930614790E-01	2.311765937692763E-01	9.665582575715567E-02	2.392366088918756E-01	1.143330414190790E-01
DCN:CapB1N	2.616863927261209E-02	2.631017185136526E-02	2.276898900781453E-02	2.291449948843673E-02	1.000000000000000E+00	9.002534453128912E-01	1.581017009979750E-01	1.206482540139162E-01	1.206503554763496E-01	3.714448700727965E-02	3.718442046296182E-02	2.337869914099995E-01	4.345916357693146E-04	1.405551880162050E-02	4.405868225518948E-02	4.394115258013941E-02	4.560854129483052E-02	4.551132798035890E-02
DCN:CapB2N	2.620049713487131E-02	2.612793437552053E-02	2.049802427334401E-02	2.040804125521975E-02	9.002534453128912E-01	1.000000000000000E+00	3.988888813792799E-01	3.497478521363002E-01	3.497496110041075E-01	2.182062874890495E-01	2.182541965254918E-01	2.702283201119112E-01	2.375720349641804E-01	2.298941442937558E-01	1.708564158179327E-01	1.709734969292171E-01	1.654163849173564E-01	1.655147602585302E-01
DCN:CapB3N	1.930460750448728E-01	1.932322401574875E-01	1.575631534167246E-01	1.576869935423877E-01	1.581017009979750E-01	3.988888813792799E-01	1.000000000000000E+00	9.607139991337038E-01	9.606636760592607E-01	7.447832446715926E-01	7.448353583374157E-01	2.008058565965696E-01	6.429912086611718E-01	6.935233066701877E-01	7.186919887102219E-01	7.187027344596733E-01	7.137654692467484E-01	7.137682323843881E-01
DCN:CapNL	1.935652814679297E-01	2.221909193904014E-01	1.519077407597187E-01	1.874453717110297E-01	1.206482540139162E-01	3.497478521363002E-01	9.607139991337038E-01	1.000000000000000E+00	9.189511320389440E-01	7.909023066904846E-01	7.378899086951834E-01	1.842765282033201E-01	6.160857625341547E-01	6.652065693254052E-01	7.601653515380186E-01	6.835226866546233E-01	7.633473256247593E-01	6.810119358021574E-01
DCN:CapNR	2.220492625238166E-01	1.938417062232954E-01	1.873625416416788E-01	1.521082553056551E-01	1.206503554763496E-01	3.497496110041075E-01	9.606636760592607E-01	9.189511320389440E-01	1.000000000000000E+00	7.378112693580562E-01	7.909824133276541E-01	1.843170071499899E-01	6.160603128127218E-01	6.651797224374101E-01	6.834857323382015E-01	7.601673997855117E-01	6.809790328415397E-01	7.633529899410189E-01
DCN:QL_S_L	2.924730892754150E-01	4.393405675382569E-01	1.791434437031808E-01	3.965477347764383E-01	3.714448700727965E-02	2.182062874890495E-01	7.447832446715926E-01	7.909023066904846E-01	7.378112693580562E-01	1.000000000000000E+00	7.172198862049339E-01	1.362852968067740E-01	4.984464178112601E-01	5.363018630041576E-01	6.918792335127822E-01	5.811463581812382E-01	7.337288436106115E-01	5.994021771733181E-01
DCN:QL_S_R	4.393499629989397E-01	2.936980780847317E-01	3.966046625417722E-01	1.801531207515205E-01	3.718442046296182E-02	2.182541965254918E-01	7.448353583374157E-01	7.378899086951834E-01	7.909824133276541E-01	7.172198862049339E-01	1.000000000000000E+00	1.363735614553291E-01	4.984743118092151E-01	5.363292148592054E-01	5.812362856348868E-01	6.919095333706851E-01	5.994825242916031E-01	7.337500260867135E-01
DCP:CapB1P	3.172068261982054E-02	3.164657334228005E-02	2.547481282240491E-02	2.537528685336252E-02	2.337869914099995E-01	2.702283201119112E-01	2.008058565965696E-01	1.842765282033201E-01	1.843170071499899E-01	1.362852968067740E-01	1.363735614553291E-01	1.000000000000000E+00	4.761742725192885E-01	4.579106416044052E-01	3.208144933212718E-01	3.210036392897169E-01	3.059298768653683E-01	3.061074908532684E-01
DCP:CapB2P	1.470814161837780E-01	1.472257277099435E-01	1.205785421778607E-01	1.206850091917915E-01	4.345916357693146E-04	2.375720349641804E-01	6.429912086611718E-01	6.160857625341547E-01	6.160603128127218E-01	4.984464178112601E-01	4.984743118092151E-01	4.761742725192885E-01	1.000000000000000E+00	9.933869482423773E-01	7.915543854895311E-01	7.915683072163467E-01	7.686404319965343E-01	7.686460024895515E-01
DCP:CapB3P	1.568181059492979E-01	1.569773084507346E-01	1.285542720151117E-01	1.286729930614790E-01	1.405551880162050E-02	2.298941442937558E-01	6.935233066701877E-01	6.652065693254052E-01	6.651797224374101E-01	5.363018630041576E-01	5.363292148592054E-01	4.579106416044052E-01	9.933869482423773E-01	1.000000000000000E+00	8.108224969633109E-01	8.108285377300443E-01	7.888908077870171E-01	7.888894819946732E-01
DCP:CapPL	1.439543486874358E-01	2.588326989908561E-01	9.637083450656751E-02	2.311765937692763E-01	4.405868225518948E-02	1.708564158179327E-01	7.186919887102219E-01	7.601653515380186E-01	6.834857323382015E-01	6.918792335127822E-01	5.812362856348868E-01	3.208144933212718E-01	7.915543854895311E-01	8.108224969633109E-01	1.000000000000000E+00	7.142272281467460E-01	9.841800300961202E-01	7.043088178478327E-01
DCP:CapPR	2.588156819667839E-01	1.443246057213151E-01	2.311946909421508E-01	9.665582575715567E-02	4.394115258013941E-02	1.709734969292171E-01	7.187027344596733E-01	6.835226866546233E-01	7.601673997855117E-01	5.811463581812382E-01	6.919095333706851E-01	3.210036392897169E-01	7.915683072163467E-01	8.108285377300443E-01	7.142272281467460E-01	1.000000000000000E+00	7.043027892153577E-01	9.841682374240235E-01
DCP:QH_D_L	1.697908661491274E-01	2.676316774812523E-01	1.139855694860065E-01	2.392366088918756E-01	4.560854129483052E-02	1.654163849173564E-01	7.137654692467484E-01	7.633473256247593E-01	6.809790328415397E-01	7.337288436106115E-01	5.994825242916031E-01	3.059298768653683E-01	7.686404319965343E-01	7.888908077870171E-01	9.841800300961202E-01	7.043027892153577E-01	1.000000000000000E+00	6.955804025097544E-01
DCP:QH_D_R	2.675686392764268E-01	1.702347523262147E-01	2.392085687444219E-01	1.143330414190790E-01	4.551132798035890E-02	1.655147602585302E-01	7.137682323843881E-01	6.810119358021574E-01	7.633529899410189E-01	5.994021771733181E-01	7.337500260867135E-01	3.061074908532684E-01	7.686460024895515E-01	7.888894819946732E-01	7.043088178478327E-01	9.841682374240235E-01	6.955804025097544E-01	1.000000000000000E+00

DC Resistance Matrix
	AC:QH_S_L	AC:QH_S_R	AC:QL_D_L	AC:QL_D_R	DCN:CapB1N	DCN:CapB2N	DCN:CapB3N	DCN:CapNL	DCN:CapNR	DCN:QL_S_L	DCN:QL_S_R	DCP:CapB1P	DCP:CapB2P	DCP:CapB3P	DCP:CapPL	DCP:CapPR	DCP:QH_D_L	DCP:QH_D_R	
AC:QH_S_L	2.516540265272447E-04	4.016959440756515E-05	2.259991531232501E-04	4.016844334214811E-05	0.000000000000000E+00	0.000000000000000E+00	0.000000000000000E+00	0.000000000000000E+00	0.000000000000000E+00	0.000000000000000E+00	0.000000000000000E+00	0.000000000000000E+00	0.000000000000000E+00	0.000000000000000E+00	0.000000000000000E+00	0.000000000000000E+00	0.000000000000000E+00	0.000000000000000E+00
AC:QH_S_R	4.016959440756515E-05	2.512350022856362E-04	4.016815504921577E-05	2.255436203019120E-04	0.000000000000000E+00	0.000000000000000E+00	0.000000000000000E+00	0.000000000000000E+00	0.000000000000000E+00	0.000000000000000E+00	0.000000000000000E+00	0.000000000000000E+00	0.000000000000000E+00	0.000000000000000E+00	0.000000000000000E+00	0.000000000000000E+00	0.000000000000000E+00	0.000000000000000E+00
AC:QL_D_L	2.259991531232501E-04	4.016815504921577E-05	2.516033905513049E-04	4.016700402627715E-05	0.000000000000000E+00	0.000000000000000E+00	0.000000000000000E+00	0.000000000000000E+00	0.000000000000000E+00	0.000000000000000E+00	0.000000000000000E+00	0.000000000000000E+00	0.000000000000000E+00	0.000000000000000E+00	0.000000000000000E+00	0.000000000000000E+00	0.000000000000000E+00	0.000000000000000E+00
AC:QL_D_R	4.016844334214811E-05	2.255436203019120E-04	4.016700402627715E-05	2.512445438381522E-04	0.000000000000000E+00	0.000000000000000E+00	0.000000000000000E+00	0.000000000000000E+00	0.000000000000000E+00	0.000000000000000E+00	0.000000000000000E+00	0.000000000000000E+00	0.000000000000000E+00	0.000000000000000E+00	0.000000000000000E+00	0.000000000000000E+00	0.000000000000000E+00	0.000000000000000E+00
DCN:CapB1N	0.000000000000000E+00	0.000000000000000E+00	0.000000000000000E+00	0.000000000000000E+00	3.084602596418730E-05	2.688820205683548E-05	2.194112223647212E-05	2.186625592933078E-05	2.186704839355553E-05	2.176356728506576E-05	2.176361406887969E-05	0.000000000000000E+00	0.000000000000000E+00	0.000000000000000E+00	0.000000000000000E+00	0.000000000000000E+00	0.000000000000000E+00	0.000000000000000E+00
DCN:CapB2N	0.000000000000000E+00	0.000000000000000E+00	0.000000000000000E+00	0.000000000000000E+00	2.688820205683548E-05	3.082607901254339E-05	2.197582847378946E-05	2.190091962507363E-05	2.190153150861192E-05	2.179802261574699E-05	2.179795456068964E-05	0.000000000000000E+00	0.000000000000000E+00	0.000000000000000E+00	0.000000000000000E+00	0.000000000000000E+00	0.000000000000000E+00	0.000000000000000E+00
DCN:CapB3N	0.000000000000000E+00	0.000000000000000E+00	0.000000000000000E+00	0.000000000000000E+00	2.194112223647212E-05	2.197582847378946E-05	1.046093256400834E-04	9.830700027996611E-05	9.830429875129935E-05	9.441839918749049E-05	9.441619251953723E-05	0.000000000000000E+00	0.000000000000000E+00	0.000000000000000E+00	0.000000000000000E+00	0.000000000000000E+00	0.000000000000000E+00	0.000000000000000E+00
DCN:CapNL	0.000000000000000E+00	0.000000000000000E+00	0.000000000000000E+00	0.000000000000000E+00	2.186625592933078E-05	2.190091962507363E-05	9.830700027996611E-05	1.233441903197299E-04	9.322125526046228E-05	9.608084599701852E-05	9.270084672155290E-05	0.000000000000000E+00	0.000000000000000E+00	0.000000000000000E+00	0.000000000000000E+00	0.000000000000000E+00	0.000000000000000E+00	0.000000000000000E+00
DCN:CapNR	0.000000000000000E+00	0.000000000000000E+00	0.000000000000000E+00	0.000000000000000E+00	2.186704839355553E-05	2.190153150861192E-05	9.830429875129935E-05	9.322125526046228E-05	1.233899947065881E-04	9.269974345296832E-05	9.608241057819459E-05	0.000000000000000E+00	0.000000000000000E+00	0.000000000000000E+00	0.000000000000000E+00	0.000000000000000E+00	0.000000000000000E+00	0.000000000000000E+00
DCN:QL_S_L	0.000000000000000E+00	0.000000000000000E+00	0.000000000000000E+00	0.000000000000000E+00	2.176356728506576E-05	2.179802261574699E-05	9.441839918749049E-05	9.608084599701852E-05	9.269974345296832E-05	3.135363492964575E-04	1.384652025395243E-04	0.000000000000000E+00	0.000000000000000E+00	0.000000000000000E+00	0.000000000000000E+00	0.000000000000000E+00	0.000000000000000E+00	0.000000000000000E+00
DCN:QL_S_R	0.000000000000000E+00	0.000000000000000E+00	0.000000000000000E+00	0.000000000000000E+00	2.176361406887969E-05	2.179795456068964E-05	9.441619251953723E-05	9.270084672155290E-05	9.608241057819459E-05	1.384652025395243E-04	3.134378904295742E-04	0.000000000000000E+00	0.000000000000000E+00	0.000000000000000E+00	0.000000000000000E+00	0.000000000000000E+00	0.000000000000000E+00	0.000000000000000E+00
DCP:CapB1P	0.000000000000000E+00	0.000000000000000E+00	0.000000000000000E+00	0.000000000000000E+00	0.000000000000000E+00	0.000000000000000E+00	0.000000000000000E+00	0.000000000000000E+00	0.000000000000000E+00	0.000000000000000E+00	0.000000000000000E+00	5.834017712208299E-05	4.311657830112267E-05	4.311644015924943E-05	4.291088658350199E-05	4.290984991116241E-05	4.291120473412750E-05	4.291016630546278E-05
DCP:CapB2P	0.000000000000000E+00	0.000000000000000E+00	0.000000000000000E+00	0.000000000000000E+00	0.000000000000000E+00	0.000000000000000E+00	0.000000000000000E+00	0.000000000000000E+00	0.000000000000000E+00	0.000000000000000E+00	0.000000000000000E+00	4.311657830112267E-05	1.385457746664395E-04	1.345473838059914E-04	1.173342492548627E-04	1.173243785019183E-04	1.173361299522763E-04	1.173262728472489E-04
DCP:CapB3P	0.000000000000000E+00	0.000000000000000E+00	0.000000000000000E+00	0.000000000000000E+00	0.000000000000000E+00	0.000000000000000E+00	0.000000000000000E+00	0.000000000000000E+00	0.000000000000000E+00	0.000000000000000E+00	0.000000000000000E+00	4.311644015924943E-05	1.345473838059914E-04	1.385430019709027E-04	1.173342818797449E-04	1.173241513220789E-04	1.173361637020933E-04	1.173260463554471E-04
DCP:CapPL	0.000000000000000E+00	0.000000000000000E+00	0.000000000000000E+00	0.000000000000000E+00	0.000000000000000E+00	0.000000000000000E+00	0.000000000000000E+00	0.000000000000000E+00	0.000000000000000E+00	0.000000000000000E+00	0.000000000000000E+00	4.291088658350199E-05	1.173342492548627E-04	1.173342818797449E-04	2.931217506194827E-04	1.295427826110374E-04	2.761106926214078E-04	1.294417464413116E-04
DCP:CapPR	0.000000000000000E+00	0.000000000000000E+00	0.000000000000000E+00	0.000000000000000E+00	0.000000000000000E+00	0.000000000000000E+00	0.000000000000000E+00	0.000000000000000E+00	0.000000000000000E+00	0.000000000000000E+00	0.000000000000000E+00	4.290984991116241E-05	1.173243785019183E-04	1.173241513220789E-04	1.295427826110374E-04	2.930529580827975E-04	1.294428484602213E-04	2.760598491390684E-04
DCP:QH_D_L	0.000000000000000E+00	0.000000000000000E+00	0.000000000000000E+00	0.000000000000000E+00	0.000000000000000E+00	0.000000000000000E+00	0.000000000000000E+00	0.000000000000000E+00	0.000000000000000E+00	0.000000000000000E+00	0.000000000000000E+00	4.291120473412750E-05	1.173361299522763E-04	1.173361637020933E-04	2.761106926214078E-04	1.294428484602213E-04	3.022500128526917E-04	1.293422742831991E-04
DCP:QH_D_R	0.000000000000000E+00	0.000000000000000E+00	0.000000000000000E+00	0.000000000000000E+00	0.000000000000000E+00	0.000000000000000E+00	0.000000000000000E+00	0.000000000000000E+00	0.000000000000000E+00	0.000000000000000E+00	0.000000000000000E+00	4.291016630546278E-05	1.173262728472489E-04	1.173260463554471E-04	1.294417464413116E-04	2.760598491390684E-04	1.293422742831991E-04	3.022230343666757E-04

DC Resistance Matrix Coupling Coefficient
	AC:QH_S_L	AC:QH_S_R	AC:QL_D_L	AC:QL_D_R	DCN:CapB1N	DCN:CapB2N	DCN:CapB3N	DCN:CapNL	DCN:CapNR	DCN:QL_S_L	DCN:QL_S_R	DCP:CapB1P	DCP:CapB2P	DCP:CapB3P	DCP:CapPL	DCP:CapPR	DCP:QH_D_L	DCP:QH_D_R	
AC:QH_S_L	1.000000000000000E+00	1.597553577450195E-01	8.981453490707169E-01	1.597477464638994E-01	0.000000000000000E+00	0.000000000000000E+00	0.000000000000000E+00	0.000000000000000E+00	0.000000000000000E+00	0.000000000000000E+00	0.000000000000000E+00	0.000000000000000E+00	0.000000000000000E+00	0.000000000000000E+00	0.000000000000000E+00	0.000000000000000E+00	0.000000000000000E+00	0.000000000000000E+00
AC:QH_S_R	1.597553577450195E-01	1.000000000000000E+00	1.597657076353914E-01	8.977225922227346E-01	0.000000000000000E+00	0.000000000000000E+00	0.000000000000000E+00	0.000000000000000E+00	0.000000000000000E+00	0.000000000000000E+00	0.000000000000000E+00	0.000000000000000E+00	0.000000000000000E+00	0.000000000000000E+00	0.000000000000000E+00	0.000000000000000E+00	0.000000000000000E+00	0.000000000000000E+00
AC:QL_D_L	8.981453490707169E-01	1.597657076353914E-01	1.000000000000000E+00	1.597580958660735E-01	0.000000000000000E+00	0.000000000000000E+00	0.000000000000000E+00	0.000000000000000E+00	0.000000000000000E+00	0.000000000000000E+00	0.000000000000000E+00	0.000000000000000E+00	0.000000000000000E+00	0.000000000000000E+00	0.000000000000000E+00	0.000000000000000E+00	0.000000000000000E+00	0.000000000000000E+00
AC:QL_D_R	1.597477464638994E-01	8.977225922227346E-01	1.597580958660735E-01	1.000000000000000E+00	0.000000000000000E+00	0.000000000000000E+00	0.000000000000000E+00	0.000000000000000E+00	0.000000000000000E+00	0.000000000000000E+00	0.000000000000000E+00	0.000000000000000E+00	0.000000000000000E+00	0.000000000000000E+00	0.000000000000000E+00	0.000000000000000E+00	0.000000000000000E+00	0.000000000000000E+00
DCN:CapB1N	0.000000000000000E+00	0.000000000000000E+00	0.000000000000000E+00	0.000000000000000E+00	1.000000000000000E+00	8.719729437928421E-01	3.862549212743552E-01	3.544993700610522E-01	3.544464111442964E-01	2.213026038655141E-01	2.213378353388820E-01	0.000000000000000E+00	0.000000000000000E+00	0.000000000000000E+00	0.000000000000000E+00	0.000000000000000E+00	0.000000000000000E+00	0.000000000000000E+00
DCN:CapB2N	0.000000000000000E+00	0.000000000000000E+00	0.000000000000000E+00	0.000000000000000E+00	8.719729437928421E-01	1.000000000000000E+00	3.869910416908685E-01	3.551762016903946E-01	3.551201932842553E-01	2.217246645781407E-01	2.217587941912052E-01	0.000000000000000E+00	0.000000000000000E+00	0.000000000000000E+00	0.000000000000000E+00	0.000000000000000E+00	0.000000000000000E+00	0.000000000000000E+00
DCN:CapB3N	0.000000000000000E+00	0.000000000000000E+00	0.000000000000000E+00	0.000000000000000E+00	3.862549212743552E-01	3.869910416908685E-01	1.000000000000000E+00	8.654458383550342E-01	8.652614111129185E-01	5.213477253862231E-01	5.214174168743916E-01	0.000000000000000E+00	0.000000000000000E+00	0.000000000000000E+00	0.000000000000000E+00	0.000000000000000E+00	0.000000000000000E+00	0.000000000000000E+00
DCN:CapNL	0.000000000000000E+00	0.000000000000000E+00	0.000000000000000E+00	0.000000000000000E+00	3.544993700610522E-01	3.551762016903946E-01	8.654458383550342E-01	1.000000000000000E+00	7.556411922155809E-01	4.885775647994030E-01	4.714640731545674E-01	0.000000000000000E+00	0.000000000000000E+00	0.000000000000000E+00	0.000000000000000E+00	0.000000000000000E+00	0.000000000000000E+00	0.000000000000000E+00
DCN:CapNR	0.000000000000000E+00	0.000000000000000E+00	0.000000000000000E+00	0.000000000000000E+00	3.544464111442964E-01	3.551201932842553E-01	8.652614111129185E-01	7.556411922155809E-01	1.000000000000000E+00	4.712969300004787E-01	4.885715452509422E-01	0.000000000000000E+00	0.000000000000000E+00	0.000000000000000E+00	0.000000000000000E+00	0.000000000000000E+00	0.000000000000000E+00	0.000000000000000E+00
DCN:QL_S_L	0.000000000000000E+00	0.000000000000000E+00	0.000000000000000E+00	0.000000000000000E+00	2.213026038655141E-01	2.217246645781407E-01	5.213477253862231E-01	4.885775647994030E-01	4.712969300004787E-01	1.000000000000000E+00	4.416934396136367E-01	0.000000000000000E+00	0.000000000000000E+00	0.000000000000000E+00	0.000000000000000E+00	0.000000000000000E+00	0.000000000000000E+00	0.000000000000000E+00
DCN:QL_S_R	0.000000000000000E+00	0.000000000000000E+00	0.000000000000000E+00	0.000000000000000E+00	2.213378353388820E-01	2.217587941912052E-01	5.214174168743916E-01	4.714640731545674E-01	4.885715452509422E-01	4.416934396136367E-01	1.000000000000000E+00	0.000000000000000E+00	0.000000000000000E+00	0.000000000000000E+00	0.000000000000000E+00	0.000000000000000E+00	0.000000000000000E+00	0.000000000000000E+00
DCP:CapB1P	0.000000000000000E+00	0.000000000000000E+00	0.000000000000000E+00	0.000000000000000E+00	0.000000000000000E+00	0.000000000000000E+00	0.000000000000000E+00	0.000000000000000E+00	0.000000000000000E+00	0.000000000000000E+00	0.000000000000000E+00	1.000000000000000E+00	4.795829932491805E-01	4.795862556732401E-01	3.281403168199133E-01	3.281709007261716E-01	3.231496366103507E-01	3.231562391561302E-01
DCP:CapB2P	0.000000000000000E+00	0.000000000000000E+00	0.000000000000000E+00	0.000000000000000E+00	0.000000000000000E+00	0.000000000000000E+00	0.000000000000000E+00	0.000000000000000E+00	0.000000000000000E+00	0.000000000000000E+00	0.000000000000000E+00	4.795829932491805E-01	1.000000000000000E+00	9.711500079184017E-01	5.822428088699115E-01	5.822621570043633E-01	5.733924277153578E-01	5.733698482346785E-01
DCP:CapB3P	0.000000000000000E+00	0.000000000000000E+00	0.000000000000000E+00	0.000000000000000E+00	0.000000000000000E+00	0.000000000000000E+00	0.000000000000000E+00	0.000000000000000E+00	0.000000000000000E+00	0.000000000000000E+00	0.000000000000000E+00	4.795862556732401E-01	9.711500079184017E-01	1.000000000000000E+00	5.822487970204940E-01	5.822668559853035E-01	5.733983303378398E-01	5.733744788331510E-01
DCP:CapPL	0.000000000000000E+00	0.000000000000000E+00	0.000000000000000E+00	0.000000000000000E+00	0.000000000000000E+00	0.000000000000000E+00	0.000000000000000E+00	0.000000000000000E+00	0.000000000000000E+00	0.000000000000000E+00	0.000000000000000E+00	3.281403168199133E-01	5.822428088699115E-01	5.822487970204940E-01	1.000000000000000E+00	4.419937659539276E-01	9.276326764096803E-01	4.348971485307828E-01
DCP:CapPR	0.000000000000000E+00	0.000000000000000E+00	0.000000000000000E+00	0.000000000000000E+00	0.000000000000000E+00	0.000000000000000E+00	0.000000000000000E+00	0.000000000000000E+00	0.000000000000000E+00	0.000000000000000E+00	0.000000000000000E+00	3.281709007261716E-01	5.822621570043633E-01	5.822668559853035E-01	4.419937659539276E-01	1.000000000000000E+00	4.349324812704910E-01	9.276121121451005E-01
DCP:QH_D_L	0.000000000000000E+00	0.000000000000000E+00	0.000000000000000E+00	0.000000000000000E+00	0.000000000000000E+00	0.000000000000000E+00	0.000000000000000E+00	0.000000000000000E+00	0.000000000000000E+00	0.000000000000000E+00	0.000000000000000E+00	3.231496366103507E-01	5.733924277153578E-01	5.733983303378398E-01	9.276326764096803E-01	4.349324812704910E-01	1.000000000000000E+00	4.279505099756166E-01
DCP:QH_D_R	0.000000000000000E+00	0.000000000000000E+00	0.000000000000000E+00	0.000000000000000E+00	0.000000000000000E+00	0.000000000000000E+00	0.000000000000000E+00	0.000000000000000E+00	0.000000000000000E+00	0.000000000000000E+00	0.000000000000000E+00	3.231562391561302E-01	5.733698482346785E-01	5.733744788331510E-01	4.348971485307828E-01	9.276121121451005E-01	4.279505099756166E-01	1.000000000000000E+00

AC Inductance Matrix
	AC:QH_S_L	AC:QH_S_R	AC:QL_D_L	AC:QL_D_R	DCN:CapB1N	DCN:CapB2N	DCN:CapB3N	DCN:CapNL	DCN:CapNR	DCN:QL_S_L	DCN:QL_S_R	DCP:CapB1P	DCP:CapB2P	DCP:CapB3P	DCP:CapPL	DCP:CapPR	DCP:QH_D_L	DCP:QH_D_R	
AC:QH_S_L	1.212742590628523E+00	3.951794333290649E-01	1.146594191924695E+00	3.682413088225558E-01	7.754528926384190E-05	-2.267599404578301E-04	-7.363716280996159E-03	1.188335729787629E-03	-2.154510997786633E-02	-9.772121006018246E-02	-1.802804425564054E-01	-6.543877886498183E-04	-8.297673794068991E-03	-8.698332212420459E-03	3.957396555302550E-02	-8.741626627409729E-02	4.861195659814887E-02	-1.074918960772540E-01
AC:QH_S_R	3.951794333290647E-01	1.214285992279163E+00	3.681595850341758E-01	1.148185220881766E+00	7.323600242471101E-05	-2.300273915908105E-04	-7.392920034584694E-03	-2.162153880048254E-02	1.144185374402025E-03	-1.810164715724585E-01	-9.770518204149899E-02	-6.534824790250048E-04	-8.280174142513344E-03	-8.681657437963782E-03	-8.756613031103369E-02	3.972402337739359E-02	-1.079038018815796E-01	4.879950601346758E-02
AC:QL_D_L	1.146594191924695E+00	3.681595850341758E-01	1.168343334371952E+00	3.442167402537088E-01	-9.805129651920482E-05	-3.599849758528702E-04	-5.743044881757958E-03	1.478355291590976E-03	-1.809455685968156E-02	-1.652635054343429E-02	-1.611108400608587E-01	-2.775027750229831E-04	-6.203320939249227E-03	-6.692197792259426E-03	4.462746206325872E-02	-7.934029765878402E-02	5.217508203753320E-02	-9.670526769374546E-02
AC:QL_D_R	3.682413088225560E-01	1.148185220881766E+00	3.442167402537087E-01	1.169943703766235E+00	-9.819225668057049E-05	-3.651136062532929E-04	-5.776541270999662E-03	-1.817100599295832E-02	1.419045350419874E-03	-1.618408328439704E-01	-1.651888392344332E-02	-2.747548329397317E-04	-6.192278703614334E-03	-6.677372846926041E-03	-7.951425695508588E-02	4.471971237850058E-02	-9.710795717787646E-02	5.226328523526790E-02
DCN:CapB1N	7.754528926382842E-05	7.323600242470940E-05	-9.805129651919628E-05	-9.819225668054550E-05	3.770291801642259E-02	3.387396846422693E-02	3.191145342527090E-02	3.148533912286405E-02	3.148515201408231E-02	3.120478063824127E-02	3.121613855945249E-02	3.401754482997663E-03	2.602400712259153E-03	2.364421147275601E-03	-3.488946159599040E-04	-3.533796014250886E-04	-2.485345115942814E-04	-2.469661824172018E-04
DCN:CapB2N	-2.267599404578939E-04	-2.300273915907110E-04	-3.599849758528389E-04	-3.651136062533983E-04	3.387396846422711E-02	3.699128655240075E-02	3.533766587338784E-02	3.546534048437511E-02	3.547196745113440E-02	3.564725360220990E-02	3.565363458723557E-02	2.357971670430335E-03	8.431553590784195E-03	8.061696933959429E-03	7.750809685735856E-03	7.749883849913452E-03	8.296747114411531E-03	8.298026221153942E-03
DCN:CapB3N	-7.363716280996123E-03	-7.392920034584752E-03	-5.743044881757971E-03	-5.776541270999585E-03	3.191145342527080E-02	3.533766587338739E-02	1.951945409857559E-01	1.987083646424465E-01	1.986886743252945E-01	2.083374035981428E-01	2.083042267730243E-01	1.941563930025146E-03	7.701573782619837E-02	8.688871871621190E-02	1.594420109037613E-01	1.594378941521493E-01	1.610662851069513E-01	1.610466841295195E-01
DCN:CapNL	1.188335729787677E-03	-2.162153880048253E-02	1.478355291590920E-03	-1.817100599295834E-02	3.148533912286405E-02	3.546534048437521E-02	1.987083646424465E-01	2.524244103142517E-01	2.048548621203849E-01	2.594273002408594E-01	2.255420600754767E-01	2.067355804395317E-03	7.853125666639159E-02	8.819161683563234E-02	2.040559271201790E-01	1.712572511947567E-01	2.053616329937524E-01	1.748077401500378E-01
DCN:CapNR	-2.154510997786640E-02	1.144185374402049E-03	-1.809455685968152E-02	1.419045350419913E-03	3.148515201408224E-02	3.547196745113467E-02	1.986886743252942E-01	2.048548621203850E-01	2.523342021657775E-01	2.255906034833668E-01	2.593487380276431E-01	2.066810785089285E-03	7.853385881634586E-02	8.819074254992179E-02	1.712646803230512E-01	2.040358782568160E-01	1.748602683495569E-01	2.053475409105886E-01
DCN:QL_S_L	-9.772121006018249E-02	-1.810164715724586E-01	-1.652635054343433E-02	-1.618408328439705E-01	3.120478063824125E-02	3.564725360220988E-02	2.083374035981429E-01	2.594273002408594E-01	2.255906034833669E-01	7.878430359409893E-01	3.489997971323080E-01	2.969800814570332E-03	9.171924850403985E-02	1.021510920182941E-01	2.955787757209479E-01	2.285329733004610E-01	3.599118598041193E-01	2.456927392404368E-01
DCN:QL_S_R	-1.802804425564054E-01	-9.770518204149899E-02	-1.611108400608587E-01	-1.651888392344328E-02	3.121613855945250E-02	3.565363458723553E-02	2.083042267730243E-01	2.255420600754766E-01	2.593487380276432E-01	3.489997971323077E-01	7.870105663450535E-01	2.969669681847183E-03	9.170937690716208E-02	1.021371676870251E-01	2.284307297489161E-01	2.953802848112634E-01	2.457537506964110E-01	3.591126510641563E-01
DCP:CapB1P	-6.543877886497444E-04	-6.534824790251127E-04	-2.775027750230354E-04	-2.747548329396680E-04	3.401754482997470E-03	2.357971670430386E-03	1.941563930024797E-03	2.067355804395566E-03	2.066810785089520E-03	2.969800814570409E-03	2.969669681847243E-03	8.468515850751983E-02	7.431729161055198E-02	7.449101027325730E-02	7.748729351601968E-02	7.749076184967403E-02	7.716371509477347E-02	7.716315658767420E-02
DCP:CapB2P	-8.297673794068986E-03	-8.280174142513161E-03	-6.203320939249220E-03	-6.192278703614492E-03	2.602400712259475E-03	8.431553590784503E-03	7.701573782619883E-02	7.853125666639132E-02	7.853385881634539E-02	9.171924850403985E-02	9.170937690716223E-02	7.431729161055173E-02	5.613523325935686E-01	5.622881798439732E-01	5.832770470505987E-01	5.833113746974037E-01	5.838823936659205E-01	5.839057293815180E-01
DCP:CapB3P	-8.698332212420510E-03	-8.681657437963900E-03	-6.692197792259433E-03	-6.677372846925875E-03	2.364421147275450E-03	8.061696933959119E-03	8.688871871621155E-02	8.819161683563231E-02	8.819074254992237E-02	1.021510920182942E-01	1.021371676870250E-01	7.449101027325761E-02	5.622881798439734E-01	5.703850228292826E-01	5.930104877307172E-01	5.930421338326075E-01	5.937686076387153E-01	5.937905655297272E-01
DCP:CapPL	3.957396555302563E-02	-8.756613031103369E-02	4.462746206325865E-02	-7.951425695508578E-02	-3.488946159599513E-04	7.750809685736072E-03	1.594420109037610E-01	2.040559271201788E-01	1.712646803230514E-01	2.955787757209478E-01	2.284307297489160E-01	7.748729351601932E-02	5.832770470505991E-01	5.930104877307170E-01	1.388948664163612E+00	8.118409565415989E-01	1.392752282560276E+00	8.211952861248631E-01
DCP:CapPR	-8.741626627409727E-02	3.972402337739360E-02	-7.934029765878400E-02	4.471971237850068E-02	-3.533796014251627E-04	7.749883849914064E-03	1.594378941521488E-01	1.712572511947569E-01	2.040358782568157E-01	2.285329733004610E-01	2.953802848112635E-01	7.749076184967346E-02	5.833113746974052E-01	5.930421338326070E-01	8.118409565415989E-01	1.389064180450640E+00	8.213028696699975E-01	1.392741025539877E+00
DCP:QH_D_L	4.861195659814885E-02	-1.079038018815796E-01	5.217508203753330E-02	-9.710795717787643E-02	-2.485345115942884E-04	8.296747114411184E-03	1.610662851069512E-01	2.053616329937524E-01	1.748602683495568E-01	3.599118598041190E-01	2.457537506964109E-01	7.716371509477384E-02	5.838823936659197E-01	5.937686076387155E-01	1.392752282560275E+00	8.213028696699975E-01	1.465794148469735E+00	8.327309386202429E-01
DCP:QH_D_R	-1.074918960772540E-01	4.879950601346756E-02	-9.670526769374552E-02	5.226328523526788E-02	-2.469661824171746E-04	8.298026221153228E-03	1.610466841295199E-01	1.748077401500376E-01	2.053475409105888E-01	2.456927392404367E-01	3.591126510641563E-01	7.716315658767485E-02	5.839057293815163E-01	5.937905655297279E-01	8.211952861248634E-01	1.392741025539877E+00	8.327309386202434E-01	1.465255602987526E+00

AC Inductance Matrix Coupling Coefficient
	AC:QH_S_L	AC:QH_S_R	AC:QL_D_L	AC:QL_D_R	DCN:CapB1N	DCN:CapB2N	DCN:CapB3N	DCN:CapNL	DCN:CapNR	DCN:QL_S_L	DCN:QL_S_R	DCP:CapB1P	DCP:CapB2P	DCP:CapB3P	DCP:CapPL	DCP:CapPR	DCP:QH_D_L	DCP:QH_D_R	
AC:QH_S_L	1.000000000000000E+00	3.256488333238950E-01	9.632525779124086E-01	3.091474782352369E-01	3.626466112195719E-04	1.070612478949476E-03	1.513487708708964E-02	2.147776890254361E-03	3.894720892490024E-02	9.997344801999473E-02	1.845329901026913E-01	2.041959946945587E-03	1.005667178893761E-02	1.045845709030921E-02	3.049173658063362E-02	6.735142390966786E-02	3.646047268593371E-02	8.063706521336558E-02
AC:QH_S_R	3.256488333238948E-01	1.000000000000000E+00	3.090938589826196E-01	9.633164523781512E-01	3.422761639180576E-04	1.085348834055743E-03	1.518524077207003E-02	3.905354225546463E-02	2.067035043215421E-03	1.850707361501613E-01	9.994632366922367E-02	2.037838687902428E-03	1.002908269410845E-02	1.043177223452430E-02	6.742680297242903E-02	3.058662651339450E-02	8.087974298347972E-02	3.658459383444931E-02
AC:QL_D_L	9.632525779124086E-01	3.090938589826195E-01	1.000000000000000E+00	2.944179352322462E-01	4.671760993251207E-04	1.731607327560343E-03	1.202605356588615E-02	2.722249347420185E-03	3.332534460134979E-02	1.722550121720079E-02	1.680154571531396E-01	8.822231210601529E-04	7.659867235753731E-03	8.197840591137814E-03	3.503271933019101E-02	6.227983118388967E-02	3.986955663828128E-02	7.391084943051028E-02
AC:QL_D_R	3.091474782352370E-01	9.633164523781512E-01	2.944179352322461E-01	1.000000000000000E+00	4.675276247622929E-04	1.755075554349556E-03	1.208791964896261E-02	3.343727016150837E-02	2.611714695281242E-03	1.685721291384071E-01	1.721503609257185E-02	8.728893721176896E-04	7.641000830233322E-03	8.174083839706617E-03	6.237627349533523E-02	3.507965901148475E-02	7.415421538393890E-02	3.991696636342060E-02
DCN:CapB1N	3.626466112195088E-04	3.422761639180501E-04	4.671760993250801E-04	4.675276247621739E-04	1.000000000000000E+00	9.070450944283018E-01	3.719848642710142E-01	3.227418011108263E-01	3.227975668937250E-01	1.810563670423238E-01	1.812180347453856E-01	6.020212644346493E-02	1.788829389429341E-02	1.612327630268904E-02	1.524627287848605E-03	1.544161920856151E-03	1.057213572278952E-03	1.050735271969074E-03
DCN:CapB2N	1.070612478949777E-03	1.085348834055274E-03	1.731607327560192E-03	1.755075554350063E-03	9.070450944283068E-01	1.000000000000000E+00	4.158668550855934E-01	3.670191628711274E-01	3.671533532782650E-01	2.088125069460544E-01	2.089603126324331E-01	4.212939403165336E-02	5.851135031138982E-02	5.549996289357497E-02	3.419434254394101E-02	3.418883634111282E-02	3.563047753557805E-02	3.564251896126312E-02
DCN:CapB3N	1.513487708708956E-02	1.518524077207015E-02	1.202605356588618E-02	1.208791964896245E-02	3.719848642710130E-01	4.158668550855882E-01	1.000000000000000E+00	8.951929229637678E-01	8.952642001465771E-01	5.312678846754660E-01	5.314641409784686E-01	1.510129560946804E-02	2.326632984769387E-01	2.604027118095361E-01	3.062145566649951E-01	3.061939177584040E-01	3.011163354502696E-01	3.011350159585682E-01
DCN:CapNL	2.147776890254447E-03	3.905354225546462E-02	2.722249347420081E-03	3.343727016150841E-02	3.227418011108262E-01	3.670191628711285E-01	8.951929229637678E-01	1.000000000000000E+00	8.116943835205607E-01	5.817416397393567E-01	5.060245485822362E-01	1.413988574381193E-02	2.086215203972204E-01	2.324221813518366E-01	3.446199710771100E-01	2.892158816593686E-01	3.376114304941626E-01	2.874340987504937E-01
DCN:CapNR	3.894720892490036E-02	2.067035043215465E-03	3.332534460134971E-02	2.611714695281313E-03	3.227975668937244E-01	3.671533532782678E-01	8.952642001465762E-01	8.116943835205609E-01	1.000000000000000E+00	5.059564022479439E-01	5.819769677690374E-01	1.413868460527221E-02	2.086657215666237E-01	2.324614179682793E-01	2.892921512213245E-01	3.446333689373973E-01	2.875190260711505E-01	3.377106455522810E-01
DCN:QL_S_L	9.997344801999476E-02	1.850707361501615E-01	1.722550121720083E-02	1.685721291384072E-01	1.810563670423236E-01	2.088125069460543E-01	5.312678846754663E-01	5.817416397393567E-01	5.059564022479441E-01	1.000000000000000E+00	4.432156047830110E-01	1.149751062087215E-02	1.379186100514405E-01	1.523839078715732E-01	2.825597505709670E-01	2.184579548510926E-01	3.349190230382202E-01	2.286734672090584E-01
DCN:QL_S_R	1.845329901026913E-01	9.994632366922367E-02	1.680154571531396E-01	1.721503609257180E-02	1.812180347453857E-01	2.089603126324329E-01	5.314641409784686E-01	5.060245485822361E-01	5.819769677690375E-01	4.432156047830107E-01	1.000000000000000E+00	1.150308188108340E-02	1.379766814717047E-01	1.524436968915816E-01	2.184847596994301E-01	2.825075554051587E-01	2.288091466211787E-01	3.344134436369677E-01
DCP:CapB1P	2.041959946945357E-03	2.037838687902764E-03	8.822231210603192E-04	8.728893721174874E-04	6.020212644346152E-02	4.212939403165426E-02	1.510129560946532E-02	1.413988574381363E-02	1.413868460527381E-02	1.149751062087245E-02	1.150308188108363E-02	1.000000000000000E+00	3.408540478214002E-01	3.389347946979789E-01	2.259351191431204E-01	2.259358368689058E-01	2.190145585574802E-01	2.190532180640210E-01
DCP:CapB2P	1.005667178893761E-02	1.002908269410823E-02	7.659867235753721E-03	7.641000830233517E-03	1.788829389429562E-02	5.851135031139195E-02	2.326632984769400E-01	2.086215203972197E-01	2.086657215666225E-01	1.379186100514405E-01	1.379766814717049E-01	3.408540478213991E-01	1.000000000000000E+00	9.937042141944253E-01	6.605626646854548E-01	6.605740720386524E-01	6.436816406041574E-01	6.438256507137963E-01
DCP:CapB3P	1.045845709030927E-02	1.043177223452444E-02	8.197840591137821E-03	8.174083839706414E-03	1.612327630268802E-02	5.549996289357283E-02	2.604027118095351E-01	2.324221813518365E-01	2.324614179682808E-01	1.523839078715734E-01	1.524436968915816E-01	3.389347946979803E-01	9.937042141944257E-01	1.000000000000000E+00	6.662469291910734E-01	6.662547785559343E-01	6.493766739111257E-01	6.495200188248499E-01
DCP:CapPL	3.049173658063372E-02	6.742680297242903E-02	3.503271933019095E-02	6.237627349533516E-02	1.524627287848812E-03	3.419434254394196E-02	3.062145566649946E-01	3.446199710771096E-01	2.892921512213248E-01	2.825597505709669E-01	2.184847596994300E-01	2.259351191431193E-01	6.605626646854553E-01	6.662469291910732E-01	1.000000000000000E+00	5.844760284801367E-01	9.760999485132652E-01	5.756342881465419E-01
DCP:CapPR	6.735142390966782E-02	3.058662651339451E-02	6.227983118388965E-02	3.507965901148483E-02	1.544161920856475E-03	3.418883634111552E-02	3.061939177584032E-01	2.892158816593690E-01	3.446333689373968E-01	2.184579548510926E-01	2.825075554051588E-01	2.259358368689042E-01	6.605740720386541E-01	6.662547785559336E-01	5.844760284801367E-01	1.000000000000000E+00	5.755799965709752E-01	9.762308260744195E-01
DCP:QH_D_L	3.646047268593369E-02	8.087974298347968E-02	3.986955663828137E-02	7.415421538393889E-02	1.057213572278982E-03	3.563047753557656E-02	3.011163354502695E-01	3.376114304941626E-01	2.875190260711503E-01	3.349190230382199E-01	2.288091466211786E-01	2.190145585574813E-01	6.436816406041564E-01	6.493766739111260E-01	9.760999485132650E-01	5.755799965709754E-01	1.000000000000000E+00	5.682134547614504E-01
DCP:QH_D_R	8.063706521336557E-02	3.658459383444930E-02	7.391084943051031E-02	3.991696636342058E-02	1.050735271968958E-03	3.564251896126005E-02	3.011350159585689E-01	2.874340987504934E-01	3.377106455522813E-01	2.286734672090583E-01	3.344134436369677E-01	2.190532180640228E-01	6.438256507137945E-01	6.495200188248507E-01	5.756342881465421E-01	9.762308260744195E-01	5.682134547614507E-01	1.000000000000000E+00

AC Resistance Matrix
	AC:QH_S_L	AC:QH_S_R	AC:QL_D_L	AC:QL_D_R	DCN:CapB1N	DCN:CapB2N	DCN:CapB3N	DCN:CapNL	DCN:CapNR	DCN:QL_S_L	DCN:QL_S_R	DCP:CapB1P	DCP:CapB2P	DCP:CapB3P	DCP:CapPL	DCP:CapPR	DCP:QH_D_L	DCP:QH_D_R	
AC:QH_S_L	8.175225992439797E-04	8.198827224569834E-05	7.522868357843208E-04	7.066608587372202E-05	-7.657128908393691E-07	-3.695318853108754E-07	-1.173316640628216E-05	-1.108390177985350E-05	-1.713807882964914E-05	-1.398470992468111E-04	-2.169025414033452E-04	-1.527388073785594E-06	-1.237492260351728E-05	-1.220289960155075E-05	-3.709397741876178E-05	-3.971374347088296E-05	-3.736684248720677E-05	-4.742576590882291E-05
AC:QH_S_R	8.198827224569685E-05	8.201792810906854E-04	7.058959015646097E-05	7.548068309580204E-04	-7.773999622802036E-07	-3.582861976305066E-07	-1.196007775800763E-05	-1.764952383062348E-05	-1.132847353169586E-05	-2.195138881034942E-04	-1.401325286173123E-04	-1.501490175309517E-06	-1.252597176670951E-05	-1.237521058824650E-05	-4.057953267535287E-05	-3.695994307402455E-05	-4.838043703645970E-05	-3.709604943789020E-05
AC:QL_D_L	7.522868357843205E-04	7.058959015646035E-05	7.673873041031530E-04	5.892200053770776E-05	1.037867754609650E-06	9.615358859597134E-07	-7.643551259703976E-06	-8.605413036437395E-06	-1.194097807660774E-05	-7.967169884378943E-05	-1.950516682387091E-04	5.691647147020930E-07	-8.466509105575158E-06	-8.993714534221477E-06	-2.391289837073410E-05	-3.520370967193069E-05	-3.374114725590169E-05	-3.983749136122768E-05
AC:QL_D_R	7.066608587372231E-05	7.548068309580203E-04	5.892200053770722E-05	7.698028989630044E-04	1.070362146810240E-06	9.798218820879795E-07	-7.796771843854604E-06	-1.234710274501064E-05	-8.768108038152278E-06	-1.976424303048676E-04	-8.006446407854358E-05	5.705881553814575E-07	-8.637188214734582E-06	-9.168306236595836E-06	-3.611507443884685E-05	-2.372755153269059E-05	-4.077311932708136E-05	-3.352815372213393E-05
DCN:CapB1N	-7.657128908396427E-07	-7.773999622801774E-07	1.037867754609815E-06	1.070362146810265E-06	7.069084479510387E-05	5.905178453724980E-05	5.819246411788254E-05	4.996170375859866E-05	4.989602907047606E-05	5.222300620411654E-05	5.225126249938406E-05	6.871120019116975E-06	5.725374937439511E-06	4.957711238914457E-06	-1.195807472690688E-05	-1.199004330737347E-05	-1.778648999972538E-05	-1.779891272238962E-05
DCN:CapB2N	-3.695318853104490E-07	-3.582861976307429E-07	9.615358859593026E-07	9.798218820879549E-07	5.905178453724925E-05	6.134275243585663E-05	5.788539618235647E-05	5.106039840426795E-05	5.101377908623473E-05	5.452197304355604E-05	5.453939201012243E-05	1.727942468213005E-06	1.820835491013328E-05	1.657115492296449E-05	6.460011941546765E-06	6.452791450940562E-06	3.390583091159132E-06	3.408068391773412E-06
DCN:CapB3N	-1.173316640628225E-05	-1.196007775800740E-05	-7.643551259703912E-06	-7.796771843854426E-06	5.819246411788203E-05	5.788539618235856E-05	3.250828965834962E-04	3.236906741916602E-04	3.234331392562134E-04	3.509845072932878E-04	3.506909748322050E-04	-5.924931534926273E-06	1.012501905625461E-04	1.147785335693685E-04	2.262761241916520E-04	2.261416077840527E-04	2.255731302108834E-04	2.254941950981184E-04
DCN:CapNL	-1.108390177985288E-05	-1.764952383062334E-05	-8.605413036437266E-06	-1.234710274501071E-05	4.996170375859902E-05	5.106039840426654E-05	3.236906741916602E-04	3.769229910163150E-04	3.331444475561084E-04	3.855005258464999E-04	3.710984834988622E-04	-1.153657680086126E-06	9.577397469022509E-05	1.088433887801539E-04	2.793265853066020E-04	2.422527028654400E-04	2.791973347986004E-04	2.469909962394290E-04
DCN:CapNR	-1.713807882964917E-05	-1.132847353169598E-05	-1.194097807660847E-05	-8.768108038152180E-06	4.989602907047633E-05	5.101377908623379E-05	3.234331392562125E-04	3.331444475561087E-04	3.763528780001507E-04	3.712300811926350E-04	3.845770368741735E-04	-1.118609270657372E-06	9.567453908863184E-05	1.087253825758350E-04	2.422073171177788E-04	2.787982031799593E-04	2.469352530607907E-04	2.787800114758217E-04
DCN:QL_S_L	-1.398470992468108E-04	-2.195138881034937E-04	-7.967169884378968E-05	-1.976424303048679E-04	5.222300620411697E-05	5.452197304355589E-05	3.509845072932878E-04	3.855005258465003E-04	3.712300811926357E-04	1.306332147228180E-03	6.520962709104616E-04	1.959445515501584E-06	1.247520764792168E-04	1.385698957083830E-04	4.275615185797120E-04	3.360926458715822E-04	4.720311761352145E-04	3.560876339932881E-04
DCN:QL_S_R	-2.169025414033452E-04	-1.401325286173117E-04	-1.950516682387092E-04	-8.006446407854411E-05	5.225126249938433E-05	5.453939201012204E-05	3.506909748322053E-04	3.710984834988622E-04	3.845770368741734E-04	6.520962709104607E-04	1.302593546691340E-03	1.962722492511985E-06	1.245877289800107E-04	1.383692794225655E-04	3.356213208495775E-04	4.269184468618166E-04	3.557119888689363E-04	4.712462101721159E-04
DCP:CapB1P	-1.527388073786149E-06	-1.501490175309632E-06	5.691647147022980E-07	5.705881553814482E-07	6.871120019117653E-06	1.727942468212509E-06	-5.924931534925607E-06	-1.153657680086658E-06	-1.118609270657562E-06	1.959445515502057E-06	1.962722492512063E-06	1.170378282865581E-04	1.008355626862789E-04	1.018732632491565E-04	1.154121228729072E-04	1.154617650519797E-04	1.175705466117035E-04	1.175991674091433E-04
DCP:CapB2P	-1.237492260351748E-05	-1.252597176671030E-05	-8.466509105575375E-06	-8.637188214734455E-06	5.725374937436865E-06	1.820835491013252E-05	1.012501905625391E-04	9.577397469023131E-05	9.567453908863507E-05	1.247520764792156E-04	1.245877289800112E-04	1.008355626862812E-04	4.303815511832080E-04	4.306932871213996E-04	4.632833767382183E-04	4.631631174826231E-04	4.583821814445799E-04	4.582401005985099E-04
DCP:CapB3P	-1.220289960155140E-05	-1.237521058824652E-05	-8.993714534221486E-06	-9.168306236595941E-06	4.957711238917384E-06	1.657115492296570E-05	1.147785335693755E-04	1.088433887801499E-04	1.087253825758333E-04	1.385698957083837E-04	1.383692794225661E-04	1.018732632491544E-04	4.306932871214004E-04	4.424141093469088E-04	4.798599446199423E-04	4.797275379205225E-04	4.758260701587442E-04	4.756912645105868E-04
DCP:CapPL	-3.709397741876414E-05	-4.057953267535231E-05	-2.391289837073179E-05	-3.611507443884737E-05	-1.195807472690575E-05	6.460011941545721E-06	2.262761241916518E-04	2.793265853066022E-04	2.422073171177790E-04	4.275615185797118E-04	3.356213208495772E-04	1.154121228729073E-04	4.632833767382122E-04	4.798599446199465E-04	1.089239916030537E-03	5.668200052600402E-04	1.093135533935677E-03	5.815886024127151E-04
DCP:CapPR	-3.971374347088180E-05	-3.695994307402407E-05	-3.520370967193169E-05	-2.372755153269092E-05	-1.199004330737152E-05	6.452791450936937E-06	2.261416077840554E-04	2.422527028654388E-04	2.787982031799576E-04	3.360926458715819E-04	4.269184468618173E-04	1.154617650519817E-04	4.631631174826042E-04	4.797275379205368E-04	5.668200052600400E-04	1.088554606513681E-03	5.816967511226849E-04	1.092634516281277E-03
DCP:QH_D_L	-3.736684248720430E-05	-4.838043703646014E-05	-3.374114725590333E-05	-4.077311932708084E-05	-1.778648999972637E-05	3.390583091159924E-06	2.255731302108823E-04	2.791973347985999E-04	2.469352530607915E-04	4.720311761352137E-04	3.557119888689363E-04	1.175705466117033E-04	4.583821814445850E-04	4.758260701587395E-04	1.093135533935675E-03	5.816967511226817E-04	1.181541300863130E-03	5.994921221987980E-04
DCP:QH_D_R	-4.742576590882376E-05	-3.709604943789069E-05	-3.983749136122663E-05	-3.352815372213355E-05	-1.779891272239154E-05	3.408068391776478E-06	2.254941950981149E-04	2.469909962394304E-04	2.787800114758239E-04	3.560876339932879E-04	4.712462101721161E-04	1.175991674091422E-04	4.582401005985275E-04	4.756912645105728E-04	5.815886024127149E-04	1.092634516281275E-03	5.994921221987971E-04	1.181560738832612E-03

AC Resistance Matrix Coupling Coefficient
	AC:QH_S_L	AC:QH_S_R	AC:QL_D_L	AC:QL_D_R	DCN:CapB1N	DCN:CapB2N	DCN:CapB3N	DCN:CapNL	DCN:CapNR	DCN:QL_S_L	DCN:QL_S_R	DCP:CapB1P	DCP:CapB2P	DCP:CapB3P	DCP:CapPL	DCP:CapPR	DCP:QH_D_L	DCP:QH_D_R	
AC:QH_S_L	1.000000000000000E+00	1.001261354193757E-01	9.497871155519371E-01	8.907818965258664E-02	3.185183733775889E-03	1.650138529555119E-03	2.275979186873837E-02	1.996716794276200E-02	3.089688041183555E-02	1.353246061639087E-01	2.101891509992130E-01	4.937832848286695E-03	2.086247285826249E-02	2.029077664143129E-02	3.930897737456410E-02	4.209842350142049E-02	3.801999578283789E-02	4.825434711793571E-02
AC:QH_S_R	1.001261354193739E-01	1.000000000000000E+00	8.897724578121992E-02	9.499301097336438E-01	3.228557550100810E-03	1.597327804883527E-03	2.316234604749547E-02	3.174331519981235E-02	2.039010097439095E-02	2.120707624959224E-01	1.355751521409320E-01	4.846240586724836E-03	2.108289316980969E-02	2.054393898193495E-02	4.293296379235598E-02	3.911576124036714E-02	4.914631235817245E-02	3.768297990397261E-02
AC:QL_D_L	9.497871155519366E-01	8.897724578121913E-02	1.000000000000000E+00	7.666204633826650E-02	4.456081530944003E-03	4.431763365102000E-03	1.530350173539522E-02	1.600066751250987E-02	2.221953547869064E-02	7.957377573890201E-02	1.950913001711566E-01	1.899186156690218E-03	1.473228974296198E-02	1.543537941636928E-02	2.615550678078038E-02	3.851731592772879E-02	3.543464505394105E-02	4.183662588772889E-02
AC:QL_D_R	8.907818965258700E-02	9.499301097336437E-01	7.666204633826579E-02	1.000000000000000E+00	4.588380072486323E-03	4.508953262854212E-03	1.558576035081179E-02	2.292181360362889E-02	1.628990308650550E-02	1.970895542159076E-01	7.995498916024874E-02	1.900946322043968E-03	1.500568374371957E-02	1.571031364270758E-02	3.944000571634405E-02	2.592018185363055E-02	4.275232259992066E-02	3.515538367343256E-02
DCN:CapB1N	3.185183733777027E-03	3.228557550100701E-03	4.456081530944712E-03	4.588380072486431E-03	1.000000000000000E+00	8.967467496425455E-01	3.838734723914687E-01	3.060760441413793E-01	3.059051422128550E-01	1.718515585441363E-01	1.721911162314416E-01	7.554101594894543E-02	3.282430379404239E-02	2.803400570738633E-02	4.309410873614838E-02	4.322291530466778E-02	6.154378654140234E-02	6.158626434262848E-02
DCN:CapB2N	1.650138529553215E-03	1.597327804884580E-03	4.431763365100106E-03	4.508953262854099E-03	8.967467496425371E-01	1.000000000000000E+00	4.099117055018562E-01	3.357965697174116E-01	3.357439897735361E-01	1.926030353277711E-01	1.929408563275003E-01	2.039315977752729E-02	1.120630032552162E-01	1.005904297743146E-01	2.499136154500944E-02	2.497128491792605E-02	1.259413397463050E-02	1.265897803150728E-02
DCN:CapB3N	2.275979186873855E-02	2.316234604749503E-02	1.530350173539509E-02	1.558576035081143E-02	3.838734723914653E-01	4.099117055018711E-01	1.000000000000000E+00	9.247126790293888E-01	9.246765307700405E-01	5.385971849818868E-01	5.389184695310987E-01	3.037547993686601E-02	2.706898463820142E-01	3.026558877815049E-01	3.802593459263299E-01	3.801528976206632E-01	3.639702208991452E-01	3.638398634846500E-01
DCN:CapNL	1.996716794276087E-02	3.174331519981209E-02	1.600066751250964E-02	2.292181360362903E-02	3.060760441413816E-01	3.357965697174023E-01	9.247126790293887E-01	1.000000000000000E+00	8.845220102591880E-01	5.493787453576560E-01	5.296127161621061E-01	5.492720748577162E-03	2.377904308124704E-01	2.665393019623711E-01	4.359374544279730E-01	3.781962400900710E-01	4.183699665299610E-01	3.701065589516159E-01
DCN:CapNR	3.089688041183561E-02	2.039010097439117E-02	2.221953547869199E-02	1.628990308650531E-02	3.059051422128567E-01	3.357439897735299E-01	9.246765307700381E-01	8.845220102591885E-01	1.000000000000000E+00	5.294424169286950E-01	5.492641666130518E-01	5.329882885187842E-03	2.377234009016746E-01	2.664519109734071E-01	3.782926160908198E-01	4.355793071276881E-01	3.703062320238382E-01	4.180574671864736E-01
DCN:QL_S_L	1.353246061639084E-01	2.120707624959219E-01	7.957377573890226E-02	1.970895542159079E-01	1.718515585441377E-01	1.926030353277706E-01	5.385971849818868E-01	5.493787453576566E-01	5.294424169286959E-01	1.000000000000000E+00	4.998969054359400E-01	5.011217555137022E-03	1.663773308156394E-01	1.822752062936727E-01	3.584346857000823E-01	2.818428958636599E-01	3.799438530156634E-01	2.866170745588502E-01
DCN:QL_S_R	2.101891509992130E-01	1.355751521409315E-01	1.950913001711567E-01	7.995498916024926E-02	1.721911162314425E-01	1.929408563274989E-01	5.389184695310991E-01	5.296127161621061E-01	5.492641666130518E-01	4.998969054359393E-01	1.000000000000000E+00	5.026796581147778E-03	1.663964226116601E-01	1.822723251637958E-01	2.817625746697483E-01	3.585216196092010E-01	2.867276585268223E-01	3.798528450695871E-01
DCP:CapB1P	4.937832848288489E-03	4.846240586725205E-03	1.899186156690902E-03	1.900946322043937E-03	7.554101594895286E-02	2.039315977752144E-02	3.037547993686260E-02	5.492720748579694E-03	5.329882885188747E-03	5.011217555138231E-03	5.026796581147977E-03	1.000000000000000E+00	4.492869203242384E-01	4.476953732487858E-01	3.232410643767207E-01	3.234818773859836E-01	3.161629364335543E-01	3.162373003314757E-01
DCP:CapB2P	2.086247285826282E-02	2.108289316981102E-02	1.473228974296236E-02	1.500568374371935E-02	3.282430379402722E-02	1.120630032552116E-01	2.706898463819956E-01	2.377904308124859E-01	2.377234009016826E-01	1.663773308156377E-01	1.663964226116608E-01	4.492869203242486E-01	1.000000000000000E+00	9.870219141177278E-01	6.766407047243459E-01	6.766779659837887E-01	6.428008617543670E-01	6.425963324381784E-01
DCP:CapB3P	2.029077664143238E-02	2.054393898193498E-02	1.543537941636929E-02	1.571031364270776E-02	2.803400570740289E-02	1.005904297743219E-01	3.026558877815234E-01	2.665393019623614E-01	2.664519109734029E-01	1.822752062936737E-01	1.822723251637965E-01	4.476953732487762E-01	9.870219141177297E-01	1.000000000000000E+00	6.912549290395991E-01	6.912816912543789E-01	6.581263737390680E-01	6.579345088967331E-01
DCP:CapPL	3.930897737456660E-02	4.293296379235539E-02	2.615550678077786E-02	3.944000571634462E-02	4.309410873614430E-02	2.499136154500541E-02	3.802593459263295E-01	4.359374544279734E-01	3.782926160908200E-01	3.584346857000821E-01	2.817625746697480E-01	3.232410643767211E-01	6.766407047243371E-01	6.912549290396049E-01	1.000000000000000E+00	5.205450077651922E-01	9.635800158440659E-01	5.126560501010647E-01
DCP:CapPR	4.209842350141926E-02	3.911576124036664E-02	3.851731592772988E-02	2.592018185363091E-02	4.322291530466075E-02	2.497128491791202E-02	3.801528976206677E-01	3.781962400900692E-01	4.355793071276854E-01	2.818428958636596E-01	3.585216196092016E-01	3.234818773859891E-01	6.766779659837612E-01	6.912816912543995E-01	5.205450077651920E-01	1.000000000000000E+00	5.129169778371667E-01	9.634335811924316E-01
DCP:QH_D_L	3.801999578283537E-02	4.914631235817289E-02	3.543464505394276E-02	4.275232259992012E-02	6.154378654140576E-02	1.259413397463344E-02	3.639702208991434E-01	4.183699665299603E-01	3.703062320238394E-01	3.799438530156627E-01	2.867276585268222E-01	3.161629364335536E-01	6.428008617543743E-01	6.581263737390616E-01	9.635800158440648E-01	5.129169778371638E-01	1.000000000000000E+00	5.073772627239286E-01
DCP:QH_D_R	4.825434711793659E-02	3.768297990397311E-02	4.183662588772778E-02	3.515538367343216E-02	6.158626434263511E-02	1.265897803151867E-02	3.638398634846442E-01	3.701065589516180E-01	4.180574671864770E-01	2.866170745588500E-01	3.798528450695873E-01	3.162373003314726E-01	6.425963324382030E-01	6.579345088967138E-01	5.126560501010647E-01	9.634335811924296E-01	5.073772627239277E-01	1.000000000000000E+00

