Design Variation:  h_23='1.2mm' h_34='0.10000000000000001mm' h_diel='0.10000000000000001mm' r_anti='0.34999999999999998mm' t_L1='0.070000000000000007mm' t_L2='0.070000000000000007mm' t_L3='0.070000000000000007mm' t_L4='0.070000000000000007mm' t_pad='0.035000000000000003mm' via_r='0.14999999999999999mm' z_L1='0.17000000000000001mm' z_L3b='-1.2699999999999998mm' z_L3t='-1.2mm' z_L4b='-1.4399999999999999mm' z_L4t='-1.3699999999999999mm' z_top='0.24000000000000002mm'
Setup1:Sweep1
Problem Type:  DC RL, AC RL
R Units:ohm, L Units:nH
Reduce Matrix:  Original
Frequency:  50kHz

DC Inductance Matrix
	AC:QH_S_L	AC:QH_S_R	AC:QL_D_L	AC:QL_D_R	DCN:CapB1N	DCN:CapB2N	DCN:CapB3N	DCN:CapNL	DCN:CapNR	DCN:QL_S_L	DCN:QL_S_R	DCP:CapB1P	DCP:CapB2P	DCP:CapB3P	DCP:CapPL	DCP:CapPR	DCP:QH_D_L	DCP:QH_D_R	
AC:QH_S_L	2.616060046052188E+00	5.507061337262714E-01	2.325732313709410E+00	4.254552557118878E-01	1.436894410584490E-02	-1.423891776769946E-02	-3.298237319602008E-01	-3.857115001772160E-01	-4.425242114289178E-01	-1.105204720633256E+00	-1.660272498423622E+00	-2.307408127643835E-02	-2.777483469233012E-01	-3.142243200735677E-01	-4.674899195054016E-01	-8.404769308405093E-01	-5.914954385302269E-01	-9.320880503163694E-01
AC:QH_S_R	5.507061337262714E-01	2.607854417434932E+00	4.258574110693559E-01	2.316772245826313E+00	1.442398351164451E-02	-1.417719602672969E-02	-3.296236253990040E-01	-4.420579934257641E-01	-3.857027570462644E-01	-1.657585515981295E+00	-1.108122318905317E+00	-2.298404181186539E-02	-2.775844970104727E-01	-3.140496307062182E-01	-8.392366090678973E-01	-4.679434877698012E-01	-9.308772356493148E-01	-5.920900611408673E-01
AC:QL_D_L	2.325732313709410E+00	4.258574110693559E-01	2.224774331578053E+00	3.185334324495775E-01	1.152939691990505E-02	-1.027303059988345E-02	-2.482531214863168E-01	-2.791477667102878E-01	-3.443416842963421E-01	-6.242763261003815E-01	-1.382119912604517E+00	-1.708881796908541E-02	-2.099823720470943E-01	-2.375468265544434E-01	-2.886105549858606E-01	-6.923603611389764E-01	-3.661896607229181E-01	-7.684534970170481E-01
AC:QL_D_R	4.254552557118878E-01	2.316772245826313E+00	3.185334324495775E-01	2.215583663922452E+00	1.157908690589017E-02	-1.020678570615810E-02	-2.479345334252193E-01	-3.437399971463886E-01	-2.789720602821103E-01	-1.379026193494250E+00	-6.265140182355217E-01	-1.698685880563770E-02	-2.097332230892382E-01	-2.372745822016784E-01	-6.908941974325242E-01	-2.888573807541508E-01	-7.669815852396464E-01	-3.665335302584896E-01
DCN:CapB1N	1.436894410584490E-02	1.442398351164451E-02	1.152939691990505E-02	1.157908690589017E-02	1.152496782290188E-01	1.026900224817094E-01	5.669613769951823E-02	5.046057237218788E-02	5.046756072802659E-02	2.946098007442072E-02	2.949346539416656E-02	3.569424845152278E-02	-1.722546879902566E-04	-5.911347336558180E-03	-3.003135806895981E-02	-2.995040237344039E-02	-3.334872735201377E-02	-3.327646963522808E-02
DCN:CapB2N	-1.423891776769946E-02	-1.417719602672969E-02	-1.027303059988345E-02	-1.020678570615810E-02	1.026900224817094E-01	1.128982453199248E-01	1.415769650751525E-01	1.447804501058822E-01	1.447987070332291E-01	1.712946587783732E-01	1.713369867756707E-01	4.083499407187202E-02	9.319846075965192E-02	9.569543973212877E-02	1.152652762098883E-01	1.153410091271787E-01	1.197113541189828E-01	1.197783156105349E-01
DCN:CapB3N	-3.298237319602008E-01	-3.296236253990040E-01	-2.482531214863168E-01	-2.479345334252193E-01	5.669613769951823E-02	1.415769650751525E-01	1.115820002882194E+00	1.250266114216238E+00	1.250351987439570E+00	1.838061057536232E+00	1.838240296710670E+00	9.539629013035843E-02	7.929977083604034E-01	9.075652713196989E-01	1.524275547536790E+00	1.524255338641548E+00	1.623924473642010E+00	1.623873379433443E+00
DCN:CapNL	-3.857115001772160E-01	-4.420579934257641E-01	-2.791477667102878E-01	-3.437399971463886E-01	5.046057237218788E-02	1.447804501058822E-01	1.250266114216238E+00	1.517827931713311E+00	1.394978567384814E+00	2.276496973597894E+00	2.123967011701221E+00	1.021031947671087E-01	8.861806621608168E-01	1.015283987559125E+00	1.880368418652557E+00	1.690735066999155E+00	2.025567315762628E+00	1.807023789630547E+00
DCN:CapNR	-4.425242114289178E-01	-3.857027570462644E-01	-3.443416842963421E-01	-2.789720602821103E-01	5.046756072802659E-02	1.447987070332291E-01	1.250351987439570E+00	1.394978567384814E+00	1.518195484488156E+00	2.123939280255455E+00	2.277065907886919E+00	1.021379876511444E-01	8.862513416939594E-01	1.015365928692522E+00	1.690896045721438E+00	1.880548093673910E+00	1.807219108774164E+00	2.025756004332549E+00
DCN:QL_S_L	-1.105204720633256E+00	-1.657585515981295E+00	-6.242763261003815E-01	-1.379026193494250E+00	2.946098007442072E-02	1.712946587783732E-01	1.838061057536232E+00	2.276496973597894E+00	2.123939280255455E+00	5.458407180572558E+00	3.914985999856515E+00	1.431990076951580E-01	1.359631663279275E+00	1.552251211261804E+00	3.245539268048500E+00	2.726025045796838E+00	3.692170761159999E+00	3.016123753913461E+00
DCN:QL_S_R	-1.660272498423622E+00	-1.108122318905317E+00	-1.382119912604517E+00	-6.265140182355217E-01	2.949346539416656E-02	1.713369867756707E-01	1.838240296710670E+00	2.123967011701221E+00	2.277065907886919E+00	3.914985999856515E+00	5.458707853861087E+00	1.432956965003588E-01	1.359745199673968E+00	1.552373131439055E+00	2.726598882126225E+00	3.245679232487799E+00	3.016717726410326E+00	3.692248576523131E+00
DCP:CapB1P	-2.307408127643835E-02	-2.298404181186539E-02	-1.708881796908541E-02	-1.698685880563770E-02	3.569424845152278E-02	4.083499407187202E-02	9.539629013035843E-02	1.021031947671087E-01	1.021379876511444E-01	1.431990076951580E-01	1.432956965003588E-01	2.022628296834892E-01	2.500309622635710E-01	2.551282280932992E-01	2.896914163198758E-01	2.898540358825423E-01	2.963419629392916E-01	2.965035332919677E-01
DCP:CapB2P	-2.777483469233012E-01	-2.775844970104727E-01	-2.099823720470943E-01	-2.097332230892382E-01	-1.722546879902566E-04	9.319846075965192E-02	7.929977083604034E-01	8.861806621608168E-01	8.862513416939594E-01	1.359631663279275E+00	1.359745199673968E+00	2.500309622635710E-01	1.363137457482617E+00	1.436838686009960E+00	1.855556543666609E+00	1.855536833781156E+00	1.932886146587994E+00	1.932831856564874E+00
DCP:CapB3P	-3.142243200735677E-01	-3.140496307062182E-01	-2.375468265544434E-01	-2.372745822016784E-01	-5.911347336558180E-03	9.569543973212877E-02	9.075652713196989E-01	1.015283987559125E+00	1.015365928692522E+00	1.552251211261804E+00	1.552373131439055E+00	2.551282280932992E-01	1.436838686009960E+00	1.534756473903597E+00	2.016829265962245E+00	2.016787397667042E+00	2.104989116053956E+00	2.104911199864585E+00
DCP:CapPL	-4.674899195054016E-01	-8.392366090678973E-01	-2.886105549858606E-01	-6.908941974325242E-01	-3.003135806895981E-02	1.152652762098883E-01	1.524275547536790E+00	1.880368418652557E+00	1.690896045721438E+00	3.245539268048500E+00	2.726598882126225E+00	2.896914163198758E-01	1.855556543666609E+00	2.016829265962245E+00	4.031319463007873E+00	2.879196903055622E+00	4.256095636396783E+00	3.045682370894672E+00
DCP:CapPR	-8.404769308405093E-01	-4.679434877698012E-01	-6.923603611389764E-01	-2.888573807541508E-01	-2.995040237344039E-02	1.153410091271787E-01	1.524255338641548E+00	1.690735066999155E+00	1.880548093673910E+00	2.726025045796838E+00	3.245679232487799E+00	2.898540358825423E-01	1.855536833781156E+00	2.016787397667042E+00	2.879196903055622E+00	4.031092023801706E+00	3.045678002202070E+00	4.255774197378384E+00
DCP:QH_D_L	-5.914954385302269E-01	-9.308772356493148E-01	-3.661896607229181E-01	-7.669815852396464E-01	-3.334872735201377E-02	1.197113541189828E-01	1.623924473642010E+00	2.025567315762628E+00	1.807219108774164E+00	3.692170761159999E+00	3.016717726410326E+00	2.963419629392916E-01	1.932886146587994E+00	2.104989116053956E+00	4.256095636396783E+00	3.045678002202070E+00	4.639022126562501E+00	3.226698860259223E+00
DCP:QH_D_R	-9.320880503163694E-01	-5.920900611408673E-01	-7.684534970170481E-01	-3.665335302584896E-01	-3.327646963522808E-02	1.197783156105349E-01	1.623873379433443E+00	1.807023789630547E+00	2.025756004332549E+00	3.016123753913461E+00	3.692248576523131E+00	2.965035332919677E-01	1.932831856564874E+00	2.104911199864585E+00	3.045682370894672E+00	4.255774197378384E+00	3.226698860259223E+00	4.638694297394266E+00

DC Inductance Matrix Coupling Coefficient
	AC:QH_S_L	AC:QH_S_R	AC:QL_D_L	AC:QL_D_R	DCN:CapB1N	DCN:CapB2N	DCN:CapB3N	DCN:CapNL	DCN:CapNR	DCN:QL_S_L	DCN:QL_S_R	DCP:CapB1P	DCP:CapB2P	DCP:CapB3P	DCP:CapPL	DCP:CapPR	DCP:QH_D_L	DCP:QH_D_R	
AC:QH_S_L	1.000000000000000E+00	2.108406701413021E-01	9.640351971169729E-01	1.767201053391770E-01	2.616863927261209E-02	2.620049713487131E-02	1.930460750448728E-01	1.935652814679297E-01	2.220492625238166E-01	2.924730892754150E-01	4.393499629989397E-01	3.172068261982054E-02	1.470814161837780E-01	1.568181059492979E-01	1.439543486874358E-01	2.588156819667839E-01	1.697908661491274E-01	2.675686392764268E-01
AC:QH_S_R	2.108406701413021E-01	1.000000000000000E+00	1.767988986311451E-01	9.638236817507805E-01	2.631017185136526E-02	2.612793437552053E-02	1.932322401574875E-01	2.221909193904014E-01	1.938417062232954E-01	4.393405675382569E-01	2.936980780847317E-01	3.164657334228005E-02	1.472257277099435E-01	1.569773084507346E-01	2.588326989908561E-01	1.443246057213151E-01	2.676316774812523E-01	1.702347523262147E-01
AC:QL_D_L	9.640351971169729E-01	1.767988986311451E-01	1.000000000000000E+00	1.434722673652941E-01	2.276898900781453E-02	2.049802427334401E-02	1.575631534167246E-01	1.519077407597187E-01	1.873625416416788E-01	1.791434437031808E-01	3.966046625417722E-01	2.547481282240491E-02	1.205785421778607E-01	1.285542720151117E-01	9.637083450656751E-02	2.311946909421508E-01	1.139855694860065E-01	2.392085687444219E-01
AC:QL_D_R	1.767201053391770E-01	9.638236817507805E-01	1.434722673652941E-01	1.000000000000000E+00	2.291449948843673E-02	2.040804125521975E-02	1.576869935423877E-01	1.874453717110297E-01	1.521082553056551E-01	3.965477347764383E-01	1.801531207515205E-01	2.537528685336252E-02	1.206850091917915E-01	1.286729930614790E-01	2.311765937692763E-01	9.665582575715567E-02	2.392366088918756E-01	1.143330414190790E-01
DCN:CapB1N	2.616863927261209E-02	2.631017185136526E-02	2.276898900781453E-02	2.291449948843673E-02	1.000000000000000E+00	9.002534453128912E-01	1.581017009979750E-01	1.206482540139162E-01	1.206503554763496E-01	3.714448700727965E-02	3.718442046296182E-02	2.337869914099995E-01	4.345916357693146E-04	1.405551880162050E-02	4.405868225518948E-02	4.394115258013941E-02	4.560854129483052E-02	4.551132798035890E-02
DCN:CapB2N	2.620049713487131E-02	2.612793437552053E-02	2.049802427334401E-02	2.040804125521975E-02	9.002534453128912E-01	1.000000000000000E+00	3.988888813792799E-01	3.497478521363002E-01	3.497496110041075E-01	2.182062874890495E-01	2.182541965254918E-01	2.702283201119112E-01	2.375720349641804E-01	2.298941442937558E-01	1.708564158179327E-01	1.709734969292171E-01	1.654163849173564E-01	1.655147602585302E-01
DCN:CapB3N	1.930460750448728E-01	1.932322401574875E-01	1.575631534167246E-01	1.576869935423877E-01	1.581017009979750E-01	3.988888813792799E-01	1.000000000000000E+00	9.607139991337038E-01	9.606636760592607E-01	7.447832446715926E-01	7.448353583374157E-01	2.008058565965696E-01	6.429912086611718E-01	6.935233066701877E-01	7.186919887102219E-01	7.187027344596733E-01	7.137654692467484E-01	7.137682323843881E-01
DCN:CapNL	1.935652814679297E-01	2.221909193904014E-01	1.519077407597187E-01	1.874453717110297E-01	1.206482540139162E-01	3.497478521363002E-01	9.607139991337038E-01	1.000000000000000E+00	9.189511320389440E-01	7.909023066904846E-01	7.378899086951834E-01	1.842765282033201E-01	6.160857625341547E-01	6.652065693254052E-01	7.601653515380186E-01	6.835226866546233E-01	7.633473256247593E-01	6.810119358021574E-01
DCN:CapNR	2.220492625238166E-01	1.938417062232954E-01	1.873625416416788E-01	1.521082553056551E-01	1.206503554763496E-01	3.497496110041075E-01	9.606636760592607E-01	9.189511320389440E-01	1.000000000000000E+00	7.378112693580562E-01	7.909824133276541E-01	1.843170071499899E-01	6.160603128127218E-01	6.651797224374101E-01	6.834857323382015E-01	7.601673997855117E-01	6.809790328415397E-01	7.633529899410189E-01
DCN:QL_S_L	2.924730892754150E-01	4.393405675382569E-01	1.791434437031808E-01	3.965477347764383E-01	3.714448700727965E-02	2.182062874890495E-01	7.447832446715926E-01	7.909023066904846E-01	7.378112693580562E-01	1.000000000000000E+00	7.172198862049339E-01	1.362852968067740E-01	4.984464178112601E-01	5.363018630041576E-01	6.918792335127822E-01	5.811463581812382E-01	7.337288436106115E-01	5.994021771733181E-01
DCN:QL_S_R	4.393499629989397E-01	2.936980780847317E-01	3.966046625417722E-01	1.801531207515205E-01	3.718442046296182E-02	2.182541965254918E-01	7.448353583374157E-01	7.378899086951834E-01	7.909824133276541E-01	7.172198862049339E-01	1.000000000000000E+00	1.363735614553291E-01	4.984743118092151E-01	5.363292148592054E-01	5.812362856348868E-01	6.919095333706851E-01	5.994825242916031E-01	7.337500260867135E-01
DCP:CapB1P	3.172068261982054E-02	3.164657334228005E-02	2.547481282240491E-02	2.537528685336252E-02	2.337869914099995E-01	2.702283201119112E-01	2.008058565965696E-01	1.842765282033201E-01	1.843170071499899E-01	1.362852968067740E-01	1.363735614553291E-01	1.000000000000000E+00	4.761742725192885E-01	4.579106416044052E-01	3.208144933212718E-01	3.210036392897169E-01	3.059298768653683E-01	3.061074908532684E-01
DCP:CapB2P	1.470814161837780E-01	1.472257277099435E-01	1.205785421778607E-01	1.206850091917915E-01	4.345916357693146E-04	2.375720349641804E-01	6.429912086611718E-01	6.160857625341547E-01	6.160603128127218E-01	4.984464178112601E-01	4.984743118092151E-01	4.761742725192885E-01	1.000000000000000E+00	9.933869482423773E-01	7.915543854895311E-01	7.915683072163467E-01	7.686404319965343E-01	7.686460024895515E-01
DCP:CapB3P	1.568181059492979E-01	1.569773084507346E-01	1.285542720151117E-01	1.286729930614790E-01	1.405551880162050E-02	2.298941442937558E-01	6.935233066701877E-01	6.652065693254052E-01	6.651797224374101E-01	5.363018630041576E-01	5.363292148592054E-01	4.579106416044052E-01	9.933869482423773E-01	1.000000000000000E+00	8.108224969633109E-01	8.108285377300443E-01	7.888908077870171E-01	7.888894819946732E-01
DCP:CapPL	1.439543486874358E-01	2.588326989908561E-01	9.637083450656751E-02	2.311765937692763E-01	4.405868225518948E-02	1.708564158179327E-01	7.186919887102219E-01	7.601653515380186E-01	6.834857323382015E-01	6.918792335127822E-01	5.812362856348868E-01	3.208144933212718E-01	7.915543854895311E-01	8.108224969633109E-01	1.000000000000000E+00	7.142272281467460E-01	9.841800300961202E-01	7.043088178478327E-01
DCP:CapPR	2.588156819667839E-01	1.443246057213151E-01	2.311946909421508E-01	9.665582575715567E-02	4.394115258013941E-02	1.709734969292171E-01	7.187027344596733E-01	6.835226866546233E-01	7.601673997855117E-01	5.811463581812382E-01	6.919095333706851E-01	3.210036392897169E-01	7.915683072163467E-01	8.108285377300443E-01	7.142272281467460E-01	1.000000000000000E+00	7.043027892153577E-01	9.841682374240235E-01
DCP:QH_D_L	1.697908661491274E-01	2.676316774812523E-01	1.139855694860065E-01	2.392366088918756E-01	4.560854129483052E-02	1.654163849173564E-01	7.137654692467484E-01	7.633473256247593E-01	6.809790328415397E-01	7.337288436106115E-01	5.994825242916031E-01	3.059298768653683E-01	7.686404319965343E-01	7.888908077870171E-01	9.841800300961202E-01	7.043027892153577E-01	1.000000000000000E+00	6.955804025097544E-01
DCP:QH_D_R	2.675686392764268E-01	1.702347523262147E-01	2.392085687444219E-01	1.143330414190790E-01	4.551132798035890E-02	1.655147602585302E-01	7.137682323843881E-01	6.810119358021574E-01	7.633529899410189E-01	5.994021771733181E-01	7.337500260867135E-01	3.061074908532684E-01	7.686460024895515E-01	7.888894819946732E-01	7.043088178478327E-01	9.841682374240235E-01	6.955804025097544E-01	1.000000000000000E+00

DC Resistance Matrix
	AC:QH_S_L	AC:QH_S_R	AC:QL_D_L	AC:QL_D_R	DCN:CapB1N	DCN:CapB2N	DCN:CapB3N	DCN:CapNL	DCN:CapNR	DCN:QL_S_L	DCN:QL_S_R	DCP:CapB1P	DCP:CapB2P	DCP:CapB3P	DCP:CapPL	DCP:CapPR	DCP:QH_D_L	DCP:QH_D_R	
AC:QH_S_L	2.516540265272447E-04	4.016959440756515E-05	2.259991531232501E-04	4.016844334214811E-05	0.000000000000000E+00	0.000000000000000E+00	0.000000000000000E+00	0.000000000000000E+00	0.000000000000000E+00	0.000000000000000E+00	0.000000000000000E+00	0.000000000000000E+00	0.000000000000000E+00	0.000000000000000E+00	0.000000000000000E+00	0.000000000000000E+00	0.000000000000000E+00	0.000000000000000E+00
AC:QH_S_R	4.016959440756515E-05	2.512350022856362E-04	4.016815504921577E-05	2.255436203019120E-04	0.000000000000000E+00	0.000000000000000E+00	0.000000000000000E+00	0.000000000000000E+00	0.000000000000000E+00	0.000000000000000E+00	0.000000000000000E+00	0.000000000000000E+00	0.000000000000000E+00	0.000000000000000E+00	0.000000000000000E+00	0.000000000000000E+00	0.000000000000000E+00	0.000000000000000E+00
AC:QL_D_L	2.259991531232501E-04	4.016815504921577E-05	2.516033905513049E-04	4.016700402627715E-05	0.000000000000000E+00	0.000000000000000E+00	0.000000000000000E+00	0.000000000000000E+00	0.000000000000000E+00	0.000000000000000E+00	0.000000000000000E+00	0.000000000000000E+00	0.000000000000000E+00	0.000000000000000E+00	0.000000000000000E+00	0.000000000000000E+00	0.000000000000000E+00	0.000000000000000E+00
AC:QL_D_R	4.016844334214811E-05	2.255436203019120E-04	4.016700402627715E-05	2.512445438381522E-04	0.000000000000000E+00	0.000000000000000E+00	0.000000000000000E+00	0.000000000000000E+00	0.000000000000000E+00	0.000000000000000E+00	0.000000000000000E+00	0.000000000000000E+00	0.000000000000000E+00	0.000000000000000E+00	0.000000000000000E+00	0.000000000000000E+00	0.000000000000000E+00	0.000000000000000E+00
DCN:CapB1N	0.000000000000000E+00	0.000000000000000E+00	0.000000000000000E+00	0.000000000000000E+00	3.084602596418730E-05	2.688820205683548E-05	2.194112223647212E-05	2.186625592933078E-05	2.186704839355553E-05	2.176356728506576E-05	2.176361406887969E-05	0.000000000000000E+00	0.000000000000000E+00	0.000000000000000E+00	0.000000000000000E+00	0.000000000000000E+00	0.000000000000000E+00	0.000000000000000E+00
DCN:CapB2N	0.000000000000000E+00	0.000000000000000E+00	0.000000000000000E+00	0.000000000000000E+00	2.688820205683548E-05	3.082607901254339E-05	2.197582847378946E-05	2.190091962507363E-05	2.190153150861192E-05	2.179802261574699E-05	2.179795456068964E-05	0.000000000000000E+00	0.000000000000000E+00	0.000000000000000E+00	0.000000000000000E+00	0.000000000000000E+00	0.000000000000000E+00	0.000000000000000E+00
DCN:CapB3N	0.000000000000000E+00	0.000000000000000E+00	0.000000000000000E+00	0.000000000000000E+00	2.194112223647212E-05	2.197582847378946E-05	1.046093256400834E-04	9.830700027996611E-05	9.830429875129935E-05	9.441839918749049E-05	9.441619251953723E-05	0.000000000000000E+00	0.000000000000000E+00	0.000000000000000E+00	0.000000000000000E+00	0.000000000000000E+00	0.000000000000000E+00	0.000000000000000E+00
DCN:CapNL	0.000000000000000E+00	0.000000000000000E+00	0.000000000000000E+00	0.000000000000000E+00	2.186625592933078E-05	2.190091962507363E-05	9.830700027996611E-05	1.233441903197299E-04	9.322125526046228E-05	9.608084599701852E-05	9.270084672155290E-05	0.000000000000000E+00	0.000000000000000E+00	0.000000000000000E+00	0.000000000000000E+00	0.000000000000000E+00	0.000000000000000E+00	0.000000000000000E+00
DCN:CapNR	0.000000000000000E+00	0.000000000000000E+00	0.000000000000000E+00	0.000000000000000E+00	2.186704839355553E-05	2.190153150861192E-05	9.830429875129935E-05	9.322125526046228E-05	1.233899947065881E-04	9.269974345296832E-05	9.608241057819459E-05	0.000000000000000E+00	0.000000000000000E+00	0.000000000000000E+00	0.000000000000000E+00	0.000000000000000E+00	0.000000000000000E+00	0.000000000000000E+00
DCN:QL_S_L	0.000000000000000E+00	0.000000000000000E+00	0.000000000000000E+00	0.000000000000000E+00	2.176356728506576E-05	2.179802261574699E-05	9.441839918749049E-05	9.608084599701852E-05	9.269974345296832E-05	3.135363492964575E-04	1.384652025395243E-04	0.000000000000000E+00	0.000000000000000E+00	0.000000000000000E+00	0.000000000000000E+00	0.000000000000000E+00	0.000000000000000E+00	0.000000000000000E+00
DCN:QL_S_R	0.000000000000000E+00	0.000000000000000E+00	0.000000000000000E+00	0.000000000000000E+00	2.176361406887969E-05	2.179795456068964E-05	9.441619251953723E-05	9.270084672155290E-05	9.608241057819459E-05	1.384652025395243E-04	3.134378904295742E-04	0.000000000000000E+00	0.000000000000000E+00	0.000000000000000E+00	0.000000000000000E+00	0.000000000000000E+00	0.000000000000000E+00	0.000000000000000E+00
DCP:CapB1P	0.000000000000000E+00	0.000000000000000E+00	0.000000000000000E+00	0.000000000000000E+00	0.000000000000000E+00	0.000000000000000E+00	0.000000000000000E+00	0.000000000000000E+00	0.000000000000000E+00	0.000000000000000E+00	0.000000000000000E+00	5.834017712208299E-05	4.311657830112267E-05	4.311644015924943E-05	4.291088658350199E-05	4.290984991116241E-05	4.291120473412750E-05	4.291016630546278E-05
DCP:CapB2P	0.000000000000000E+00	0.000000000000000E+00	0.000000000000000E+00	0.000000000000000E+00	0.000000000000000E+00	0.000000000000000E+00	0.000000000000000E+00	0.000000000000000E+00	0.000000000000000E+00	0.000000000000000E+00	0.000000000000000E+00	4.311657830112267E-05	1.385457746664395E-04	1.345473838059914E-04	1.173342492548627E-04	1.173243785019183E-04	1.173361299522763E-04	1.173262728472489E-04
DCP:CapB3P	0.000000000000000E+00	0.000000000000000E+00	0.000000000000000E+00	0.000000000000000E+00	0.000000000000000E+00	0.000000000000000E+00	0.000000000000000E+00	0.000000000000000E+00	0.000000000000000E+00	0.000000000000000E+00	0.000000000000000E+00	4.311644015924943E-05	1.345473838059914E-04	1.385430019709027E-04	1.173342818797449E-04	1.173241513220789E-04	1.173361637020933E-04	1.173260463554471E-04
DCP:CapPL	0.000000000000000E+00	0.000000000000000E+00	0.000000000000000E+00	0.000000000000000E+00	0.000000000000000E+00	0.000000000000000E+00	0.000000000000000E+00	0.000000000000000E+00	0.000000000000000E+00	0.000000000000000E+00	0.000000000000000E+00	4.291088658350199E-05	1.173342492548627E-04	1.173342818797449E-04	2.931217506194827E-04	1.295427826110374E-04	2.761106926214078E-04	1.294417464413116E-04
DCP:CapPR	0.000000000000000E+00	0.000000000000000E+00	0.000000000000000E+00	0.000000000000000E+00	0.000000000000000E+00	0.000000000000000E+00	0.000000000000000E+00	0.000000000000000E+00	0.000000000000000E+00	0.000000000000000E+00	0.000000000000000E+00	4.290984991116241E-05	1.173243785019183E-04	1.173241513220789E-04	1.295427826110374E-04	2.930529580827975E-04	1.294428484602213E-04	2.760598491390684E-04
DCP:QH_D_L	0.000000000000000E+00	0.000000000000000E+00	0.000000000000000E+00	0.000000000000000E+00	0.000000000000000E+00	0.000000000000000E+00	0.000000000000000E+00	0.000000000000000E+00	0.000000000000000E+00	0.000000000000000E+00	0.000000000000000E+00	4.291120473412750E-05	1.173361299522763E-04	1.173361637020933E-04	2.761106926214078E-04	1.294428484602213E-04	3.022500128526917E-04	1.293422742831991E-04
DCP:QH_D_R	0.000000000000000E+00	0.000000000000000E+00	0.000000000000000E+00	0.000000000000000E+00	0.000000000000000E+00	0.000000000000000E+00	0.000000000000000E+00	0.000000000000000E+00	0.000000000000000E+00	0.000000000000000E+00	0.000000000000000E+00	4.291016630546278E-05	1.173262728472489E-04	1.173260463554471E-04	1.294417464413116E-04	2.760598491390684E-04	1.293422742831991E-04	3.022230343666757E-04

DC Resistance Matrix Coupling Coefficient
	AC:QH_S_L	AC:QH_S_R	AC:QL_D_L	AC:QL_D_R	DCN:CapB1N	DCN:CapB2N	DCN:CapB3N	DCN:CapNL	DCN:CapNR	DCN:QL_S_L	DCN:QL_S_R	DCP:CapB1P	DCP:CapB2P	DCP:CapB3P	DCP:CapPL	DCP:CapPR	DCP:QH_D_L	DCP:QH_D_R	
AC:QH_S_L	1.000000000000000E+00	1.597553577450195E-01	8.981453490707169E-01	1.597477464638994E-01	0.000000000000000E+00	0.000000000000000E+00	0.000000000000000E+00	0.000000000000000E+00	0.000000000000000E+00	0.000000000000000E+00	0.000000000000000E+00	0.000000000000000E+00	0.000000000000000E+00	0.000000000000000E+00	0.000000000000000E+00	0.000000000000000E+00	0.000000000000000E+00	0.000000000000000E+00
AC:QH_S_R	1.597553577450195E-01	1.000000000000000E+00	1.597657076353914E-01	8.977225922227346E-01	0.000000000000000E+00	0.000000000000000E+00	0.000000000000000E+00	0.000000000000000E+00	0.000000000000000E+00	0.000000000000000E+00	0.000000000000000E+00	0.000000000000000E+00	0.000000000000000E+00	0.000000000000000E+00	0.000000000000000E+00	0.000000000000000E+00	0.000000000000000E+00	0.000000000000000E+00
AC:QL_D_L	8.981453490707169E-01	1.597657076353914E-01	1.000000000000000E+00	1.597580958660735E-01	0.000000000000000E+00	0.000000000000000E+00	0.000000000000000E+00	0.000000000000000E+00	0.000000000000000E+00	0.000000000000000E+00	0.000000000000000E+00	0.000000000000000E+00	0.000000000000000E+00	0.000000000000000E+00	0.000000000000000E+00	0.000000000000000E+00	0.000000000000000E+00	0.000000000000000E+00
AC:QL_D_R	1.597477464638994E-01	8.977225922227346E-01	1.597580958660735E-01	1.000000000000000E+00	0.000000000000000E+00	0.000000000000000E+00	0.000000000000000E+00	0.000000000000000E+00	0.000000000000000E+00	0.000000000000000E+00	0.000000000000000E+00	0.000000000000000E+00	0.000000000000000E+00	0.000000000000000E+00	0.000000000000000E+00	0.000000000000000E+00	0.000000000000000E+00	0.000000000000000E+00
DCN:CapB1N	0.000000000000000E+00	0.000000000000000E+00	0.000000000000000E+00	0.000000000000000E+00	1.000000000000000E+00	8.719729437928421E-01	3.862549212743552E-01	3.544993700610522E-01	3.544464111442964E-01	2.213026038655141E-01	2.213378353388820E-01	0.000000000000000E+00	0.000000000000000E+00	0.000000000000000E+00	0.000000000000000E+00	0.000000000000000E+00	0.000000000000000E+00	0.000000000000000E+00
DCN:CapB2N	0.000000000000000E+00	0.000000000000000E+00	0.000000000000000E+00	0.000000000000000E+00	8.719729437928421E-01	1.000000000000000E+00	3.869910416908685E-01	3.551762016903946E-01	3.551201932842553E-01	2.217246645781407E-01	2.217587941912052E-01	0.000000000000000E+00	0.000000000000000E+00	0.000000000000000E+00	0.000000000000000E+00	0.000000000000000E+00	0.000000000000000E+00	0.000000000000000E+00
DCN:CapB3N	0.000000000000000E+00	0.000000000000000E+00	0.000000000000000E+00	0.000000000000000E+00	3.862549212743552E-01	3.869910416908685E-01	1.000000000000000E+00	8.654458383550342E-01	8.652614111129185E-01	5.213477253862231E-01	5.214174168743916E-01	0.000000000000000E+00	0.000000000000000E+00	0.000000000000000E+00	0.000000000000000E+00	0.000000000000000E+00	0.000000000000000E+00	0.000000000000000E+00
DCN:CapNL	0.000000000000000E+00	0.000000000000000E+00	0.000000000000000E+00	0.000000000000000E+00	3.544993700610522E-01	3.551762016903946E-01	8.654458383550342E-01	1.000000000000000E+00	7.556411922155809E-01	4.885775647994030E-01	4.714640731545674E-01	0.000000000000000E+00	0.000000000000000E+00	0.000000000000000E+00	0.000000000000000E+00	0.000000000000000E+00	0.000000000000000E+00	0.000000000000000E+00
DCN:CapNR	0.000000000000000E+00	0.000000000000000E+00	0.000000000000000E+00	0.000000000000000E+00	3.544464111442964E-01	3.551201932842553E-01	8.652614111129185E-01	7.556411922155809E-01	1.000000000000000E+00	4.712969300004787E-01	4.885715452509422E-01	0.000000000000000E+00	0.000000000000000E+00	0.000000000000000E+00	0.000000000000000E+00	0.000000000000000E+00	0.000000000000000E+00	0.000000000000000E+00
DCN:QL_S_L	0.000000000000000E+00	0.000000000000000E+00	0.000000000000000E+00	0.000000000000000E+00	2.213026038655141E-01	2.217246645781407E-01	5.213477253862231E-01	4.885775647994030E-01	4.712969300004787E-01	1.000000000000000E+00	4.416934396136367E-01	0.000000000000000E+00	0.000000000000000E+00	0.000000000000000E+00	0.000000000000000E+00	0.000000000000000E+00	0.000000000000000E+00	0.000000000000000E+00
DCN:QL_S_R	0.000000000000000E+00	0.000000000000000E+00	0.000000000000000E+00	0.000000000000000E+00	2.213378353388820E-01	2.217587941912052E-01	5.214174168743916E-01	4.714640731545674E-01	4.885715452509422E-01	4.416934396136367E-01	1.000000000000000E+00	0.000000000000000E+00	0.000000000000000E+00	0.000000000000000E+00	0.000000000000000E+00	0.000000000000000E+00	0.000000000000000E+00	0.000000000000000E+00
DCP:CapB1P	0.000000000000000E+00	0.000000000000000E+00	0.000000000000000E+00	0.000000000000000E+00	0.000000000000000E+00	0.000000000000000E+00	0.000000000000000E+00	0.000000000000000E+00	0.000000000000000E+00	0.000000000000000E+00	0.000000000000000E+00	1.000000000000000E+00	4.795829932491805E-01	4.795862556732401E-01	3.281403168199133E-01	3.281709007261716E-01	3.231496366103507E-01	3.231562391561302E-01
DCP:CapB2P	0.000000000000000E+00	0.000000000000000E+00	0.000000000000000E+00	0.000000000000000E+00	0.000000000000000E+00	0.000000000000000E+00	0.000000000000000E+00	0.000000000000000E+00	0.000000000000000E+00	0.000000000000000E+00	0.000000000000000E+00	4.795829932491805E-01	1.000000000000000E+00	9.711500079184017E-01	5.822428088699115E-01	5.822621570043633E-01	5.733924277153578E-01	5.733698482346785E-01
DCP:CapB3P	0.000000000000000E+00	0.000000000000000E+00	0.000000000000000E+00	0.000000000000000E+00	0.000000000000000E+00	0.000000000000000E+00	0.000000000000000E+00	0.000000000000000E+00	0.000000000000000E+00	0.000000000000000E+00	0.000000000000000E+00	4.795862556732401E-01	9.711500079184017E-01	1.000000000000000E+00	5.822487970204940E-01	5.822668559853035E-01	5.733983303378398E-01	5.733744788331510E-01
DCP:CapPL	0.000000000000000E+00	0.000000000000000E+00	0.000000000000000E+00	0.000000000000000E+00	0.000000000000000E+00	0.000000000000000E+00	0.000000000000000E+00	0.000000000000000E+00	0.000000000000000E+00	0.000000000000000E+00	0.000000000000000E+00	3.281403168199133E-01	5.822428088699115E-01	5.822487970204940E-01	1.000000000000000E+00	4.419937659539276E-01	9.276326764096803E-01	4.348971485307828E-01
DCP:CapPR	0.000000000000000E+00	0.000000000000000E+00	0.000000000000000E+00	0.000000000000000E+00	0.000000000000000E+00	0.000000000000000E+00	0.000000000000000E+00	0.000000000000000E+00	0.000000000000000E+00	0.000000000000000E+00	0.000000000000000E+00	3.281709007261716E-01	5.822621570043633E-01	5.822668559853035E-01	4.419937659539276E-01	1.000000000000000E+00	4.349324812704910E-01	9.276121121451005E-01
DCP:QH_D_L	0.000000000000000E+00	0.000000000000000E+00	0.000000000000000E+00	0.000000000000000E+00	0.000000000000000E+00	0.000000000000000E+00	0.000000000000000E+00	0.000000000000000E+00	0.000000000000000E+00	0.000000000000000E+00	0.000000000000000E+00	3.231496366103507E-01	5.733924277153578E-01	5.733983303378398E-01	9.276326764096803E-01	4.349324812704910E-01	1.000000000000000E+00	4.279505099756166E-01
DCP:QH_D_R	0.000000000000000E+00	0.000000000000000E+00	0.000000000000000E+00	0.000000000000000E+00	0.000000000000000E+00	0.000000000000000E+00	0.000000000000000E+00	0.000000000000000E+00	0.000000000000000E+00	0.000000000000000E+00	0.000000000000000E+00	3.231562391561302E-01	5.733698482346785E-01	5.733744788331510E-01	4.348971485307828E-01	9.276121121451005E-01	4.279505099756166E-01	1.000000000000000E+00

AC Inductance Matrix
	AC:QH_S_L	AC:QH_S_R	AC:QL_D_L	AC:QL_D_R	DCN:CapB1N	DCN:CapB2N	DCN:CapB3N	DCN:CapNL	DCN:CapNR	DCN:QL_S_L	DCN:QL_S_R	DCP:CapB1P	DCP:CapB2P	DCP:CapB3P	DCP:CapPL	DCP:CapPR	DCP:QH_D_L	DCP:QH_D_R	
AC:QH_S_L	1.536867258753578E+00	4.168025719173242E-01	1.448626636244220E+00	3.850426054852356E-01	-2.036961413009958E-03	-1.116519838654434E-03	-1.362799630729509E-02	-4.499892902704032E-03	-2.805811565357215E-02	-1.790740171424385E-01	-3.034075038338944E-01	-5.535016368682660E-04	-1.380438874322534E-02	-1.359094903757645E-02	1.963459939338821E-02	-1.094278116686325E-01	2.827695325913091E-02	-1.315853255502755E-01
AC:QH_S_R	4.168025719173248E-01	1.540243552981763E+00	3.849552866373948E-01	1.451844648859587E+00	-2.053362210394056E-03	-1.114220215736419E-03	-1.379605780136283E-02	-2.842735895344617E-02	-4.686761282460334E-03	-3.056976822116085E-01	-1.791879541020787E-01	-5.209900765608461E-04	-1.386034758552140E-02	-1.365113960622261E-02	-1.101148209215555E-01	1.988414939456276E-02	-1.325248171993078E-01	2.860472061327913E-02
AC:QL_D_L	1.448626636244220E+00	3.849552866373951E-01	1.459230060098050E+00	3.539964659301592E-01	5.027403199719078E-04	1.141061942656814E-03	-9.846897060792219E-03	-1.927780427829010E-03	-2.233579506490838E-02	-6.126116245313337E-02	-2.749827451109182E-01	4.180473087718343E-04	-1.049226723122103E-02	-1.087955520359617E-02	3.246158843963774E-02	-9.991388666720560E-02	3.457851959662601E-02	-1.178068027632559E-01
AC:QL_D_R	3.850426054852353E-01	1.451844648859588E+00	3.539964659301594E-01	1.462274500608407E+00	5.186940745163536E-04	1.156995519148416E-03	-9.932123885092342E-03	-2.260854158299469E-02	-2.026174240343546E-03	-2.773369633394429E-01	-6.152331831793445E-02	4.142204881107613E-04	-1.057423877779516E-02	-1.095890777262209E-02	-1.006709058629625E-01	3.272628711733511E-02	-1.187536023455477E-01	3.480533636768694E-02
DCN:CapB1N	-2.036961413009996E-03	-2.053362210393885E-03	5.027403199721316E-04	5.186940745162673E-04	6.323419143493672E-02	5.604098439442716E-02	4.925003111743421E-02	4.593860720548613E-02	4.587709156320563E-02	5.151711187652250E-02	5.151532665181167E-02	3.592174123669210E-03	-3.472910160033793E-04	-1.764177832365426E-03	-8.197210900173784E-03	-8.232251155317723E-03	-1.102942514258670E-02	-1.104580784262988E-02
DCN:CapB2N	-1.116519838654124E-03	-1.114220215736481E-03	1.141061942657061E-03	1.156995519148546E-03	5.604098439442716E-02	6.002222136705752E-02	5.374628417114408E-02	5.022550388751926E-02	5.017289734775826E-02	5.536567289321358E-02	5.537908224226173E-02	9.080013775761110E-04	1.889133911863947E-02	1.640791522505017E-02	1.168703112300824E-02	1.167102756466945E-02	9.893020521133495E-03	9.896677893623270E-03
DCN:CapB3N	-1.362799630729558E-02	-1.379605780136260E-02	-9.846897060792384E-03	-9.932123885092672E-03	4.925003111743439E-02	5.374628417114447E-02	3.042298911420616E-01	3.139075304519202E-01	3.137331021123884E-01	3.455175419416092E-01	3.452671307665306E-01	-1.387874469680017E-03	1.337538265213703E-01	1.507771578599672E-01	2.946265782865649E-01	2.945173823718792E-01	2.981269708865037E-01	2.980769968803053E-01
DCN:CapNL	-4.499892902704410E-03	-2.842735895344598E-02	-1.927780427828634E-03	-2.260854158299459E-02	4.593860720548609E-02	5.022550388751912E-02	3.139075304519193E-01	3.858846523382667E-01	3.311955071975977E-01	4.125321208637662E-01	3.759530047514724E-01	6.781062311249835E-04	1.349117244770866E-01	1.519825416232229E-01	3.725942839625345E-01	3.132860758792210E-01	3.770413935677624E-01	3.207092955134159E-01
DCN:CapNR	-2.805811565357235E-02	-4.686761282460347E-03	-2.233579506490835E-02	-2.026174240343178E-03	4.587709156320583E-02	5.017289734775787E-02	3.137331021123888E-01	3.311955071975970E-01	3.854546161921301E-01	3.760995322459721E-01	4.118744473823059E-01	7.148257163834831E-04	1.348750608997984E-01	1.519378425437329E-01	3.132859153892038E-01	3.722710582495440E-01	3.206934715673166E-01	3.768239285306497E-01
DCN:QL_S_L	-1.790740171424387E-01	-3.056976822116086E-01	-6.126116245313326E-02	-2.773369633394432E-01	5.151711187652219E-02	5.536567289321337E-02	3.455175419416089E-01	4.125321208637667E-01	3.760995322459720E-01	1.339007484398193E+00	6.314929708071937E-01	1.735879686689671E-03	1.583033999541619E-01	1.759270939078408E-01	5.462230056201185E-01	4.251537968383108E-01	6.359745389070917E-01	4.517243670604529E-01
DCN:QL_S_R	-3.034075038338949E-01	-1.791879541020787E-01	-2.749827451109181E-01	-6.152331831793440E-02	5.151532665181176E-02	5.537908224226138E-02	3.452671307665308E-01	3.759530047514734E-01	4.118744473823057E-01	6.314929708071935E-01	1.336097965873448E+00	1.754310915615625E-03	1.582035321703693E-01	1.757974963841401E-01	4.247397445187429E-01	5.456999347191790E-01	4.516017534564964E-01	6.347479782061621E-01
DCP:CapB1P	-5.535016368680408E-04	-5.209900765606924E-04	4.180473087722457E-04	4.142204881108179E-04	3.592174123669030E-03	9.080013775758172E-04	-1.387874469680108E-03	6.781062311244361E-04	7.148257163830812E-04	1.735879686689143E-03	1.754310915615081E-03	1.180521246620524E-01	1.134523798907744E-01	1.144592715346902E-01	1.195694812521823E-01	1.196130802827291E-01	1.207178571576665E-01	1.207296309387644E-01
DCP:CapB2P	-1.380438874322563E-02	-1.386034758552138E-02	-1.049226723122122E-02	-1.057423877779476E-02	-3.472910160034098E-04	1.889133911863946E-02	1.337538265213698E-01	1.349117244770871E-01	1.348750608997997E-01	1.583033999541611E-01	1.582035321703693E-01	1.134523798907749E-01	7.272709719003756E-01	7.303280470592258E-01	7.804935483910200E-01	7.804735647577005E-01	7.817897896583331E-01	7.817472758996566E-01
DCP:CapB3P	-1.359094903757650E-02	-1.365113960622204E-02	-1.087955520359601E-02	-1.095890777262222E-02	-1.764177832366397E-03	1.640791522505027E-02	1.507771578599674E-01	1.519825416232235E-01	1.519378425437324E-01	1.759270939078406E-01	1.757974963841391E-01	1.144592715346896E-01	7.303280470592265E-01	7.426646711114692E-01	8.002942223906495E-01	8.002718572682356E-01	8.023540903981032E-01	8.023259261873776E-01
DCP:CapPL	1.963459939338799E-02	-1.101148209215551E-01	3.246158843963803E-02	-1.006709058629629E-01	-8.197210900174360E-03	1.168703112300862E-02	2.946265782865640E-01	3.725942839625351E-01	3.132859153892052E-01	5.462230056201185E-01	4.247397445187425E-01	1.195694812521830E-01	7.804935483910207E-01	8.002942223906492E-01	1.829592917360851E+00	1.053754695075926E+00	1.848847577406878E+00	1.071005125715450E+00
DCP:CapPR	-1.094278116686326E-01	1.988414939456246E-02	-9.991388666720559E-02	3.272628711733571E-02	-8.232251155318268E-03	1.167102756466894E-02	2.945173823718802E-01	3.132860758792210E-01	3.722710582495441E-01	4.251537968383108E-01	5.456999347191790E-01	1.196130802827297E-01	7.804735647576992E-01	8.002718572682376E-01	1.053754695075924E+00	1.829320651869504E+00	1.071187175719658E+00	1.848562153041995E+00
DCP:QH_D_L	2.827695325913149E-02	-1.325248171993071E-01	3.457851959662613E-02	-1.187536023455478E-01	-1.102942514258691E-02	9.893020521133392E-03	2.981269708865042E-01	3.770413935677630E-01	3.206934715673158E-01	6.359745389070921E-01	4.516017534564961E-01	1.207178571576673E-01	7.817897896583327E-01	8.023540903981048E-01	1.848847577406878E+00	1.071187175719658E+00	1.956803999450822E+00	1.089836447365783E+00
DCP:QH_D_R	-1.315853255502754E-01	2.860472061327983E-02	-1.178068027632556E-01	3.480533636768650E-02	-1.104580784263029E-02	9.896677893623772E-03	2.980769968803041E-01	3.207092955134174E-01	3.768239285306510E-01	4.517243670604528E-01	6.347479782061618E-01	1.207296309387650E-01	7.817472758996584E-01	8.023259261873774E-01	1.071005125715452E+00	1.848562153041995E+00	1.089836447365781E+00	1.956260605379194E+00

AC Inductance Matrix Coupling Coefficient
	AC:QH_S_L	AC:QH_S_R	AC:QL_D_L	AC:QL_D_R	DCN:CapB1N	DCN:CapB2N	DCN:CapB3N	DCN:CapNL	DCN:CapNR	DCN:QL_S_L	DCN:QL_S_R	DCP:CapB1P	DCP:CapB2P	DCP:CapB3P	DCP:CapPL	DCP:CapPR	DCP:QH_D_L	DCP:QH_D_R	
AC:QH_S_L	1.000000000000000E+00	2.709053058632278E-01	9.673338901758393E-01	2.568479801537854E-01	6.534143047507685E-03	3.676141610982239E-03	1.993025644845960E-02	5.843260464503275E-03	3.645471406666317E-02	1.248311279307795E-01	2.117332124862777E-01	1.299462725281905E-03	1.305722460770367E-02	1.272140919533145E-02	1.170918399083049E-02	6.526263677343076E-02	1.630574968463124E-02	7.588849242293068E-02
AC:QH_S_R	2.709053058632282E-01	1.000000000000000E+00	2.567755715875106E-01	9.674109415645282E-01	6.579530135961603E-03	3.664547048008384E-03	2.015391230157274E-02	3.687338947434670E-02	6.082631520530376E-03	2.128658257658538E-01	1.249093532425971E-01	1.221793604698115E-03	1.309577771659299E-02	1.276373638236108E-02	6.559546903989856E-02	1.184588191170781E-02	7.633590352790538E-02	1.647895454596282E-02
AC:QL_D_L	9.673338901758394E-01	2.567755715875108E-01	1.000000000000000E+00	2.423385969675934E-01	1.655029916775018E-03	3.855594081135006E-03	1.477871156262544E-02	2.569016715228802E-03	2.978193468888771E-02	4.382600131481403E-02	1.969356804596210E-01	1.007225342300274E-03	1.018496011681959E-02	1.045088031067440E-02	1.986692482037512E-02	6.115318077279377E-02	2.046307276359658E-02	6.972606093701181E-02
AC:QL_D_R	2.568479801537852E-01	9.674109415645283E-01	2.423385969675936E-01	1.000000000000000E+00	1.705771478544335E-03	3.905361058887022E-03	1.489109840350105E-02	3.009742505870993E-02	2.698831128708468E-03	1.981991558102938E-01	4.401555139174170E-02	9.969657043642629E-04	1.025383991439825E-02	1.051614186605394E-02	6.154776514858039E-02	2.000955195535296E-02	7.020348563900922E-02	2.057870432240286E-02
DCN:CapB1N	6.534143047507805E-03	6.579530135961054E-03	1.655029916775754E-03	1.705771478544051E-03	1.000000000000000E+00	9.096487737026218E-01	3.550827570993553E-01	2.940851438881831E-01	2.938551233648593E-01	1.770451445503845E-01	1.772316667371818E-01	4.157617112645789E-02	1.619457059961329E-03	8.140854512845507E-03	2.409976950150826E-02	2.420458875542788E-02	3.135474181071030E-02	3.140567588155917E-02
DCN:CapB2N	3.676141610981217E-03	3.664547048008586E-03	3.855594081135840E-03	3.905361058887460E-03	9.096487737026218E-01	1.000000000000000E+00	3.977328579635288E-01	3.300194357753886E-01	3.298576217291968E-01	1.952958650436351E-01	1.955557412197056E-01	1.078682346999744E-02	9.041876798737539E-02	7.771430884872967E-02	3.526719614854229E-02	3.522152403933825E-02	2.886683794580610E-02	2.888152019131420E-02
DCN:CapB3N	1.993025644846031E-02	2.015391230157240E-02	1.477871156262568E-02	1.489109840350154E-02	3.550827570993566E-01	3.977328579635317E-01	1.000000000000000E+00	9.161615061968100E-01	9.161630604813271E-01	5.413493979758961E-01	5.415457393080172E-01	7.323393023291005E-03	2.843525633560716E-01	3.172036888434018E-01	3.949060123375580E-01	3.947890261554224E-01	3.863906981362811E-01	3.863795802858530E-01
DCN:CapNL	5.843260464503765E-03	3.687338947434645E-02	2.569016715228301E-03	3.009742505870978E-02	2.940851438881829E-01	3.300194357753876E-01	9.161615061968077E-01	1.000000000000000E+00	8.587545641256220E-01	5.739017041575278E-01	5.235831430996747E-01	3.177108732919072E-03	2.546670830044947E-01	2.839020755993493E-01	4.434352360866129E-01	3.728785673715965E-01	4.338969679715398E-01	3.691215834542187E-01
DCN:CapNR	3.645471406666343E-02	6.082631520530392E-03	2.978193468888767E-02	2.698831128707977E-03	2.938551233648606E-01	3.298576217291943E-01	9.161630604813283E-01	8.587545641256202E-01	1.000000000000000E+00	5.235096185472311E-01	5.739301927320805E-01	3.351017059203411E-03	2.547398574327862E-01	2.839768564327417E-01	3.730585601376680E-01	4.433306214241551E-01	3.692579291257323E-01	4.339488009636887E-01
DCN:QL_S_L	1.248311279307797E-01	2.128658257658538E-01	4.382600131481396E-02	1.981991558102940E-01	1.770451445503834E-01	1.952958650436344E-01	5.413493979758958E-01	5.739017041575285E-01	5.235096185472310E-01	1.000000000000000E+00	4.721259449795449E-01	4.366075233387280E-03	1.604170824511275E-01	1.764187920420217E-01	3.489805720422778E-01	2.716499572257740E-01	3.928932460207246E-01	2.791056712270850E-01
DCN:QL_S_R	2.117332124862781E-01	1.249093532425971E-01	1.969356804596209E-01	4.401555139174167E-02	1.772316667371820E-01	1.955557412197044E-01	5.415457393080175E-01	5.235831430996761E-01	5.739301927320801E-01	4.721259449795447E-01	1.000000000000000E+00	4.417235058019347E-03	1.604903401250420E-01	1.764806732889382E-01	2.716605120095887E-01	3.490517596834875E-01	2.792947707381581E-01	3.926167467817490E-01
DCP:CapB1P	1.299462725281377E-03	1.221793604697755E-03	1.007225342301266E-03	9.969657043643991E-04	4.157617112645581E-02	1.078682346999395E-02	7.323393023291483E-03	3.177108732916508E-03	3.351017059201527E-03	4.366075233385951E-03	4.417235058017976E-03	1.000000000000000E+00	3.871939652401963E-01	3.865606930689163E-01	2.572801060024510E-01	2.573930712401499E-01	2.511660584147007E-01	2.512254393976275E-01
DCP:CapB2P	1.305722460770395E-02	1.309577771659297E-02	1.018496011681977E-02	1.025383991439785E-02	1.619457059961471E-03	9.041876798737533E-02	2.843525633560705E-01	2.546670830044956E-01	2.547398574327887E-01	1.604170824511267E-01	1.604903401250421E-01	3.871939652401982E-01	1.000000000000000E+00	9.937415988288257E-01	6.766186363037732E-01	6.766516611043263E-01	6.553423040298170E-01	6.553976730341096E-01
DCP:CapB3P	1.272140919533150E-02	1.276373638236055E-02	1.045088031067424E-02	1.051614186605406E-02	8.140854512849986E-03	7.771430884873012E-02	3.172036888434021E-01	2.839020755993504E-01	2.839768564327407E-01	1.764187920420215E-01	1.764806732889372E-01	3.865606930689142E-01	9.937415988288265E-01	1.000000000000000E+00	6.865561534349135E-01	6.865880550429903E-01	6.655735043536359E-01	6.656425705306210E-01
DCP:CapPL	1.170918399083036E-02	6.559546903989832E-02	1.986692482037531E-02	6.154776514858063E-02	2.409976950150995E-02	3.526719614854344E-02	3.949060123375567E-01	4.434352360866136E-01	3.730585601376697E-01	3.489805720422778E-01	2.716605120095885E-01	2.572801060024524E-01	6.766186363037737E-01	6.865561534349132E-01	1.000000000000000E+00	5.759932165956810E-01	9.771251906354317E-01	5.661101733240317E-01
DCP:CapPR	6.526263677343082E-02	1.184588191170764E-02	6.115318077279376E-02	2.000955195535334E-02	2.420458875542948E-02	3.522152403933670E-02	3.947890261554238E-01	3.728785673715965E-01	4.433306214241552E-01	2.716499572257740E-01	3.490517596834875E-01	2.573930712401513E-01	6.766516611043253E-01	6.865880550429920E-01	5.759932165956803E-01	1.000000000000000E+00	5.661699073332003E-01	9.771827319741836E-01
DCP:QH_D_L	1.630574968463158E-02	7.633590352790494E-02	2.046307276359665E-02	7.020348563900929E-02	3.135474181071089E-02	2.886683794580580E-02	3.863906981362817E-01	4.338969679715405E-01	3.692579291257314E-01	3.928932460207248E-01	2.792947707381578E-01	2.511660584147024E-01	6.553423040298166E-01	6.655735043536372E-01	9.771251906354317E-01	5.661699073332002E-01	1.000000000000000E+00	5.570245155312458E-01
DCP:QH_D_R	7.588849242293060E-02	1.647895454596323E-02	6.972606093701166E-02	2.057870432240260E-02	3.140567588156033E-02	2.888152019131567E-02	3.863795802858515E-01	3.691215834542204E-01	4.339488009636902E-01	2.791056712270849E-01	3.926167467817488E-01	2.512254393976286E-01	6.553976730341110E-01	6.656425705306209E-01	5.661101733240326E-01	9.771827319741833E-01	5.570245155312450E-01	1.000000000000000E+00

AC Resistance Matrix
	AC:QH_S_L	AC:QH_S_R	AC:QL_D_L	AC:QL_D_R	DCN:CapB1N	DCN:CapB2N	DCN:CapB3N	DCN:CapNL	DCN:CapNR	DCN:QL_S_L	DCN:QL_S_R	DCP:CapB1P	DCP:CapB2P	DCP:CapB3P	DCP:CapPL	DCP:CapPR	DCP:QH_D_L	DCP:QH_D_R	
AC:QH_S_L	3.454249289221225E-04	4.237222565828575E-05	3.094381678716942E-04	4.123075861077848E-05	-2.916865200771413E-07	-1.311730323312929E-07	-2.686898216002994E-06	-3.490849438212173E-06	-3.108594565722571E-06	-2.948994270468871E-05	-4.778450115463960E-05	-2.904523721215895E-07	-3.250432043300822E-06	-3.029043908717625E-06	-8.145064354114295E-06	-1.550599219978459E-05	-1.157903813003701E-05	-1.523670780648085E-05
AC:QH_S_R	4.237222565828583E-05	3.451787971243378E-04	4.121597949419528E-05	3.090151192366438E-04	-2.853648535160859E-07	-1.212430993271885E-07	-2.716799667470891E-06	-3.193623524005675E-06	-3.510174258142629E-06	-4.824871612973912E-05	-2.963280377400384E-05	-2.753642837907155E-07	-3.272961720381116E-06	-3.052656333912144E-06	-1.568428787464105E-05	-8.149591183329693E-06	-1.539682597629527E-05	-1.161914610033595E-05
AC:QL_D_L	3.094381678716940E-04	4.121597949419529E-05	3.291993669008255E-04	3.857807487938580E-05	2.808690760548812E-07	4.283332070344253E-07	-2.216787227844912E-06	-2.894985133666965E-06	-2.479302651067920E-06	-1.600479277723775E-05	-4.559379258911482E-05	2.244896662114124E-07	-2.650337928442022E-06	-2.581245101807096E-06	-4.812762611338783E-06	-1.438042224648086E-05	-7.449589595780146E-06	-1.464009758690596E-05
AC:QL_D_R	4.123075861077844E-05	3.090151192366438E-04	3.857807487938563E-05	3.287734872204474E-04	2.845055140922985E-07	4.365796220439370E-07	-2.237556508694304E-06	-2.559736979729583E-06	-2.904003331525429E-06	-4.604611944086415E-05	-1.620667960589170E-05	2.353424464281727E-07	-2.670884104414199E-06	-2.603575199828793E-06	-1.456427641903097E-05	-4.807275335745248E-06	-1.481826364735575E-05	-7.480115860099832E-06
DCN:CapB1N	-2.916865200770384E-07	-2.853648535160723E-07	2.808690760548240E-07	2.845055140923328E-07	3.681948873326829E-05	3.237663119119599E-05	2.359803964520927E-05	2.327022099411270E-05	2.326181102400825E-05	2.464644103805520E-05	2.463823352286847E-05	1.197760996326070E-06	-1.216589134687879E-06	-1.973170242239051E-06	-2.594378586653478E-06	-2.596604417434573E-06	-2.376705813663798E-06	-2.381221542156074E-06
DCN:CapB2N	-1.311730323312366E-07	-1.212430993272033E-07	4.283332070343770E-07	4.365796220439742E-07	3.237663119119618E-05	3.683665414681331E-05	2.609422102650704E-05	2.560340034866185E-05	2.559300704649435E-05	2.687264810687660E-05	2.687186946729756E-05	1.688419087739484E-06	3.641211757879604E-06	2.915360605530327E-06	2.680892861066248E-06	2.679207607409760E-06	2.892113541624055E-06	2.890842848147579E-06
DCN:CapB3N	-2.686898216002926E-06	-2.716799667470832E-06	-2.216787227844802E-06	-2.237556508694378E-06	2.359803964520895E-05	2.609422102650690E-05	1.381010041873662E-04	1.354066957660940E-04	1.353720651184071E-04	1.407926272855115E-04	1.407207609261354E-04	3.548445706016796E-06	2.739523137982682E-05	3.035427967738636E-05	5.176664147444088E-05	5.174273093416724E-05	5.356629772454658E-05	5.355127960983349E-05
DCN:CapNL	-3.490849438212329E-06	-3.193623524005814E-06	-2.894985133666945E-06	-2.559736979729761E-06	2.327022099411279E-05	2.560340034866186E-05	1.354066957660940E-04	1.688934012154827E-04	1.339917132747563E-04	1.530636828822795E-04	1.470928228281062E-04	3.021621178087911E-06	2.866954074680090E-05	3.191621893994364E-05	6.493214666934867E-05	5.380680779111712E-05	6.872317071956301E-05	5.595447590076330E-05
DCN:CapNR	-3.108594565722688E-06	-3.510174258142602E-06	-2.479302651067881E-06	-2.904003331525409E-06	2.326181102400818E-05	2.559300704649444E-05	1.353720651184071E-04	1.339917132747566E-04	1.688703077260410E-04	1.471385421963393E-04	1.529177740302988E-04	3.028622555260055E-06	2.865833714005275E-05	3.190368471152168E-05	5.379870847242413E-05	6.486081304123527E-05	5.593884429892807E-05	6.866053068111451E-05
DCN:QL_S_L	-2.948994270468885E-05	-4.824871612973935E-05	-1.600479277723775E-05	-4.604611944086436E-05	2.464644103805535E-05	2.687264810687661E-05	1.407926272855116E-04	1.530636828822795E-04	1.471385421963391E-04	4.873032130013664E-04	2.392062276507728E-04	3.390736167312874E-06	3.447977472753857E-05	3.787397576057004E-05	1.000941990066120E-04	7.741691355053180E-05	1.130232436566956E-04	8.298595227151152E-05
DCN:QL_S_R	-4.778450115463967E-05	-2.963280377400388E-05	-4.559379258911480E-05	-1.620667960589187E-05	2.463823352286855E-05	2.687186946729763E-05	1.407207609261355E-04	1.470928228281062E-04	1.529177740302986E-04	2.392062276507727E-04	4.865927387302997E-04	3.412007332047649E-06	3.445051714052421E-05	3.783682988141260E-05	7.734102140547042E-05	9.993704712515545E-05	8.292617635418497E-05	1.128601018926593E-04
DCP:CapB1P	-2.904523721218750E-07	-2.753642837907562E-07	2.244896662113840E-07	2.353424464281850E-07	1.197760996326368E-06	1.688419087739304E-06	3.548445706016863E-06	3.021621178087802E-06	3.028622555259859E-06	3.390736167312884E-06	3.412007332047696E-06	6.715632825855951E-05	5.623645466337240E-05	5.640854191211239E-05	5.575113074015950E-05	5.576607258621852E-05	5.579749597237525E-05	5.580156507139444E-05
DCP:CapB2P	-3.250432043300934E-06	-3.272961720381133E-06	-2.650337928442071E-06	-2.670884104414257E-06	-1.216589134687269E-06	3.641211757879712E-06	2.739523137982684E-05	2.866954074680091E-05	2.865833714005221E-05	3.447977472753835E-05	3.445051714052390E-05	5.623645466337272E-05	1.859508108313760E-04	1.837373391507906E-04	1.788753201000993E-04	1.788508274479060E-04	1.801793018551899E-04	1.801548568150056E-04
DCP:CapB3P	-3.029043908717636E-06	-3.052656333912201E-06	-2.581245101806999E-06	-2.603575199828825E-06	-1.973170242239295E-06	2.915360605530234E-06	3.035427967738624E-05	3.191621893994380E-05	3.190368471152147E-05	3.787397576056999E-05	3.783682988141242E-05	5.640854191211248E-05	1.837373391507906E-04	1.902518028764384E-04	1.834481539256413E-04	1.834251717017294E-04	1.847231141367265E-04	1.847000913754783E-04
DCP:CapPL	-8.145064354114252E-06	-1.568428787464093E-05	-4.812762611338733E-06	-1.456427641903096E-05	-2.594378586653437E-06	2.680892861066431E-06	5.176664147444085E-05	6.493214666934841E-05	5.379870847242386E-05	1.000941990066117E-04	7.734102140547034E-05	5.575113074015929E-05	1.788753201000996E-04	1.834481539256414E-04	4.228760563563338E-04	2.118930901897675E-04	4.134221046581071E-04	2.143536647952073E-04
DCP:CapPR	-1.550599219978459E-05	-8.149591183329659E-06	-1.438042224648098E-05	-4.807275335745275E-06	-2.596604417434614E-06	2.679207607409829E-06	5.174273093416731E-05	5.380680779111698E-05	6.486081304123513E-05	7.741691355053180E-05	9.993704712515552E-05	5.576607258621831E-05	1.788508274479063E-04	1.834251717017291E-04	2.118930901897680E-04	4.227035112469662E-04	2.143679692397021E-04	4.132811132121879E-04
DCP:QH_D_L	-1.157903813003719E-05	-1.539682597629521E-05	-7.449589595780214E-06	-1.481826364735587E-05	-2.376705813663799E-06	2.892113541623906E-06	5.356629772454650E-05	6.872317071956300E-05	5.593884429892786E-05	1.130232436566954E-04	8.292617635418498E-05	5.579749597237528E-05	1.801793018551899E-04	1.847231141367263E-04	4.134221046581074E-04	2.143679692397021E-04	4.520567156669423E-04	2.164908543436872E-04
DCP:QH_D_R	-1.523670780648092E-05	-1.161914610033597E-05	-1.464009758690597E-05	-7.480115860100037E-06	-2.381221542156138E-06	2.890842848147545E-06	5.355127960983373E-05	5.595447590076342E-05	6.866053068111442E-05	8.298595227151145E-05	1.128601018926595E-04	5.580156507139447E-05	1.801548568150055E-04	1.847000913754783E-04	2.143536647952076E-04	4.132811132121880E-04	2.164908543436875E-04	4.519872669333887E-04

AC Resistance Matrix Coupling Coefficient
	AC:QH_S_L	AC:QH_S_R	AC:QL_D_L	AC:QL_D_R	DCN:CapB1N	DCN:CapB2N	DCN:CapB3N	DCN:CapNL	DCN:CapNR	DCN:QL_S_L	DCN:QL_S_R	DCP:CapB1P	DCP:CapB2P	DCP:CapB3P	DCP:CapPL	DCP:CapPR	DCP:QH_D_L	DCP:QH_D_R	
AC:QH_S_L	1.000000000000000E+00	1.227106855966473E-01	9.176298804902872E-01	1.223477798647921E-01	2.586429493209132E-03	1.162860534395851E-03	1.230200667313167E-02	1.445266507917414E-02	1.287094983468251E-02	7.187824304285277E-02	1.165540600104326E-01	1.907017233018025E-03	1.282523152955963E-02	1.181583288384111E-02	2.131135844496788E-02	4.057932279137548E-02	2.930212946896915E-02	3.856125861552415E-02
AC:QH_S_R	1.227106855966476E-01	1.000000000000000E+00	1.222683563720486E-01	9.172955342255434E-01	2.531276286412741E-03	1.075213938937253E-03	1.244334497882854E-02	1.322681631045352E-02	1.453884726292298E-02	1.176424521966842E-01	7.230492463407365E-02	1.808598149499699E-03	1.291873031608445E-02	1.191218606864727E-02	4.105217783372377E-02	2.133515685544710E-02	3.897738357226054E-02	2.941636847415320E-02
AC:QL_D_L	9.176298804902865E-01	1.222683563720486E-01	1.000000000000000E+00	1.172634485414195E-01	2.551147406623097E-03	3.889664658770247E-03	1.039671398517047E-02	1.227751579039344E-02	1.051534198853786E-02	3.995958068923450E-02	1.139182780466312E-01	1.509813787180893E-03	1.071205312499753E-02	1.031419549464451E-02	1.289906992979251E-02	3.854998513266704E-02	1.931107227975345E-02	3.795346014000441E-02
AC:QL_D_R	1.223477798647920E-01	9.172955342255434E-01	1.172634485414190E-01	1.000000000000000E+00	2.585850526220321E-03	3.967116717943821E-03	1.050091637026926E-02	1.086277058712762E-02	1.232457831414683E-02	1.150389751873060E-01	4.051938458057679E-02	1.583829391515494E-03	1.080208551721366E-02	1.041015849016251E-02	3.906015578063955E-02	1.289533637562307E-02	3.843726347920465E-02	1.940424862190989E-02
DCN:CapB1N	2.586429493208220E-03	2.531276286412621E-03	2.551147406622577E-03	2.585850526220632E-03	1.000000000000000E+00	8.791291752302905E-01	3.309318988965713E-01	2.950905419758842E-01	2.950040640797572E-01	1.839991011478647E-01	1.840720624485026E-01	2.408728316890680E-02	1.470300207133741E-02	2.357552049852309E-02	2.079160072061594E-02	2.081368545607767E-02	1.842214044631205E-02	1.845856034952758E-02
DCN:CapB2N	1.162860534395351E-03	1.075213938937384E-03	3.889664658769809E-03	3.967116717944159E-03	8.791291752302959E-01	1.000000000000000E+00	3.658523340963559E-01	3.246020199018642E-01	3.244924381116319E-01	2.005722005897050E-01	2.007127591027957E-01	3.394663207084724E-02	4.399535333408774E-02	3.482473354744174E-02	2.147992803995109E-02	2.147080618926350E-02	2.241190577601164E-02	2.240377976306527E-02
DCN:CapB3N	1.230200667313136E-02	1.244334497882827E-02	1.039671398516996E-02	1.050091637026961E-02	3.309318988965668E-01	3.658523340963538E-01	1.000000000000000E+00	8.866156262989269E-01	8.864494778434227E-01	5.427275371145089E-01	5.428463782732601E-01	3.684650284914587E-02	1.709533109183356E-01	1.872652188923198E-01	2.142126054667053E-01	2.141573581309112E-01	2.143861621777202E-01	2.143425209805507E-01
DCN:CapNL	1.445266507917479E-02	1.322681631045410E-02	1.227751579039335E-02	1.086277058712838E-02	2.950905419758854E-01	3.246020199018643E-01	8.866156262989267E-01	1.000000000000000E+00	7.934050345896635E-01	5.335390122454278E-01	5.131003722646202E-01	2.837201646756335E-02	1.617764708409870E-01	1.780494777979876E-01	2.429667655593125E-01	2.013784337661480E-01	2.487140875106318E-01	2.025188213902406E-01
DCN:CapNR	1.287094983468300E-02	1.453884726292287E-02	1.051534198853770E-02	1.232457831414674E-02	2.950040640797563E-01	3.244924381116330E-01	8.864494778434225E-01	7.934050345896656E-01	1.000000000000000E+00	5.129206264777088E-01	5.334558821410752E-01	2.843970147244900E-02	1.617243081270843E-01	1.779917228860499E-01	2.013208032874348E-01	2.427659724093275E-01	2.024605346901489E-01	2.485234696694196E-01
DCN:QL_S_L	7.187824304285312E-02	1.176424521966848E-01	3.995958068923450E-02	1.150389751873066E-01	1.839991011478659E-01	2.005722005897050E-01	5.427275371145094E-01	5.335390122454280E-01	5.129206264777079E-01	1.000000000000000E+00	4.912358263277843E-01	1.874350859235370E-02	1.145422590137194E-01	1.243875371547319E-01	2.204970194194930E-01	1.705761420975117E-01	2.408084192332205E-01	1.768242579858715E-01
DCN:QL_S_R	1.165540600104328E-01	7.230492463407374E-02	1.139182780466311E-01	4.051938458057720E-02	1.840720624485033E-01	2.007127591027962E-01	5.428463782732607E-01	5.131003722646200E-01	5.334558821410744E-01	4.912358263277841E-01	1.000000000000000E+00	1.887485709611767E-02	1.145285850989370E-01	1.243562278619280E-01	1.704984925457274E-01	2.203564531949875E-01	1.768122563481217E-01	2.406547986670076E-01
DCP:CapB1P	1.907017233019899E-03	1.808598149499966E-03	1.509813787180702E-03	1.583829391515576E-03	2.408728316891280E-02	3.394663207084363E-02	3.684650284914657E-02	2.837201646756233E-02	2.843970147244716E-02	1.874350859235376E-02	1.887485709611793E-02	1.000000000000000E+00	5.032403128132676E-01	4.990419010437555E-01	3.308290674008730E-01	3.309852652671673E-01	3.202394086773379E-01	3.202873660755786E-01
DCP:CapB2P	1.282523152956007E-02	1.291873031608451E-02	1.071205312499772E-02	1.080208551721390E-02	1.470300207133004E-02	4.399535333408905E-02	1.709533109183358E-01	1.617764708409871E-01	1.617243081270812E-01	1.145422590137187E-01	1.145285850989360E-01	5.032403128132704E-01	1.000000000000000E+00	9.768637503702501E-01	6.378885958152947E-01	6.379314124834627E-01	6.214545883859884E-01	6.214180107973037E-01
DCP:CapB3P	1.181583288384115E-02	1.191218606864750E-02	1.031419549464412E-02	1.041015849016264E-02	2.357552049852601E-02	3.482473354744062E-02	1.872652188923191E-01	1.780494777979885E-01	1.779917228860488E-01	1.243875371547317E-01	1.243562278619274E-01	4.990419010437563E-01	9.768637503702500E-01	1.000000000000000E+00	6.467588905984295E-01	6.468098368129914E-01	6.298837266618931E-01	6.298536053472573E-01
DCP:CapPL	2.131135844496777E-02	4.105217783372346E-02	1.289906992979238E-02	3.906015578063952E-02	2.079160072061561E-02	2.147992803995256E-02	2.142126054667051E-01	2.429667655593115E-01	2.013208032874338E-01	2.204970194194924E-01	1.704984925457272E-01	3.308290674008718E-01	6.378885958152957E-01	6.467588905984297E-01	1.000000000000000E+00	5.011783697702697E-01	9.455634640643321E-01	4.902992907512024E-01
DCP:CapPR	4.057932279137546E-02	2.133515685544701E-02	3.854998513266735E-02	1.289533637562314E-02	2.081368545607800E-02	2.147080618926405E-02	2.141573581309115E-01	2.013784337661475E-01	2.427659724093270E-01	1.705761420975117E-01	2.203564531949876E-01	3.309852652671660E-01	6.379314124834640E-01	6.468098368129906E-01	5.011783697702710E-01	1.000000000000000E+00	4.903944013892804E-01	9.455065260889781E-01
DCP:QH_D_L	2.930212946896960E-02	3.897738357226039E-02	1.931107227975363E-02	3.843726347920497E-02	1.842214044631205E-02	2.241190577601048E-02	2.143861621777199E-01	2.487140875106317E-01	2.024605346901481E-01	2.408084192332202E-01	1.768122563481217E-01	3.202394086773381E-01	6.214545883859882E-01	6.298837266618923E-01	9.455634640643326E-01	4.903944013892805E-01	1.000000000000000E+00	4.789387665847386E-01
DCP:QH_D_R	3.856125861552433E-02	2.941636847415326E-02	3.795346014000442E-02	1.940424862191042E-02	1.845856034952808E-02	2.240377976306501E-02	2.143425209805517E-01	2.025188213902411E-01	2.485234696694193E-01	1.768242579858713E-01	2.406547986670080E-01	3.202873660755787E-01	6.214180107973033E-01	6.298536053472573E-01	4.902992907512032E-01	9.455065260889783E-01	4.789387665847392E-01	1.000000000000000E+00

