Design Variation:  h_23='1.2mm' h_34='0.10000000000000001mm' h_diel='0.10000000000000001mm' r_anti='0.34999999999999998mm' t_L1='0.070000000000000007mm' t_L2='0.070000000000000007mm' t_L3='0.070000000000000007mm' t_L4='0.070000000000000007mm' t_pad='0.035000000000000003mm' via_r='0.14999999999999999mm' z_L1='0.17000000000000001mm' z_L3b='-1.2699999999999998mm' z_L3t='-1.2mm' z_L4b='-1.4399999999999999mm' z_L4t='-1.3699999999999999mm' z_top='0.24000000000000002mm'
Setup1:Sweep1
Problem Type:  DC RL, AC RL
R Units:ohm, L Units:nH
Reduce Matrix:  Original
Frequency:  10MHz

DC Inductance Matrix
	AC:QH_S_L	AC:QH_S_R	AC:QL_D_L	AC:QL_D_R	DCN:CapB1N	DCN:CapB2N	DCN:CapB3N	DCN:CapNL	DCN:CapNR	DCN:QL_S_L	DCN:QL_S_R	DCP:CapB1P	DCP:CapB2P	DCP:CapB3P	DCP:CapPL	DCP:CapPR	DCP:QH_D_L	DCP:QH_D_R	
AC:QH_S_L	2.616060046052188E+00	5.507061337262714E-01	2.325732313709410E+00	4.254552557118878E-01	1.436894410584490E-02	-1.423891776769946E-02	-3.298237319602008E-01	-3.857115001772160E-01	-4.425242114289178E-01	-1.105204720633256E+00	-1.660272498423622E+00	-2.307408127643835E-02	-2.777483469233012E-01	-3.142243200735677E-01	-4.674899195054016E-01	-8.404769308405093E-01	-5.914954385302269E-01	-9.320880503163694E-01
AC:QH_S_R	5.507061337262714E-01	2.607854417434932E+00	4.258574110693559E-01	2.316772245826313E+00	1.442398351164451E-02	-1.417719602672969E-02	-3.296236253990040E-01	-4.420579934257641E-01	-3.857027570462644E-01	-1.657585515981295E+00	-1.108122318905317E+00	-2.298404181186539E-02	-2.775844970104727E-01	-3.140496307062182E-01	-8.392366090678973E-01	-4.679434877698012E-01	-9.308772356493148E-01	-5.920900611408673E-01
AC:QL_D_L	2.325732313709410E+00	4.258574110693559E-01	2.224774331578053E+00	3.185334324495775E-01	1.152939691990505E-02	-1.027303059988345E-02	-2.482531214863168E-01	-2.791477667102878E-01	-3.443416842963421E-01	-6.242763261003815E-01	-1.382119912604517E+00	-1.708881796908541E-02	-2.099823720470943E-01	-2.375468265544434E-01	-2.886105549858606E-01	-6.923603611389764E-01	-3.661896607229181E-01	-7.684534970170481E-01
AC:QL_D_R	4.254552557118878E-01	2.316772245826313E+00	3.185334324495775E-01	2.215583663922452E+00	1.157908690589017E-02	-1.020678570615810E-02	-2.479345334252193E-01	-3.437399971463886E-01	-2.789720602821103E-01	-1.379026193494250E+00	-6.265140182355217E-01	-1.698685880563770E-02	-2.097332230892382E-01	-2.372745822016784E-01	-6.908941974325242E-01	-2.888573807541508E-01	-7.669815852396464E-01	-3.665335302584896E-01
DCN:CapB1N	1.436894410584490E-02	1.442398351164451E-02	1.152939691990505E-02	1.157908690589017E-02	1.152496782290188E-01	1.026900224817094E-01	5.669613769951823E-02	5.046057237218788E-02	5.046756072802659E-02	2.946098007442072E-02	2.949346539416656E-02	3.569424845152278E-02	-1.722546879902566E-04	-5.911347336558180E-03	-3.003135806895981E-02	-2.995040237344039E-02	-3.334872735201377E-02	-3.327646963522808E-02
DCN:CapB2N	-1.423891776769946E-02	-1.417719602672969E-02	-1.027303059988345E-02	-1.020678570615810E-02	1.026900224817094E-01	1.128982453199248E-01	1.415769650751525E-01	1.447804501058822E-01	1.447987070332291E-01	1.712946587783732E-01	1.713369867756707E-01	4.083499407187202E-02	9.319846075965192E-02	9.569543973212877E-02	1.152652762098883E-01	1.153410091271787E-01	1.197113541189828E-01	1.197783156105349E-01
DCN:CapB3N	-3.298237319602008E-01	-3.296236253990040E-01	-2.482531214863168E-01	-2.479345334252193E-01	5.669613769951823E-02	1.415769650751525E-01	1.115820002882194E+00	1.250266114216238E+00	1.250351987439570E+00	1.838061057536232E+00	1.838240296710670E+00	9.539629013035843E-02	7.929977083604034E-01	9.075652713196989E-01	1.524275547536790E+00	1.524255338641548E+00	1.623924473642010E+00	1.623873379433443E+00
DCN:CapNL	-3.857115001772160E-01	-4.420579934257641E-01	-2.791477667102878E-01	-3.437399971463886E-01	5.046057237218788E-02	1.447804501058822E-01	1.250266114216238E+00	1.517827931713311E+00	1.394978567384814E+00	2.276496973597894E+00	2.123967011701221E+00	1.021031947671087E-01	8.861806621608168E-01	1.015283987559125E+00	1.880368418652557E+00	1.690735066999155E+00	2.025567315762628E+00	1.807023789630547E+00
DCN:CapNR	-4.425242114289178E-01	-3.857027570462644E-01	-3.443416842963421E-01	-2.789720602821103E-01	5.046756072802659E-02	1.447987070332291E-01	1.250351987439570E+00	1.394978567384814E+00	1.518195484488156E+00	2.123939280255455E+00	2.277065907886919E+00	1.021379876511444E-01	8.862513416939594E-01	1.015365928692522E+00	1.690896045721438E+00	1.880548093673910E+00	1.807219108774164E+00	2.025756004332549E+00
DCN:QL_S_L	-1.105204720633256E+00	-1.657585515981295E+00	-6.242763261003815E-01	-1.379026193494250E+00	2.946098007442072E-02	1.712946587783732E-01	1.838061057536232E+00	2.276496973597894E+00	2.123939280255455E+00	5.458407180572558E+00	3.914985999856515E+00	1.431990076951580E-01	1.359631663279275E+00	1.552251211261804E+00	3.245539268048500E+00	2.726025045796838E+00	3.692170761159999E+00	3.016123753913461E+00
DCN:QL_S_R	-1.660272498423622E+00	-1.108122318905317E+00	-1.382119912604517E+00	-6.265140182355217E-01	2.949346539416656E-02	1.713369867756707E-01	1.838240296710670E+00	2.123967011701221E+00	2.277065907886919E+00	3.914985999856515E+00	5.458707853861087E+00	1.432956965003588E-01	1.359745199673968E+00	1.552373131439055E+00	2.726598882126225E+00	3.245679232487799E+00	3.016717726410326E+00	3.692248576523131E+00
DCP:CapB1P	-2.307408127643835E-02	-2.298404181186539E-02	-1.708881796908541E-02	-1.698685880563770E-02	3.569424845152278E-02	4.083499407187202E-02	9.539629013035843E-02	1.021031947671087E-01	1.021379876511444E-01	1.431990076951580E-01	1.432956965003588E-01	2.022628296834892E-01	2.500309622635710E-01	2.551282280932992E-01	2.896914163198758E-01	2.898540358825423E-01	2.963419629392916E-01	2.965035332919677E-01
DCP:CapB2P	-2.777483469233012E-01	-2.775844970104727E-01	-2.099823720470943E-01	-2.097332230892382E-01	-1.722546879902566E-04	9.319846075965192E-02	7.929977083604034E-01	8.861806621608168E-01	8.862513416939594E-01	1.359631663279275E+00	1.359745199673968E+00	2.500309622635710E-01	1.363137457482617E+00	1.436838686009960E+00	1.855556543666609E+00	1.855536833781156E+00	1.932886146587994E+00	1.932831856564874E+00
DCP:CapB3P	-3.142243200735677E-01	-3.140496307062182E-01	-2.375468265544434E-01	-2.372745822016784E-01	-5.911347336558180E-03	9.569543973212877E-02	9.075652713196989E-01	1.015283987559125E+00	1.015365928692522E+00	1.552251211261804E+00	1.552373131439055E+00	2.551282280932992E-01	1.436838686009960E+00	1.534756473903597E+00	2.016829265962245E+00	2.016787397667042E+00	2.104989116053956E+00	2.104911199864585E+00
DCP:CapPL	-4.674899195054016E-01	-8.392366090678973E-01	-2.886105549858606E-01	-6.908941974325242E-01	-3.003135806895981E-02	1.152652762098883E-01	1.524275547536790E+00	1.880368418652557E+00	1.690896045721438E+00	3.245539268048500E+00	2.726598882126225E+00	2.896914163198758E-01	1.855556543666609E+00	2.016829265962245E+00	4.031319463007873E+00	2.879196903055622E+00	4.256095636396783E+00	3.045682370894672E+00
DCP:CapPR	-8.404769308405093E-01	-4.679434877698012E-01	-6.923603611389764E-01	-2.888573807541508E-01	-2.995040237344039E-02	1.153410091271787E-01	1.524255338641548E+00	1.690735066999155E+00	1.880548093673910E+00	2.726025045796838E+00	3.245679232487799E+00	2.898540358825423E-01	1.855536833781156E+00	2.016787397667042E+00	2.879196903055622E+00	4.031092023801706E+00	3.045678002202070E+00	4.255774197378384E+00
DCP:QH_D_L	-5.914954385302269E-01	-9.308772356493148E-01	-3.661896607229181E-01	-7.669815852396464E-01	-3.334872735201377E-02	1.197113541189828E-01	1.623924473642010E+00	2.025567315762628E+00	1.807219108774164E+00	3.692170761159999E+00	3.016717726410326E+00	2.963419629392916E-01	1.932886146587994E+00	2.104989116053956E+00	4.256095636396783E+00	3.045678002202070E+00	4.639022126562501E+00	3.226698860259223E+00
DCP:QH_D_R	-9.320880503163694E-01	-5.920900611408673E-01	-7.684534970170481E-01	-3.665335302584896E-01	-3.327646963522808E-02	1.197783156105349E-01	1.623873379433443E+00	1.807023789630547E+00	2.025756004332549E+00	3.016123753913461E+00	3.692248576523131E+00	2.965035332919677E-01	1.932831856564874E+00	2.104911199864585E+00	3.045682370894672E+00	4.255774197378384E+00	3.226698860259223E+00	4.638694297394266E+00

DC Inductance Matrix Coupling Coefficient
	AC:QH_S_L	AC:QH_S_R	AC:QL_D_L	AC:QL_D_R	DCN:CapB1N	DCN:CapB2N	DCN:CapB3N	DCN:CapNL	DCN:CapNR	DCN:QL_S_L	DCN:QL_S_R	DCP:CapB1P	DCP:CapB2P	DCP:CapB3P	DCP:CapPL	DCP:CapPR	DCP:QH_D_L	DCP:QH_D_R	
AC:QH_S_L	1.000000000000000E+00	2.108406701413021E-01	9.640351971169729E-01	1.767201053391770E-01	2.616863927261209E-02	2.620049713487131E-02	1.930460750448728E-01	1.935652814679297E-01	2.220492625238166E-01	2.924730892754150E-01	4.393499629989397E-01	3.172068261982054E-02	1.470814161837780E-01	1.568181059492979E-01	1.439543486874358E-01	2.588156819667839E-01	1.697908661491274E-01	2.675686392764268E-01
AC:QH_S_R	2.108406701413021E-01	1.000000000000000E+00	1.767988986311451E-01	9.638236817507805E-01	2.631017185136526E-02	2.612793437552053E-02	1.932322401574875E-01	2.221909193904014E-01	1.938417062232954E-01	4.393405675382569E-01	2.936980780847317E-01	3.164657334228005E-02	1.472257277099435E-01	1.569773084507346E-01	2.588326989908561E-01	1.443246057213151E-01	2.676316774812523E-01	1.702347523262147E-01
AC:QL_D_L	9.640351971169729E-01	1.767988986311451E-01	1.000000000000000E+00	1.434722673652941E-01	2.276898900781453E-02	2.049802427334401E-02	1.575631534167246E-01	1.519077407597187E-01	1.873625416416788E-01	1.791434437031808E-01	3.966046625417722E-01	2.547481282240491E-02	1.205785421778607E-01	1.285542720151117E-01	9.637083450656751E-02	2.311946909421508E-01	1.139855694860065E-01	2.392085687444219E-01
AC:QL_D_R	1.767201053391770E-01	9.638236817507805E-01	1.434722673652941E-01	1.000000000000000E+00	2.291449948843673E-02	2.040804125521975E-02	1.576869935423877E-01	1.874453717110297E-01	1.521082553056551E-01	3.965477347764383E-01	1.801531207515205E-01	2.537528685336252E-02	1.206850091917915E-01	1.286729930614790E-01	2.311765937692763E-01	9.665582575715567E-02	2.392366088918756E-01	1.143330414190790E-01
DCN:CapB1N	2.616863927261209E-02	2.631017185136526E-02	2.276898900781453E-02	2.291449948843673E-02	1.000000000000000E+00	9.002534453128912E-01	1.581017009979750E-01	1.206482540139162E-01	1.206503554763496E-01	3.714448700727965E-02	3.718442046296182E-02	2.337869914099995E-01	4.345916357693146E-04	1.405551880162050E-02	4.405868225518948E-02	4.394115258013941E-02	4.560854129483052E-02	4.551132798035890E-02
DCN:CapB2N	2.620049713487131E-02	2.612793437552053E-02	2.049802427334401E-02	2.040804125521975E-02	9.002534453128912E-01	1.000000000000000E+00	3.988888813792799E-01	3.497478521363002E-01	3.497496110041075E-01	2.182062874890495E-01	2.182541965254918E-01	2.702283201119112E-01	2.375720349641804E-01	2.298941442937558E-01	1.708564158179327E-01	1.709734969292171E-01	1.654163849173564E-01	1.655147602585302E-01
DCN:CapB3N	1.930460750448728E-01	1.932322401574875E-01	1.575631534167246E-01	1.576869935423877E-01	1.581017009979750E-01	3.988888813792799E-01	1.000000000000000E+00	9.607139991337038E-01	9.606636760592607E-01	7.447832446715926E-01	7.448353583374157E-01	2.008058565965696E-01	6.429912086611718E-01	6.935233066701877E-01	7.186919887102219E-01	7.187027344596733E-01	7.137654692467484E-01	7.137682323843881E-01
DCN:CapNL	1.935652814679297E-01	2.221909193904014E-01	1.519077407597187E-01	1.874453717110297E-01	1.206482540139162E-01	3.497478521363002E-01	9.607139991337038E-01	1.000000000000000E+00	9.189511320389440E-01	7.909023066904846E-01	7.378899086951834E-01	1.842765282033201E-01	6.160857625341547E-01	6.652065693254052E-01	7.601653515380186E-01	6.835226866546233E-01	7.633473256247593E-01	6.810119358021574E-01
DCN:CapNR	2.220492625238166E-01	1.938417062232954E-01	1.873625416416788E-01	1.521082553056551E-01	1.206503554763496E-01	3.497496110041075E-01	9.606636760592607E-01	9.189511320389440E-01	1.000000000000000E+00	7.378112693580562E-01	7.909824133276541E-01	1.843170071499899E-01	6.160603128127218E-01	6.651797224374101E-01	6.834857323382015E-01	7.601673997855117E-01	6.809790328415397E-01	7.633529899410189E-01
DCN:QL_S_L	2.924730892754150E-01	4.393405675382569E-01	1.791434437031808E-01	3.965477347764383E-01	3.714448700727965E-02	2.182062874890495E-01	7.447832446715926E-01	7.909023066904846E-01	7.378112693580562E-01	1.000000000000000E+00	7.172198862049339E-01	1.362852968067740E-01	4.984464178112601E-01	5.363018630041576E-01	6.918792335127822E-01	5.811463581812382E-01	7.337288436106115E-01	5.994021771733181E-01
DCN:QL_S_R	4.393499629989397E-01	2.936980780847317E-01	3.966046625417722E-01	1.801531207515205E-01	3.718442046296182E-02	2.182541965254918E-01	7.448353583374157E-01	7.378899086951834E-01	7.909824133276541E-01	7.172198862049339E-01	1.000000000000000E+00	1.363735614553291E-01	4.984743118092151E-01	5.363292148592054E-01	5.812362856348868E-01	6.919095333706851E-01	5.994825242916031E-01	7.337500260867135E-01
DCP:CapB1P	3.172068261982054E-02	3.164657334228005E-02	2.547481282240491E-02	2.537528685336252E-02	2.337869914099995E-01	2.702283201119112E-01	2.008058565965696E-01	1.842765282033201E-01	1.843170071499899E-01	1.362852968067740E-01	1.363735614553291E-01	1.000000000000000E+00	4.761742725192885E-01	4.579106416044052E-01	3.208144933212718E-01	3.210036392897169E-01	3.059298768653683E-01	3.061074908532684E-01
DCP:CapB2P	1.470814161837780E-01	1.472257277099435E-01	1.205785421778607E-01	1.206850091917915E-01	4.345916357693146E-04	2.375720349641804E-01	6.429912086611718E-01	6.160857625341547E-01	6.160603128127218E-01	4.984464178112601E-01	4.984743118092151E-01	4.761742725192885E-01	1.000000000000000E+00	9.933869482423773E-01	7.915543854895311E-01	7.915683072163467E-01	7.686404319965343E-01	7.686460024895515E-01
DCP:CapB3P	1.568181059492979E-01	1.569773084507346E-01	1.285542720151117E-01	1.286729930614790E-01	1.405551880162050E-02	2.298941442937558E-01	6.935233066701877E-01	6.652065693254052E-01	6.651797224374101E-01	5.363018630041576E-01	5.363292148592054E-01	4.579106416044052E-01	9.933869482423773E-01	1.000000000000000E+00	8.108224969633109E-01	8.108285377300443E-01	7.888908077870171E-01	7.888894819946732E-01
DCP:CapPL	1.439543486874358E-01	2.588326989908561E-01	9.637083450656751E-02	2.311765937692763E-01	4.405868225518948E-02	1.708564158179327E-01	7.186919887102219E-01	7.601653515380186E-01	6.834857323382015E-01	6.918792335127822E-01	5.812362856348868E-01	3.208144933212718E-01	7.915543854895311E-01	8.108224969633109E-01	1.000000000000000E+00	7.142272281467460E-01	9.841800300961202E-01	7.043088178478327E-01
DCP:CapPR	2.588156819667839E-01	1.443246057213151E-01	2.311946909421508E-01	9.665582575715567E-02	4.394115258013941E-02	1.709734969292171E-01	7.187027344596733E-01	6.835226866546233E-01	7.601673997855117E-01	5.811463581812382E-01	6.919095333706851E-01	3.210036392897169E-01	7.915683072163467E-01	8.108285377300443E-01	7.142272281467460E-01	1.000000000000000E+00	7.043027892153577E-01	9.841682374240235E-01
DCP:QH_D_L	1.697908661491274E-01	2.676316774812523E-01	1.139855694860065E-01	2.392366088918756E-01	4.560854129483052E-02	1.654163849173564E-01	7.137654692467484E-01	7.633473256247593E-01	6.809790328415397E-01	7.337288436106115E-01	5.994825242916031E-01	3.059298768653683E-01	7.686404319965343E-01	7.888908077870171E-01	9.841800300961202E-01	7.043027892153577E-01	1.000000000000000E+00	6.955804025097544E-01
DCP:QH_D_R	2.675686392764268E-01	1.702347523262147E-01	2.392085687444219E-01	1.143330414190790E-01	4.551132798035890E-02	1.655147602585302E-01	7.137682323843881E-01	6.810119358021574E-01	7.633529899410189E-01	5.994021771733181E-01	7.337500260867135E-01	3.061074908532684E-01	7.686460024895515E-01	7.888894819946732E-01	7.043088178478327E-01	9.841682374240235E-01	6.955804025097544E-01	1.000000000000000E+00

DC Resistance Matrix
	AC:QH_S_L	AC:QH_S_R	AC:QL_D_L	AC:QL_D_R	DCN:CapB1N	DCN:CapB2N	DCN:CapB3N	DCN:CapNL	DCN:CapNR	DCN:QL_S_L	DCN:QL_S_R	DCP:CapB1P	DCP:CapB2P	DCP:CapB3P	DCP:CapPL	DCP:CapPR	DCP:QH_D_L	DCP:QH_D_R	
AC:QH_S_L	2.516540265272447E-04	4.016959440756515E-05	2.259991531232501E-04	4.016844334214811E-05	0.000000000000000E+00	0.000000000000000E+00	0.000000000000000E+00	0.000000000000000E+00	0.000000000000000E+00	0.000000000000000E+00	0.000000000000000E+00	0.000000000000000E+00	0.000000000000000E+00	0.000000000000000E+00	0.000000000000000E+00	0.000000000000000E+00	0.000000000000000E+00	0.000000000000000E+00
AC:QH_S_R	4.016959440756515E-05	2.512350022856362E-04	4.016815504921577E-05	2.255436203019120E-04	0.000000000000000E+00	0.000000000000000E+00	0.000000000000000E+00	0.000000000000000E+00	0.000000000000000E+00	0.000000000000000E+00	0.000000000000000E+00	0.000000000000000E+00	0.000000000000000E+00	0.000000000000000E+00	0.000000000000000E+00	0.000000000000000E+00	0.000000000000000E+00	0.000000000000000E+00
AC:QL_D_L	2.259991531232501E-04	4.016815504921577E-05	2.516033905513049E-04	4.016700402627715E-05	0.000000000000000E+00	0.000000000000000E+00	0.000000000000000E+00	0.000000000000000E+00	0.000000000000000E+00	0.000000000000000E+00	0.000000000000000E+00	0.000000000000000E+00	0.000000000000000E+00	0.000000000000000E+00	0.000000000000000E+00	0.000000000000000E+00	0.000000000000000E+00	0.000000000000000E+00
AC:QL_D_R	4.016844334214811E-05	2.255436203019120E-04	4.016700402627715E-05	2.512445438381522E-04	0.000000000000000E+00	0.000000000000000E+00	0.000000000000000E+00	0.000000000000000E+00	0.000000000000000E+00	0.000000000000000E+00	0.000000000000000E+00	0.000000000000000E+00	0.000000000000000E+00	0.000000000000000E+00	0.000000000000000E+00	0.000000000000000E+00	0.000000000000000E+00	0.000000000000000E+00
DCN:CapB1N	0.000000000000000E+00	0.000000000000000E+00	0.000000000000000E+00	0.000000000000000E+00	3.084602596418730E-05	2.688820205683548E-05	2.194112223647212E-05	2.186625592933078E-05	2.186704839355553E-05	2.176356728506576E-05	2.176361406887969E-05	0.000000000000000E+00	0.000000000000000E+00	0.000000000000000E+00	0.000000000000000E+00	0.000000000000000E+00	0.000000000000000E+00	0.000000000000000E+00
DCN:CapB2N	0.000000000000000E+00	0.000000000000000E+00	0.000000000000000E+00	0.000000000000000E+00	2.688820205683548E-05	3.082607901254339E-05	2.197582847378946E-05	2.190091962507363E-05	2.190153150861192E-05	2.179802261574699E-05	2.179795456068964E-05	0.000000000000000E+00	0.000000000000000E+00	0.000000000000000E+00	0.000000000000000E+00	0.000000000000000E+00	0.000000000000000E+00	0.000000000000000E+00
DCN:CapB3N	0.000000000000000E+00	0.000000000000000E+00	0.000000000000000E+00	0.000000000000000E+00	2.194112223647212E-05	2.197582847378946E-05	1.046093256400834E-04	9.830700027996611E-05	9.830429875129935E-05	9.441839918749049E-05	9.441619251953723E-05	0.000000000000000E+00	0.000000000000000E+00	0.000000000000000E+00	0.000000000000000E+00	0.000000000000000E+00	0.000000000000000E+00	0.000000000000000E+00
DCN:CapNL	0.000000000000000E+00	0.000000000000000E+00	0.000000000000000E+00	0.000000000000000E+00	2.186625592933078E-05	2.190091962507363E-05	9.830700027996611E-05	1.233441903197299E-04	9.322125526046228E-05	9.608084599701852E-05	9.270084672155290E-05	0.000000000000000E+00	0.000000000000000E+00	0.000000000000000E+00	0.000000000000000E+00	0.000000000000000E+00	0.000000000000000E+00	0.000000000000000E+00
DCN:CapNR	0.000000000000000E+00	0.000000000000000E+00	0.000000000000000E+00	0.000000000000000E+00	2.186704839355553E-05	2.190153150861192E-05	9.830429875129935E-05	9.322125526046228E-05	1.233899947065881E-04	9.269974345296832E-05	9.608241057819459E-05	0.000000000000000E+00	0.000000000000000E+00	0.000000000000000E+00	0.000000000000000E+00	0.000000000000000E+00	0.000000000000000E+00	0.000000000000000E+00
DCN:QL_S_L	0.000000000000000E+00	0.000000000000000E+00	0.000000000000000E+00	0.000000000000000E+00	2.176356728506576E-05	2.179802261574699E-05	9.441839918749049E-05	9.608084599701852E-05	9.269974345296832E-05	3.135363492964575E-04	1.384652025395243E-04	0.000000000000000E+00	0.000000000000000E+00	0.000000000000000E+00	0.000000000000000E+00	0.000000000000000E+00	0.000000000000000E+00	0.000000000000000E+00
DCN:QL_S_R	0.000000000000000E+00	0.000000000000000E+00	0.000000000000000E+00	0.000000000000000E+00	2.176361406887969E-05	2.179795456068964E-05	9.441619251953723E-05	9.270084672155290E-05	9.608241057819459E-05	1.384652025395243E-04	3.134378904295742E-04	0.000000000000000E+00	0.000000000000000E+00	0.000000000000000E+00	0.000000000000000E+00	0.000000000000000E+00	0.000000000000000E+00	0.000000000000000E+00
DCP:CapB1P	0.000000000000000E+00	0.000000000000000E+00	0.000000000000000E+00	0.000000000000000E+00	0.000000000000000E+00	0.000000000000000E+00	0.000000000000000E+00	0.000000000000000E+00	0.000000000000000E+00	0.000000000000000E+00	0.000000000000000E+00	5.834017712208299E-05	4.311657830112267E-05	4.311644015924943E-05	4.291088658350199E-05	4.290984991116241E-05	4.291120473412750E-05	4.291016630546278E-05
DCP:CapB2P	0.000000000000000E+00	0.000000000000000E+00	0.000000000000000E+00	0.000000000000000E+00	0.000000000000000E+00	0.000000000000000E+00	0.000000000000000E+00	0.000000000000000E+00	0.000000000000000E+00	0.000000000000000E+00	0.000000000000000E+00	4.311657830112267E-05	1.385457746664395E-04	1.345473838059914E-04	1.173342492548627E-04	1.173243785019183E-04	1.173361299522763E-04	1.173262728472489E-04
DCP:CapB3P	0.000000000000000E+00	0.000000000000000E+00	0.000000000000000E+00	0.000000000000000E+00	0.000000000000000E+00	0.000000000000000E+00	0.000000000000000E+00	0.000000000000000E+00	0.000000000000000E+00	0.000000000000000E+00	0.000000000000000E+00	4.311644015924943E-05	1.345473838059914E-04	1.385430019709027E-04	1.173342818797449E-04	1.173241513220789E-04	1.173361637020933E-04	1.173260463554471E-04
DCP:CapPL	0.000000000000000E+00	0.000000000000000E+00	0.000000000000000E+00	0.000000000000000E+00	0.000000000000000E+00	0.000000000000000E+00	0.000000000000000E+00	0.000000000000000E+00	0.000000000000000E+00	0.000000000000000E+00	0.000000000000000E+00	4.291088658350199E-05	1.173342492548627E-04	1.173342818797449E-04	2.931217506194827E-04	1.295427826110374E-04	2.761106926214078E-04	1.294417464413116E-04
DCP:CapPR	0.000000000000000E+00	0.000000000000000E+00	0.000000000000000E+00	0.000000000000000E+00	0.000000000000000E+00	0.000000000000000E+00	0.000000000000000E+00	0.000000000000000E+00	0.000000000000000E+00	0.000000000000000E+00	0.000000000000000E+00	4.290984991116241E-05	1.173243785019183E-04	1.173241513220789E-04	1.295427826110374E-04	2.930529580827975E-04	1.294428484602213E-04	2.760598491390684E-04
DCP:QH_D_L	0.000000000000000E+00	0.000000000000000E+00	0.000000000000000E+00	0.000000000000000E+00	0.000000000000000E+00	0.000000000000000E+00	0.000000000000000E+00	0.000000000000000E+00	0.000000000000000E+00	0.000000000000000E+00	0.000000000000000E+00	4.291120473412750E-05	1.173361299522763E-04	1.173361637020933E-04	2.761106926214078E-04	1.294428484602213E-04	3.022500128526917E-04	1.293422742831991E-04
DCP:QH_D_R	0.000000000000000E+00	0.000000000000000E+00	0.000000000000000E+00	0.000000000000000E+00	0.000000000000000E+00	0.000000000000000E+00	0.000000000000000E+00	0.000000000000000E+00	0.000000000000000E+00	0.000000000000000E+00	0.000000000000000E+00	4.291016630546278E-05	1.173262728472489E-04	1.173260463554471E-04	1.294417464413116E-04	2.760598491390684E-04	1.293422742831991E-04	3.022230343666757E-04

DC Resistance Matrix Coupling Coefficient
	AC:QH_S_L	AC:QH_S_R	AC:QL_D_L	AC:QL_D_R	DCN:CapB1N	DCN:CapB2N	DCN:CapB3N	DCN:CapNL	DCN:CapNR	DCN:QL_S_L	DCN:QL_S_R	DCP:CapB1P	DCP:CapB2P	DCP:CapB3P	DCP:CapPL	DCP:CapPR	DCP:QH_D_L	DCP:QH_D_R	
AC:QH_S_L	1.000000000000000E+00	1.597553577450195E-01	8.981453490707169E-01	1.597477464638994E-01	0.000000000000000E+00	0.000000000000000E+00	0.000000000000000E+00	0.000000000000000E+00	0.000000000000000E+00	0.000000000000000E+00	0.000000000000000E+00	0.000000000000000E+00	0.000000000000000E+00	0.000000000000000E+00	0.000000000000000E+00	0.000000000000000E+00	0.000000000000000E+00	0.000000000000000E+00
AC:QH_S_R	1.597553577450195E-01	1.000000000000000E+00	1.597657076353914E-01	8.977225922227346E-01	0.000000000000000E+00	0.000000000000000E+00	0.000000000000000E+00	0.000000000000000E+00	0.000000000000000E+00	0.000000000000000E+00	0.000000000000000E+00	0.000000000000000E+00	0.000000000000000E+00	0.000000000000000E+00	0.000000000000000E+00	0.000000000000000E+00	0.000000000000000E+00	0.000000000000000E+00
AC:QL_D_L	8.981453490707169E-01	1.597657076353914E-01	1.000000000000000E+00	1.597580958660735E-01	0.000000000000000E+00	0.000000000000000E+00	0.000000000000000E+00	0.000000000000000E+00	0.000000000000000E+00	0.000000000000000E+00	0.000000000000000E+00	0.000000000000000E+00	0.000000000000000E+00	0.000000000000000E+00	0.000000000000000E+00	0.000000000000000E+00	0.000000000000000E+00	0.000000000000000E+00
AC:QL_D_R	1.597477464638994E-01	8.977225922227346E-01	1.597580958660735E-01	1.000000000000000E+00	0.000000000000000E+00	0.000000000000000E+00	0.000000000000000E+00	0.000000000000000E+00	0.000000000000000E+00	0.000000000000000E+00	0.000000000000000E+00	0.000000000000000E+00	0.000000000000000E+00	0.000000000000000E+00	0.000000000000000E+00	0.000000000000000E+00	0.000000000000000E+00	0.000000000000000E+00
DCN:CapB1N	0.000000000000000E+00	0.000000000000000E+00	0.000000000000000E+00	0.000000000000000E+00	1.000000000000000E+00	8.719729437928421E-01	3.862549212743552E-01	3.544993700610522E-01	3.544464111442964E-01	2.213026038655141E-01	2.213378353388820E-01	0.000000000000000E+00	0.000000000000000E+00	0.000000000000000E+00	0.000000000000000E+00	0.000000000000000E+00	0.000000000000000E+00	0.000000000000000E+00
DCN:CapB2N	0.000000000000000E+00	0.000000000000000E+00	0.000000000000000E+00	0.000000000000000E+00	8.719729437928421E-01	1.000000000000000E+00	3.869910416908685E-01	3.551762016903946E-01	3.551201932842553E-01	2.217246645781407E-01	2.217587941912052E-01	0.000000000000000E+00	0.000000000000000E+00	0.000000000000000E+00	0.000000000000000E+00	0.000000000000000E+00	0.000000000000000E+00	0.000000000000000E+00
DCN:CapB3N	0.000000000000000E+00	0.000000000000000E+00	0.000000000000000E+00	0.000000000000000E+00	3.862549212743552E-01	3.869910416908685E-01	1.000000000000000E+00	8.654458383550342E-01	8.652614111129185E-01	5.213477253862231E-01	5.214174168743916E-01	0.000000000000000E+00	0.000000000000000E+00	0.000000000000000E+00	0.000000000000000E+00	0.000000000000000E+00	0.000000000000000E+00	0.000000000000000E+00
DCN:CapNL	0.000000000000000E+00	0.000000000000000E+00	0.000000000000000E+00	0.000000000000000E+00	3.544993700610522E-01	3.551762016903946E-01	8.654458383550342E-01	1.000000000000000E+00	7.556411922155809E-01	4.885775647994030E-01	4.714640731545674E-01	0.000000000000000E+00	0.000000000000000E+00	0.000000000000000E+00	0.000000000000000E+00	0.000000000000000E+00	0.000000000000000E+00	0.000000000000000E+00
DCN:CapNR	0.000000000000000E+00	0.000000000000000E+00	0.000000000000000E+00	0.000000000000000E+00	3.544464111442964E-01	3.551201932842553E-01	8.652614111129185E-01	7.556411922155809E-01	1.000000000000000E+00	4.712969300004787E-01	4.885715452509422E-01	0.000000000000000E+00	0.000000000000000E+00	0.000000000000000E+00	0.000000000000000E+00	0.000000000000000E+00	0.000000000000000E+00	0.000000000000000E+00
DCN:QL_S_L	0.000000000000000E+00	0.000000000000000E+00	0.000000000000000E+00	0.000000000000000E+00	2.213026038655141E-01	2.217246645781407E-01	5.213477253862231E-01	4.885775647994030E-01	4.712969300004787E-01	1.000000000000000E+00	4.416934396136367E-01	0.000000000000000E+00	0.000000000000000E+00	0.000000000000000E+00	0.000000000000000E+00	0.000000000000000E+00	0.000000000000000E+00	0.000000000000000E+00
DCN:QL_S_R	0.000000000000000E+00	0.000000000000000E+00	0.000000000000000E+00	0.000000000000000E+00	2.213378353388820E-01	2.217587941912052E-01	5.214174168743916E-01	4.714640731545674E-01	4.885715452509422E-01	4.416934396136367E-01	1.000000000000000E+00	0.000000000000000E+00	0.000000000000000E+00	0.000000000000000E+00	0.000000000000000E+00	0.000000000000000E+00	0.000000000000000E+00	0.000000000000000E+00
DCP:CapB1P	0.000000000000000E+00	0.000000000000000E+00	0.000000000000000E+00	0.000000000000000E+00	0.000000000000000E+00	0.000000000000000E+00	0.000000000000000E+00	0.000000000000000E+00	0.000000000000000E+00	0.000000000000000E+00	0.000000000000000E+00	1.000000000000000E+00	4.795829932491805E-01	4.795862556732401E-01	3.281403168199133E-01	3.281709007261716E-01	3.231496366103507E-01	3.231562391561302E-01
DCP:CapB2P	0.000000000000000E+00	0.000000000000000E+00	0.000000000000000E+00	0.000000000000000E+00	0.000000000000000E+00	0.000000000000000E+00	0.000000000000000E+00	0.000000000000000E+00	0.000000000000000E+00	0.000000000000000E+00	0.000000000000000E+00	4.795829932491805E-01	1.000000000000000E+00	9.711500079184017E-01	5.822428088699115E-01	5.822621570043633E-01	5.733924277153578E-01	5.733698482346785E-01
DCP:CapB3P	0.000000000000000E+00	0.000000000000000E+00	0.000000000000000E+00	0.000000000000000E+00	0.000000000000000E+00	0.000000000000000E+00	0.000000000000000E+00	0.000000000000000E+00	0.000000000000000E+00	0.000000000000000E+00	0.000000000000000E+00	4.795862556732401E-01	9.711500079184017E-01	1.000000000000000E+00	5.822487970204940E-01	5.822668559853035E-01	5.733983303378398E-01	5.733744788331510E-01
DCP:CapPL	0.000000000000000E+00	0.000000000000000E+00	0.000000000000000E+00	0.000000000000000E+00	0.000000000000000E+00	0.000000000000000E+00	0.000000000000000E+00	0.000000000000000E+00	0.000000000000000E+00	0.000000000000000E+00	0.000000000000000E+00	3.281403168199133E-01	5.822428088699115E-01	5.822487970204940E-01	1.000000000000000E+00	4.419937659539276E-01	9.276326764096803E-01	4.348971485307828E-01
DCP:CapPR	0.000000000000000E+00	0.000000000000000E+00	0.000000000000000E+00	0.000000000000000E+00	0.000000000000000E+00	0.000000000000000E+00	0.000000000000000E+00	0.000000000000000E+00	0.000000000000000E+00	0.000000000000000E+00	0.000000000000000E+00	3.281709007261716E-01	5.822621570043633E-01	5.822668559853035E-01	4.419937659539276E-01	1.000000000000000E+00	4.349324812704910E-01	9.276121121451005E-01
DCP:QH_D_L	0.000000000000000E+00	0.000000000000000E+00	0.000000000000000E+00	0.000000000000000E+00	0.000000000000000E+00	0.000000000000000E+00	0.000000000000000E+00	0.000000000000000E+00	0.000000000000000E+00	0.000000000000000E+00	0.000000000000000E+00	3.231496366103507E-01	5.733924277153578E-01	5.733983303378398E-01	9.276326764096803E-01	4.349324812704910E-01	1.000000000000000E+00	4.279505099756166E-01
DCP:QH_D_R	0.000000000000000E+00	0.000000000000000E+00	0.000000000000000E+00	0.000000000000000E+00	0.000000000000000E+00	0.000000000000000E+00	0.000000000000000E+00	0.000000000000000E+00	0.000000000000000E+00	0.000000000000000E+00	0.000000000000000E+00	3.231562391561302E-01	5.733698482346785E-01	5.733744788331510E-01	4.348971485307828E-01	9.276121121451005E-01	4.279505099756166E-01	1.000000000000000E+00

AC Inductance Matrix
	AC:QH_S_L	AC:QH_S_R	AC:QL_D_L	AC:QL_D_R	DCN:CapB1N	DCN:CapB2N	DCN:CapB3N	DCN:CapNL	DCN:CapNR	DCN:QL_S_L	DCN:QL_S_R	DCP:CapB1P	DCP:CapB2P	DCP:CapB3P	DCP:CapPL	DCP:CapPR	DCP:QH_D_L	DCP:QH_D_R	
AC:QH_S_L	1.145855578672939E+00	3.893072339543511E-01	1.084488334176422E+00	3.640236690149832E-01	-2.882072273833116E-05	-2.871698028866116E-04	-6.131895817583772E-03	1.997628124123809E-03	-1.939092333743904E-02	-8.247431802552178E-02	-1.567074591504283E-01	-4.379887782221374E-04	-7.047382586369761E-03	-7.432075050456607E-03	4.362054635840507E-02	-8.412751612935296E-02	5.232978330933508E-02	-1.028699838128748E-01
AC:QH_S_R	3.893072339543511E-01	1.146988952131641E+00	3.639541688273127E-01	1.085649436248246E+00	-3.186411283105394E-05	-2.914596018404301E-04	-6.136712711190387E-03	-1.940797286677675E-02	1.980821114979462E-03	-1.571421030571202E-01	-8.243741739538721E-02	-4.368735188310328E-04	-7.010527438129704E-03	-7.392720624883670E-03	-8.418335348764265E-02	4.375086082948266E-02	-1.031675385170816E-01	5.247172426592456E-02
AC:QL_D_L	1.084488334176422E+00	3.639541688273129E-01	1.105776710932909E+00	3.411826239106300E-01	-5.847484511277707E-05	-2.594519987507534E-04	-5.020092298106031E-03	2.442608954679038E-03	-1.677815459594493E-02	-7.530610759585954E-03	-1.404731906650434E-01	-3.500931483206141E-04	-5.420548890512626E-03	-5.779696083091746E-03	4.751787486640116E-02	-7.660990589768413E-02	5.578321109911965E-02	-9.330741483931961E-02
AC:QL_D_R	3.640236690149832E-01	1.085649436248246E+00	3.411826239106300E-01	1.106956692799312E+00	-6.113426998336057E-05	-2.638955051999586E-04	-5.030501316738648E-03	-1.680510587356561E-02	2.409888376933809E-03	-1.409112144064901E-01	-7.503343656398842E-03	-3.472443375307352E-04	-5.389606140680119E-03	-5.744665833029228E-03	-7.668547142355832E-02	4.759058934141260E-02	-9.360323896489421E-02	5.583510135475403E-02
DCN:CapB1N	-2.882072273835217E-05	-3.186411283110795E-05	-5.847484511276690E-05	-6.113426998331640E-05	3.406558296357505E-02	3.087891599588693E-02	2.770826895029686E-02	2.789221898828387E-02	2.789434050437907E-02	2.787189990294009E-02	2.787859179589440E-02	2.059293554832497E-03	1.162843898485978E-03	1.085991661551339E-03	8.567519489279589E-04	8.549653088955485E-04	1.095160736427674E-03	1.094569081134946E-03
DCN:CapB2N	-2.871698028866083E-04	-2.914596018404274E-04	-2.594519987507554E-04	-2.638955051999694E-04	3.087891599588690E-02	3.414498767953122E-02	3.143996498521587E-02	3.171887023752020E-02	3.172247719006464E-02	3.195721475528421E-02	3.196204771794835E-02	1.801503235620501E-03	6.766105640910484E-03	6.703244624525728E-03	7.401433724660974E-03	7.400362727239462E-03	7.612952800562977E-03	7.611134987978811E-03
DCN:CapB3N	-6.131895817583790E-03	-6.136712711190422E-03	-5.020092298106018E-03	-5.030501316738628E-03	2.770826895029690E-02	3.143996498521582E-02	1.673788978921013E-01	1.707424317749483E-01	1.707478788530594E-01	1.783061497317023E-01	1.782994244048362E-01	2.446577991628178E-03	6.603477992606221E-02	7.427358778040662E-02	1.360883216476620E-01	1.360968375167051E-01	1.379208372192158E-01	1.379113891169415E-01
DCN:CapNL	1.997628124123782E-03	-1.940797286677674E-02	2.442608954679059E-03	-1.680510587356565E-02	2.789221898828383E-02	3.171887023752023E-02	1.707424317749483E-01	2.212617498298615E-01	1.758601063814748E-01	2.256797528768705E-01	1.932798990046012E-01	2.365365528445004E-03	6.867949353197307E-02	7.700066655859152E-02	1.756022687427810E-01	1.459834746382901E-01	1.776511282487976E-01	1.490384411427441E-01
DCN:CapNR	-1.939092333743904E-02	1.980821114979481E-03	-1.677815459594492E-02	2.409888376933764E-03	2.789434050437904E-02	3.172247719006468E-02	1.707478788530594E-01	1.758601063814748E-01	2.212524170446007E-01	1.933181386754645E-01	2.256998693403679E-01	2.364618553368744E-03	6.869359807449514E-02	7.701347508590288E-02	1.459989624135937E-01	1.756489682367201E-01	1.490939485460400E-01	1.776967132519743E-01
DCN:QL_S_L	-8.247431802552181E-02	-1.571421030571202E-01	-7.530610759585941E-03	-1.409112144064901E-01	2.787189990294009E-02	3.195721475528421E-02	1.783061497317023E-01	2.256797528768706E-01	1.933181386754645E-01	6.716213746443314E-01	2.904581694256686E-01	2.806828428289068E-03	7.867048508992147E-02	8.751276187987178E-02	2.509456012006096E-01	1.933492197472365E-01	3.106213842529161E-01	2.080823709714279E-01
DCN:QL_S_R	-1.567074591504283E-01	-8.243741739538721E-02	-1.404731906650434E-01	-7.503343656398860E-03	2.787859179589440E-02	3.196204771794835E-02	1.782994244048362E-01	1.932798990046012E-01	2.256998693403678E-01	2.904581694256686E-01	6.712139057233949E-01	2.808555481963891E-03	7.867700767411247E-02	8.751811538219102E-02	1.933018868037528E-01	2.508226659179275E-01	2.081919507956415E-01	3.099116730393179E-01
DCP:CapB1P	-4.379887782221228E-04	-4.368735188310222E-04	-3.500931483206162E-04	-3.472443375307492E-04	2.059293554832505E-03	1.801503235620489E-03	2.446577991628101E-03	2.365365528445020E-03	2.364618553368763E-03	2.806828428289057E-03	2.808555481963902E-03	7.755182582829019E-02	6.820429832047788E-02	6.825012583862712E-02	6.927602700154623E-02	6.927584283450787E-02	6.917898561883755E-02	6.917636854822855E-02
DCP:CapB2P	-7.047382586369752E-03	-7.010527438129572E-03	-5.420548890512643E-03	-5.389606140680253E-03	1.162843898485858E-03	6.766105640910497E-03	6.603477992606256E-02	6.867949353197293E-02	6.869359807449506E-02	7.867048508992147E-02	7.867700767411247E-02	6.820429832047788E-02	5.258343830086734E-01	5.265728777330577E-01	5.439752101536808E-01	5.440257665289457E-01	5.456502571244676E-01	5.456913339314806E-01
DCP:CapB3P	-7.432075050456658E-03	-7.392720624883773E-03	-5.779696083091693E-03	-5.744665833029123E-03	1.085991661551428E-03	6.703244624525721E-03	7.427358778040642E-02	7.700066655859167E-02	7.701347508590292E-02	8.751276187987175E-02	8.751811538219102E-02	6.825012583862709E-02	5.265728777330577E-01	5.339420511946440E-01	5.521039664509521E-01	5.521552432493020E-01	5.538894797203588E-01	5.539299176452208E-01
DCP:CapPL	4.362054635840505E-02	-8.418335348764261E-02	4.751787486640115E-02	-7.668547142355837E-02	8.567519489279162E-04	7.401433724661036E-03	1.360883216476619E-01	1.756022687427811E-01	1.459989624135938E-01	2.509456012006095E-01	1.933018868037528E-01	6.927602700154620E-02	5.439752101536811E-01	5.521039664509518E-01	1.293351089904552E+00	7.608426729152609E-01	1.295769577179889E+00	7.685930496268270E-01
DCP:CapPR	-8.412751612935293E-02	4.375086082948271E-02	-7.660990589768413E-02	4.759058934141255E-02	8.549653088955574E-04	7.400362727239445E-03	1.360968375167052E-01	1.459834746382901E-01	1.756489682367200E-01	1.933492197472364E-01	2.508226659179275E-01	6.927584283450791E-02	5.440257665289456E-01	5.521552432493020E-01	7.608426729152609E-01	1.293531056865505E+00	7.686893863977059E-01	1.295806234977514E+00
DCP:QH_D_L	5.232978330933506E-02	-1.031675385170816E-01	5.578321109911972E-02	-9.360323896489423E-02	1.095160736427705E-03	7.612952800562946E-03	1.379208372192159E-01	1.776511282487976E-01	1.490939485460399E-01	3.106213842529161E-01	2.081919507956416E-01	6.917898561883758E-02	5.456502571244672E-01	5.538894797203591E-01	1.295769577179889E+00	7.686893863977060E-01	1.362171993265471E+00	7.780147370023043E-01
DCP:QH_D_R	-1.028699838128749E-01	5.247172426592456E-02	-9.330741483931952E-02	5.583510135475404E-02	1.094569081134920E-03	7.611134987978837E-03	1.379113891169415E-01	1.490384411427441E-01	1.776967132519743E-01	2.080823709714280E-01	3.099116730393179E-01	6.917636854822853E-02	5.456913339314808E-01	5.539299176452207E-01	7.685930496268268E-01	1.295806234977514E+00	7.780147370023043E-01	1.361616143807614E+00

AC Inductance Matrix Coupling Coefficient
	AC:QH_S_L	AC:QH_S_R	AC:QL_D_L	AC:QL_D_R	DCN:CapB1N	DCN:CapB2N	DCN:CapB3N	DCN:CapNL	DCN:CapNR	DCN:QL_S_L	DCN:QL_S_R	DCP:CapB1P	DCP:CapB2P	DCP:CapB3P	DCP:CapPL	DCP:CapPR	DCP:QH_D_L	DCP:QH_D_R	
AC:QH_S_L	1.000000000000000E+00	3.395845433791048E-01	9.634434388403815E-01	3.232208482523365E-01	1.458753842362419E-04	1.451811887700823E-03	1.400165826660292E-02	3.967313596396409E-03	3.851142030415047E-02	9.401378477013946E-02	1.786875337114039E-01	1.469271411254962E-03	9.079008384830408E-03	9.501629286626637E-03	3.583174365824925E-02	6.910105764443411E-02	4.188591636804708E-02	8.235621596370699E-02
AC:QH_S_R	3.395845433791048E-01	1.000000000000000E+00	3.231717287500130E-01	9.634843807100204E-01	1.611997266969716E-04	1.472771155099495E-03	1.400573235999013E-02	3.852542049687621E-02	3.932073502560494E-03	1.790402555403691E-01	9.395378651440196E-02	1.464805931074256E-03	9.027065339137172E-03	9.446645413544539E-03	6.911755837937845E-02	3.591853004220968E-02	8.253677168274699E-02	4.198734101298245E-02
AC:QL_D_L	9.634434388403815E-01	3.231717287500130E-01	1.000000000000000E+00	3.083811830627139E-01	3.012849568989988E-04	1.335241497325636E-03	1.166883854049726E-02	4.938181568161410E-03	3.392082922044230E-02	8.738446393415766E-03	1.630531731134058E-01	1.195511830938101E-03	7.108616026738276E-03	7.521842232786832E-03	3.973425488882530E-02	6.405643714159803E-02	4.545208576447098E-02	7.604227329531293E-02
AC:QL_D_R	3.232208482523365E-01	9.634843807100204E-01	3.083811830627139E-01	1.000000000000000E+00	3.148194114411528E-04	1.357385475514558E-03	1.168679967621031E-02	3.395648800225093E-02	4.869536213870788E-03	1.634248096974675E-01	8.704805063545980E-03	1.185151427001422E-03	7.064268927114688E-03	7.472267191378592E-03	6.408989496582496E-02	3.977107569535025E-02	7.622713346299714E-02	4.547939174409871E-02
DCN:CapB1N	1.458753842363482E-04	1.611997266972448E-04	3.012849568989464E-04	3.148194114409254E-04	1.000000000000000E+00	9.054003397902964E-01	3.669451313265996E-01	3.212713381954708E-01	3.213025508007317E-01	1.842665082525118E-01	1.843666852502244E-01	4.006492499440107E-02	8.688384170326732E-03	8.052329080107720E-03	4.081680171093898E-03	4.072885023842846E-03	5.083981704750401E-03	5.082272152907660E-03
DCN:CapB2N	1.451811887700806E-03	1.472771155099482E-03	1.335241497325645E-03	1.357385475514613E-03	9.054003397902954E-01	1.000000000000000E+00	4.158801783625863E-01	3.649228506180388E-01	3.649720456066341E-01	2.110295079672141E-01	2.111254764802454E-01	3.500866523006732E-02	5.049528224077626E-02	4.964488690094786E-02	3.522038976639000E-02	3.521284351892311E-02	3.529991695240891E-02	3.529869082355016E-02
DCN:CapB3N	1.400165826660296E-02	1.400573235999021E-02	1.166883854049723E-02	1.168679967621026E-02	3.669451313266001E-01	4.158801783625856E-01	1.000000000000000E+00	8.872335158576384E-01	8.872805335298485E-01	5.318065910311465E-01	5.319479218156711E-01	2.147398766091703E-02	2.225860244770111E-01	2.484488485108738E-01	2.924908532298004E-01	2.924888072713950E-01	2.888441388840892E-01	2.888832989996592E-01
DCN:CapNL	3.967313596396356E-03	3.852542049687619E-02	4.938181568161453E-03	3.395648800225100E-02	3.212713381954703E-01	3.649228506180391E-01	8.872335158576384E-01	1.000000000000000E+00	7.948224919564056E-01	5.854329626367250E-01	5.015370787420622E-01	1.805714471099401E-02	2.013489747011824E-01	2.240238468906411E-01	3.282605815575217E-01	2.728739608493264E-01	3.235927816480558E-01	2.715299765783776E-01
DCN:CapNR	3.851142030415047E-02	3.932073502560531E-03	3.392082922044227E-02	4.869536213870697E-03	3.213025508007314E-01	3.649720456066345E-01	8.872805335298484E-01	7.948224919564058E-01	1.000000000000000E+00	5.014946894290967E-01	5.856751846028977E-01	1.805182303638280E-02	2.013945726964349E-01	2.240658372856565E-01	2.729276531166860E-01	3.283319613613028E-01	2.715814053261956E-01	3.237487029380503E-01
DCN:QL_S_L	9.401378477013948E-02	1.790402555403691E-01	8.738446393415752E-03	1.634248096974675E-01	1.842665082525118E-01	2.110295079672141E-01	5.318065910311466E-01	5.854329626367251E-01	5.014946894290967E-01	1.000000000000000E+00	4.326043365767868E-01	1.229865441821088E-02	1.323808250207495E-01	1.461376343741845E-01	2.692521104298567E-01	2.074396347272553E-01	3.247529633816129E-01	2.175933843853947E-01
DCN:QL_S_R	1.786875337114039E-01	9.395378651440196E-02	1.630531731134058E-01	8.704805063546001E-03	1.843666852502244E-01	2.111254764802454E-01	5.319479218156711E-01	5.015370787420621E-01	5.856751846028976E-01	4.326043365767868E-01	1.000000000000000E+00	1.230995659084000E-02	1.324319797036248E-01	1.461909275283231E-01	2.074662245686488E-01	2.691831535595069E-01	2.177296069481194E-01	3.241754451907396E-01
DCP:CapB1P	1.469271411254913E-03	1.464805931074220E-03	1.195511830938108E-03	1.185151427001470E-03	4.006492499440121E-02	3.500866523006709E-02	2.147398766091635E-02	1.805714471099413E-02	1.805182303638294E-02	1.229865441821083E-02	1.230995659084005E-02	1.000000000000000E+00	3.377467990360848E-01	3.353979317541514E-01	2.187402693812996E-01	2.187244708853344E-01	2.128443874824484E-01	2.128797739018063E-01
DCP:CapB2P	9.079008384830396E-03	9.027065339137002E-03	7.108616026738297E-03	7.064268927114864E-03	8.688384170325832E-03	5.049528224077635E-02	2.225860244770122E-01	2.013489747011820E-01	2.013945726964347E-01	1.323808250207495E-01	1.324319797036248E-01	3.377467990360848E-01	1.000000000000000E+00	9.937724052612896E-01	6.596239287322998E-01	6.596393412690112E-01	6.447240942674044E-01	6.449042230017739E-01
DCP:CapB3P	9.501629286626701E-03	9.446645413544671E-03	7.521842232786765E-03	7.472267191378456E-03	8.052329080108382E-03	4.964488690094781E-02	2.484488485108731E-01	2.240238468906416E-01	2.240658372856566E-01	1.461376343741845E-01	1.461909275283231E-01	3.353979317541513E-01	9.937724052612896E-01	1.000000000000000E+00	6.643785275164530E-01	6.643940089686334E-01	6.494714732477850E-01	6.496514516282716E-01
DCP:CapPL	3.583174365824925E-02	6.911755837937841E-02	3.973425488882529E-02	6.408989496582500E-02	4.081680171093695E-03	3.522038976639030E-02	2.924908532298003E-01	3.282605815575218E-01	2.729276531166862E-01	2.692521104298566E-01	2.074662245686488E-01	2.187402693812996E-01	6.596239287323001E-01	6.643785275164527E-01	1.000000000000000E+00	5.882314164999141E-01	9.762332356197697E-01	5.791764440648894E-01
DCP:CapPR	6.910105764443410E-02	3.591853004220973E-02	6.405643714159803E-02	3.977107569535021E-02	4.072885023842888E-03	3.521284351892304E-02	2.924888072713950E-01	2.728739608493264E-01	3.283319613613026E-01	2.074396347272552E-01	2.691831535595069E-01	2.187244708853345E-01	6.596393412690111E-01	6.643940089686334E-01	5.882314164999141E-01	1.000000000000000E+00	5.790905542752647E-01	9.763921726076550E-01
DCP:QH_D_L	4.188591636804706E-02	8.253677168274702E-02	4.545208576447102E-02	7.622713346299716E-02	5.083981704750543E-03	3.529991695240877E-02	2.888441388840894E-01	3.235927816480558E-01	2.715814053261954E-01	3.247529633816129E-01	2.177296069481195E-01	2.128443874824485E-01	6.447240942674040E-01	6.494714732477853E-01	9.762332356197697E-01	5.790905542752647E-01	1.000000000000000E+00	5.712740595446848E-01
DCP:QH_D_R	8.235621596370706E-02	4.198734101298244E-02	7.604227329531288E-02	4.547939174409871E-02	5.082272152907539E-03	3.529869082355028E-02	2.888832989996591E-01	2.715299765783776E-01	3.237487029380504E-01	2.175933843853948E-01	3.241754451907396E-01	2.128797739018063E-01	6.449042230017741E-01	6.496514516282715E-01	5.791764440648894E-01	9.763921726076550E-01	5.712740595446848E-01	1.000000000000000E+00

AC Resistance Matrix
	AC:QH_S_L	AC:QH_S_R	AC:QL_D_L	AC:QL_D_R	DCN:CapB1N	DCN:CapB2N	DCN:CapB3N	DCN:CapNL	DCN:CapNR	DCN:QL_S_L	DCN:QL_S_R	DCP:CapB1P	DCP:CapB2P	DCP:CapB3P	DCP:CapPL	DCP:CapPR	DCP:QH_D_L	DCP:QH_D_R	
AC:QH_S_L	2.154962298956212E-03	2.004565505873794E-04	1.982947363645641E-03	1.554002356123049E-04	1.348997038704977E-06	1.909194768301627E-07	-3.487984122929809E-05	-2.663642018607906E-05	-5.947503683835478E-05	-4.409268327036527E-04	-6.842512704333559E-04	-4.650454324243714E-06	-3.612764406151392E-05	-3.583393533959140E-05	-1.161287415834329E-04	-1.054516522912273E-04	-1.142330657676119E-04	-1.401436802919394E-04
AC:QH_S_R	2.004565505873775E-04	2.165836628759692E-03	1.550585128182724E-04	1.994077991279693E-03	1.336053546542884E-06	2.174045766972673E-07	-3.557971415645757E-05	-6.114343531380090E-05	-2.738887880471397E-05	-6.928577674385334E-04	-4.416242533579509E-04	-4.635938159480782E-06	-3.666738447739525E-05	-3.644932285109971E-05	-1.081831385031075E-04	-1.155854227335471E-04	-1.433902737687552E-04	-1.130693843049444E-04
AC:QL_D_L	1.982947363645643E-03	1.550585128182712E-04	2.021702278690547E-03	1.200280550820005E-04	-5.075621320567583E-07	-1.123031887284537E-06	-2.333894934331124E-05	-2.710312979255893E-05	-3.887992499053327E-05	-2.593430428906774E-04	-6.033051069606393E-04	1.297931369572076E-06	-2.423717272436040E-05	-2.788374820373884E-05	-8.469198904853794E-05	-8.783597729079606E-05	-1.024193083128998E-04	-1.060700014638381E-04
AC:QL_D_R	1.554002356123033E-04	1.994077991279691E-03	1.200280550820006E-04	2.032656559130952E-03	-4.593650247804011E-07	-1.124499459510392E-06	-2.397166621899617E-05	-4.031339023834905E-05	-2.782063154367249E-05	-6.116495303338346E-04	-2.600897926995015E-04	1.307587103785615E-06	-2.479260267739987E-05	-2.846421546044784E-05	-9.067455247883146E-05	-8.417514510498562E-05	-1.091325916958923E-04	-1.014438568752117E-04
DCN:CapB1N	1.348997038704987E-06	1.336053546542992E-06	-5.075621320567583E-07	-4.593650247811405E-07	1.310735421938310E-04	1.181482091553357E-04	1.220777652995980E-04	1.166971869863403E-04	1.166282975874129E-04	1.122939865187936E-04	1.123733981337889E-04	3.117836466860028E-05	2.230457443236337E-05	1.820805801166495E-05	-3.159699049731164E-05	-3.165409116272242E-05	-2.778448571129583E-05	-2.772669715758369E-05
DCN:CapB2N	1.909194768306256E-07	2.174045766967362E-07	-1.123031887285002E-06	-1.124499459509914E-06	1.181482091553346E-04	1.268590469642745E-04	1.218600603171478E-04	1.272154588746184E-04	1.272923390865680E-04	1.257380846247029E-04	1.257733036950880E-04	1.277520410403272E-05	4.222495334469883E-05	3.427589648927602E-05	1.409992177513835E-05	1.412870086063962E-05	2.472673518964160E-05	2.478263709429954E-05
DCN:CapB3N	-3.487984122929896E-05	-3.557971415645598E-05	-2.333894934331111E-05	-2.397166621899844E-05	1.220777652995958E-04	1.218600603171491E-04	8.818211356760035E-04	8.912740019886614E-04	8.906643233623557E-04	9.501511871422674E-04	9.493431881359908E-04	-3.588579477544481E-07	3.198472482278655E-04	3.681972745328932E-04	6.794521683253711E-04	6.790635550320064E-04	6.857769004644933E-04	6.855160276322556E-04
DCN:CapNL	-2.663642018607868E-05	-6.114343531380018E-05	-2.710312979255936E-05	-4.031339023834905E-05	1.166971869863409E-04	1.272154588746175E-04	8.912740019886604E-04	1.024047718766955E-03	9.135077620550067E-04	1.064844602107691E-03	1.019562108552734E-03	-2.289071712356933E-06	3.053168000086741E-04	3.456212904937831E-04	8.257079387340116E-04	7.326532832066510E-04	8.157997525385276E-04	7.467690181764147E-04
DCN:CapNR	-5.947503683835474E-05	-2.738887880471360E-05	-3.887992499053268E-05	-2.782063154367357E-05	1.166282975874147E-04	1.272923390865671E-04	8.906643233623553E-04	9.135077620550060E-04	1.021823300391512E-03	1.019878141629538E-03	1.062073596416262E-03	-2.284159804171747E-06	3.050494530734236E-04	3.453293846241629E-04	7.324305728824206E-04	8.238346229648301E-04	7.466215973650965E-04	8.140487324904094E-04
DCN:QL_S_L	-4.409268327036532E-04	-6.928577674385324E-04	-2.593430428906781E-04	-6.116495303338346E-04	1.122939865187941E-04	1.257380846247023E-04	9.501511871422674E-04	1.064844602107690E-03	1.019878141629539E-03	3.624689726942472E-03	1.819572385705782E-03	9.363621127490046E-06	3.879036093956384E-04	4.346959519243367E-04	1.304654676948958E-03	1.026395149007967E-03	1.445081169054433E-03	1.099478874981330E-03
DCN:QL_S_R	-6.842512704333554E-04	-4.416242533579521E-04	-6.033051069606406E-04	-2.600897926995018E-04	1.123733981337890E-04	1.257733036950876E-04	9.493431881359899E-04	1.019562108552734E-03	1.062073596416262E-03	1.819572385705781E-03	3.612511895802303E-03	9.359026748470261E-06	3.874527176293682E-04	4.341709136656415E-04	1.024807630561191E-03	1.302432286165287E-03	1.098111409340294E-03	1.442502387688297E-03
DCP:CapB1P	-4.650454324243257E-06	-4.635938159480879E-06	1.297931369573267E-06	1.307587103786273E-06	3.117836466860202E-05	1.277520410403301E-05	-3.588579477540771E-07	-2.289071712355592E-06	-2.284159804172913E-06	9.363621127489196E-06	9.359026748469628E-06	2.665773314992467E-04	2.319921236362352E-04	2.354453014348497E-04	2.734877714704401E-04	2.735896310333184E-04	2.652633697256795E-04	2.653220206172979E-04
DCP:CapB2P	-3.612764406150453E-05	-3.666738447738999E-05	-2.423717272436454E-05	-2.479260267740270E-05	2.230457443237065E-05	4.222495334469513E-05	3.198472482278359E-04	3.053168000086718E-04	3.050494530734380E-04	3.879036093956433E-04	3.874527176293762E-04	2.319921236362348E-04	1.155464070150214E-03	1.160918065402176E-03	1.229005012287126E-03	1.228525643914200E-03	1.212340912251228E-03	1.211843426227284E-03
DCP:CapB3P	-3.583393533959795E-05	-3.644932285110236E-05	-2.788374820373370E-05	-2.846421546044438E-05	1.820805801165709E-05	3.427589648927888E-05	3.681972745329159E-04	3.456212904937809E-04	3.453293846241512E-04	4.346959519243349E-04	4.341709136656392E-04	2.354453014348520E-04	1.160918065402179E-03	1.187498821515194E-03	1.275060707142785E-03	1.274499018498981E-03	1.261449055700211E-03	1.260912544958372E-03
DCP:CapPL	-1.161287415834392E-04	-1.081831385031161E-04	-8.469198904853249E-05	-9.067455247882246E-05	-3.159699049730906E-05	1.409992177513746E-05	6.794521683253713E-04	8.257079387340146E-04	7.324305728824228E-04	1.304654676948959E-03	1.024807630561190E-03	2.734877714704401E-04	1.229005012287111E-03	1.275060707142799E-03	3.010746813068138E-03	1.594514387446907E-03	3.035523053785511E-03	1.639664555374731E-03
DCP:CapPR	-1.054516522912294E-04	-1.155854227335507E-04	-8.783597729079259E-05	-8.417514510498250E-05	-3.165409116272394E-05	1.412870086064113E-05	6.790635550320112E-04	7.326532832066502E-04	8.238346229648269E-04	1.026395149007966E-03	1.302432286165288E-03	2.735896310333200E-04	1.228525643914210E-03	1.274499018498971E-03	1.594514387446903E-03	3.008874501745089E-03	1.639979249565439E-03	3.034072820066293E-03
DCP:QH_D_L	-1.142330657676066E-04	-1.433902737687466E-04	-1.024193083129040E-04	-1.091325916959014E-04	-2.778448571129708E-05	2.472673518964125E-05	6.857769004644947E-04	8.157997525385245E-04	7.466215973650962E-04	1.445081169054434E-03	1.098111409340298E-03	2.652633697256823E-04	1.212340912251241E-03	1.261449055700201E-03	3.035523053785509E-03	1.639979249565439E-03	3.245773165659732E-03	1.688739970862108E-03
DCP:QH_D_R	-1.401436802919377E-04	-1.130693843049419E-04	-1.060700014638415E-04	-1.014438568752138E-04	-2.772669715757955E-05	2.478263709429672E-05	6.855160276322554E-04	7.467690181764152E-04	8.140487324904121E-04	1.099478874981332E-03	1.442502387688298E-03	2.653220206172990E-04	1.211843426227276E-03	1.260912544958384E-03	1.639664555374730E-03	3.034072820066296E-03	1.688739970862111E-03	3.246189450872156E-03

AC Resistance Matrix Coupling Coefficient
	AC:QH_S_L	AC:QH_S_R	AC:QL_D_L	AC:QL_D_R	DCN:CapB1N	DCN:CapB2N	DCN:CapB3N	DCN:CapNL	DCN:CapNR	DCN:QL_S_L	DCN:QL_S_R	DCP:CapB1P	DCP:CapB2P	DCP:CapB3P	DCP:CapPL	DCP:CapPR	DCP:QH_D_L	DCP:QH_D_R	
AC:QH_S_L	1.000000000000000E+00	9.278709275210190E-02	9.500199986958957E-01	7.425057680511424E-02	2.538245587868730E-03	3.651486296325198E-04	2.530255684104884E-02	1.793064538980704E-02	4.007993242428723E-02	1.577652216574450E-01	2.452399004695844E-01	6.135697453781827E-03	2.289504916689650E-02	2.240051864336904E-02	4.559138272096645E-02	4.141250617858810E-02	4.319295446434049E-02	5.298668491006017E-02
AC:QH_S_R	9.278709275210101E-02	1.000000000000000E+00	7.410101672196637E-02	9.503800040334193E-01	2.507572503534790E-03	4.147583261088588E-04	2.574538291988718E-02	4.105602426257179E-02	1.841083587056018E-02	2.472838903048429E-01	1.578830204013813E-01	6.101170740749651E-03	2.317868869030308E-02	2.272793735695161E-02	4.236523422423461E-02	4.527809867334283E-02	5.408137988566365E-02	4.264275440748510E-02
AC:QL_D_L	9.500199986958963E-01	7.410101672196576E-02	1.000000000000000E+00	5.920960526117639E-02	9.859913265861393E-04	2.217546652609325E-03	1.747963860015987E-02	1.883652330929292E-02	2.705072549608429E-02	9.580332526329298E-02	2.232408967485774E-01	1.767996986984168E-03	1.585788028175542E-02	1.799599891726250E-02	3.432785086226751E-02	3.561326575060257E-02	3.998196692021735E-02	4.140445223851075E-02
AC:QL_D_R	7.425057680511346E-02	9.503800040334186E-01	5.920960526117646E-02	1.000000000000000E+00	8.899557323478639E-04	2.214453299724297E-03	1.790506768772130E-02	2.794198289678528E-02	1.930398986243331E-02	2.253384098225084E-01	9.598130770163663E-02	1.776343771971369E-03	1.617751812067251E-02	1.832106103900543E-02	3.665357165767599E-02	3.403688708041171E-02	4.248771579984867E-02	3.949178997798974E-02
DCN:CapB1N	2.538245587868750E-03	2.507572503534992E-03	9.859913265861393E-04	8.899557323492965E-04	1.000000000000000E+00	9.162392724631871E-01	3.590780025516818E-01	3.185244482468867E-01	3.186827215949635E-01	1.629159342817364E-01	1.633057035357692E-01	1.667954525918184E-01	5.731366760255797E-02	4.615189274442633E-02	5.029804253609839E-02	5.040461405320409E-02	4.259766184509588E-02	4.250633785014224E-02
DCN:CapB2N	3.651486296334051E-04	4.147583261078456E-04	2.217546652610242E-03	2.214453299723354E-03	9.162392724631792E-01	1.000000000000000E+00	3.643429870974863E-01	3.529547812415127E-01	3.535522814271866E-01	1.854260298545197E-01	1.857903289052874E-01	6.946971498154220E-02	1.102885008711713E-01	8.831032982048834E-02	2.281491543542149E-02	2.286859435214631E-02	3.853425552250234E-02	3.861889685714997E-02
DCN:CapB3N	2.530255684104947E-02	2.574538291988603E-02	1.747963860015977E-02	1.790506768772299E-02	3.590780025516753E-01	3.643429870974902E-01	1.000000000000000E+00	9.379094019207087E-01	9.382874419197365E-01	5.314556700993921E-01	5.318979832559984E-01	7.401516456441590E-04	3.168649074274233E-01	3.598104097539243E-01	4.169956450068996E-01	4.168867900771064E-01	4.053531177470646E-01	4.051729376653256E-01
DCN:CapNL	1.793064538980679E-02	4.105602426257132E-02	1.883652330929322E-02	2.794198289678528E-02	3.185244482468883E-01	3.529547812415103E-01	9.379094019207076E-01	1.000000000000000E+00	8.930262890058842E-01	5.527015951835649E-01	5.300891885229372E-01	4.381145667680567E-03	2.806805908208937E-01	3.134179001467786E-01	4.702504775301904E-01	4.173845469638993E-01	4.474704794689623E-01	4.095804920898437E-01
DCN:CapNR	4.007993242428720E-02	1.841083587055992E-02	2.705072549608388E-02	1.930398986243406E-02	3.186827215949682E-01	3.535522814271840E-01	9.382874419197361E-01	8.930262890058835E-01	1.000000000000000E+00	5.299378808033003E-01	5.527924063008079E-01	4.376500433197102E-03	2.807398911592219E-01	3.134938607271364E-01	4.175816882220024E-01	4.698401236735732E-01	4.099714038216556E-01	4.469671159358276E-01
DCN:QL_S_L	1.577652216574452E-01	2.472838903048425E-01	9.580332526329323E-02	2.253384098225084E-01	1.629159342817371E-01	1.854260298545189E-01	5.314556700993921E-01	5.527015951835644E-01	5.299378808033007E-01	1.000000000000000E+00	5.028393725954856E-01	9.525697948149536E-03	1.895440602707341E-01	2.095239069792720E-01	3.949326499932840E-01	3.107972270436919E-01	4.213060935466932E-01	3.205269417907628E-01
DCN:QL_S_R	2.452399004695842E-01	1.578830204013817E-01	2.232408967485779E-01	9.598130770163672E-02	1.633057035357694E-01	1.857903289052869E-01	5.318979832559979E-01	5.300891885229368E-01	5.527924063008081E-01	5.028393725954853E-01	1.000000000000000E+00	9.537058299110595E-03	1.896425759529598E-01	2.096232687709276E-01	3.107424530780049E-01	3.950467320608658E-01	3.206879771822227E-01	4.212355020309057E-01
DCP:CapB1P	6.135697453781225E-03	6.101170740749780E-03	1.767996986985790E-03	1.776343771972263E-03	1.667954525918277E-01	6.946971498154375E-02	7.401516456433938E-04	4.381145667677999E-03	4.376500433199334E-03	9.525697948148670E-03	9.537058299109950E-03	1.000000000000000E+00	4.180068604427727E-01	4.184675884780494E-01	3.052735566806588E-01	3.054822555685018E-01	2.851718095702865E-01	2.852165727283082E-01
DCP:CapB2P	2.289504916689055E-02	2.317868869029975E-02	1.585788028175813E-02	1.617751812067436E-02	5.731366760257669E-02	1.102885008711616E-01	3.168649074273940E-01	2.806805908208916E-01	2.807398911592351E-01	1.895440602707365E-01	1.896425759529637E-01	4.180068604427720E-01	1.000000000000000E+00	9.910755293422977E-01	6.589285328698357E-01	6.588764220863740E-01	6.260189156109961E-01	6.257219031945677E-01
DCP:CapB3P	2.240051864337314E-02	2.272793735695327E-02	1.799599891725918E-02	1.832106103900320E-02	4.615189274440640E-02	8.831032982049571E-02	3.598104097539465E-01	3.134179001467766E-01	3.134938607271258E-01	2.095239069792712E-01	2.096232687709265E-01	4.184675884780536E-01	9.910755293423001E-01	1.000000000000000E+00	6.743372511037957E-01	6.742498751664480E-01	6.425309317217573E-01	6.422164726577620E-01
DCP:CapPL	4.559138272096890E-02	4.236523422423801E-02	3.432785086226530E-02	3.665357165767235E-02	5.029804253609429E-02	2.281491543542005E-02	4.169956450068998E-01	4.702504775301921E-01	4.175816882220036E-01	3.949326499932842E-01	3.107424530780046E-01	3.052735566806588E-01	6.589285328698277E-01	6.743372511038030E-01	1.000000000000000E+00	5.297723498492612E-01	9.710404807887709E-01	5.244824491787484E-01
DCP:CapPR	4.141250617858896E-02	4.527809867334426E-02	3.561326575060116E-02	3.403688708041045E-02	5.040461405320652E-02	2.286859435214875E-02	4.168867900771093E-01	4.173845469638988E-01	4.698401236735714E-01	3.107972270436917E-01	3.950467320608662E-01	3.054822555685036E-01	6.588764220863791E-01	6.742498751664425E-01	5.297723498492600E-01	1.000000000000000E+00	5.247799494013693E-01	9.708162383524281E-01
DCP:QH_D_L	4.319295446433847E-02	5.408137988566042E-02	3.998196692021899E-02	4.248771579985217E-02	4.259766184509779E-02	3.853425552250180E-02	4.053531177470655E-01	4.474704794689606E-01	4.099714038216554E-01	4.213060935466935E-01	3.206879771822238E-01	2.851718095702895E-01	6.260189156110030E-01	6.425309317217524E-01	9.710404807887703E-01	5.247799494013695E-01	1.000000000000000E+00	5.202556065352467E-01
DCP:QH_D_R	5.298668491005951E-02	4.264275440748419E-02	4.140445223851209E-02	3.949178997799054E-02	4.250633785013590E-02	3.861889685714557E-02	4.051729376653255E-01	4.095804920898440E-01	4.469671159358291E-01	3.205269417907635E-01	4.212355020309060E-01	2.852165727283094E-01	6.257219031945633E-01	6.422164726577680E-01	5.244824491787481E-01	9.708162383524290E-01	5.202556065352477E-01	1.000000000000000E+00

