Design Variation:  h_23='1.2mm' h_34='0.10000000000000001mm' h_diel='0.10000000000000001mm' r_anti='0.34999999999999998mm' t_L1='0.070000000000000007mm' t_L2='0.070000000000000007mm' t_L3='0.070000000000000007mm' t_L4='0.070000000000000007mm' t_pad='0.035000000000000003mm' via_r='0.14999999999999999mm' z_L1='0.17000000000000001mm' z_L3b='-1.2699999999999998mm' z_L3t='-1.2mm' z_L4b='-1.4399999999999999mm' z_L4t='-1.3699999999999999mm' z_top='0.24000000000000002mm'
Setup1:Sweep1
Problem Type:  DC RL, AC RL
R Units:ohm, L Units:nH
Reduce Matrix:  Original
Frequency:  5MHz

DC Inductance Matrix
	AC:QH_S_L	AC:QH_S_R	AC:QL_D_L	AC:QL_D_R	DCN:CapB1N	DCN:CapB2N	DCN:CapB3N	DCN:CapNL	DCN:CapNR	DCN:QL_S_L	DCN:QL_S_R	DCP:CapB1P	DCP:CapB2P	DCP:CapB3P	DCP:CapPL	DCP:CapPR	DCP:QH_D_L	DCP:QH_D_R	
AC:QH_S_L	2.616060046052188E+00	5.507061337262714E-01	2.325732313709410E+00	4.254552557118878E-01	1.436894410584490E-02	-1.423891776769946E-02	-3.298237319602008E-01	-3.857115001772160E-01	-4.425242114289178E-01	-1.105204720633256E+00	-1.660272498423622E+00	-2.307408127643835E-02	-2.777483469233012E-01	-3.142243200735677E-01	-4.674899195054016E-01	-8.404769308405093E-01	-5.914954385302269E-01	-9.320880503163694E-01
AC:QH_S_R	5.507061337262714E-01	2.607854417434932E+00	4.258574110693559E-01	2.316772245826313E+00	1.442398351164451E-02	-1.417719602672969E-02	-3.296236253990040E-01	-4.420579934257641E-01	-3.857027570462644E-01	-1.657585515981295E+00	-1.108122318905317E+00	-2.298404181186539E-02	-2.775844970104727E-01	-3.140496307062182E-01	-8.392366090678973E-01	-4.679434877698012E-01	-9.308772356493148E-01	-5.920900611408673E-01
AC:QL_D_L	2.325732313709410E+00	4.258574110693559E-01	2.224774331578053E+00	3.185334324495775E-01	1.152939691990505E-02	-1.027303059988345E-02	-2.482531214863168E-01	-2.791477667102878E-01	-3.443416842963421E-01	-6.242763261003815E-01	-1.382119912604517E+00	-1.708881796908541E-02	-2.099823720470943E-01	-2.375468265544434E-01	-2.886105549858606E-01	-6.923603611389764E-01	-3.661896607229181E-01	-7.684534970170481E-01
AC:QL_D_R	4.254552557118878E-01	2.316772245826313E+00	3.185334324495775E-01	2.215583663922452E+00	1.157908690589017E-02	-1.020678570615810E-02	-2.479345334252193E-01	-3.437399971463886E-01	-2.789720602821103E-01	-1.379026193494250E+00	-6.265140182355217E-01	-1.698685880563770E-02	-2.097332230892382E-01	-2.372745822016784E-01	-6.908941974325242E-01	-2.888573807541508E-01	-7.669815852396464E-01	-3.665335302584896E-01
DCN:CapB1N	1.436894410584490E-02	1.442398351164451E-02	1.152939691990505E-02	1.157908690589017E-02	1.152496782290188E-01	1.026900224817094E-01	5.669613769951823E-02	5.046057237218788E-02	5.046756072802659E-02	2.946098007442072E-02	2.949346539416656E-02	3.569424845152278E-02	-1.722546879902566E-04	-5.911347336558180E-03	-3.003135806895981E-02	-2.995040237344039E-02	-3.334872735201377E-02	-3.327646963522808E-02
DCN:CapB2N	-1.423891776769946E-02	-1.417719602672969E-02	-1.027303059988345E-02	-1.020678570615810E-02	1.026900224817094E-01	1.128982453199248E-01	1.415769650751525E-01	1.447804501058822E-01	1.447987070332291E-01	1.712946587783732E-01	1.713369867756707E-01	4.083499407187202E-02	9.319846075965192E-02	9.569543973212877E-02	1.152652762098883E-01	1.153410091271787E-01	1.197113541189828E-01	1.197783156105349E-01
DCN:CapB3N	-3.298237319602008E-01	-3.296236253990040E-01	-2.482531214863168E-01	-2.479345334252193E-01	5.669613769951823E-02	1.415769650751525E-01	1.115820002882194E+00	1.250266114216238E+00	1.250351987439570E+00	1.838061057536232E+00	1.838240296710670E+00	9.539629013035843E-02	7.929977083604034E-01	9.075652713196989E-01	1.524275547536790E+00	1.524255338641548E+00	1.623924473642010E+00	1.623873379433443E+00
DCN:CapNL	-3.857115001772160E-01	-4.420579934257641E-01	-2.791477667102878E-01	-3.437399971463886E-01	5.046057237218788E-02	1.447804501058822E-01	1.250266114216238E+00	1.517827931713311E+00	1.394978567384814E+00	2.276496973597894E+00	2.123967011701221E+00	1.021031947671087E-01	8.861806621608168E-01	1.015283987559125E+00	1.880368418652557E+00	1.690735066999155E+00	2.025567315762628E+00	1.807023789630547E+00
DCN:CapNR	-4.425242114289178E-01	-3.857027570462644E-01	-3.443416842963421E-01	-2.789720602821103E-01	5.046756072802659E-02	1.447987070332291E-01	1.250351987439570E+00	1.394978567384814E+00	1.518195484488156E+00	2.123939280255455E+00	2.277065907886919E+00	1.021379876511444E-01	8.862513416939594E-01	1.015365928692522E+00	1.690896045721438E+00	1.880548093673910E+00	1.807219108774164E+00	2.025756004332549E+00
DCN:QL_S_L	-1.105204720633256E+00	-1.657585515981295E+00	-6.242763261003815E-01	-1.379026193494250E+00	2.946098007442072E-02	1.712946587783732E-01	1.838061057536232E+00	2.276496973597894E+00	2.123939280255455E+00	5.458407180572558E+00	3.914985999856515E+00	1.431990076951580E-01	1.359631663279275E+00	1.552251211261804E+00	3.245539268048500E+00	2.726025045796838E+00	3.692170761159999E+00	3.016123753913461E+00
DCN:QL_S_R	-1.660272498423622E+00	-1.108122318905317E+00	-1.382119912604517E+00	-6.265140182355217E-01	2.949346539416656E-02	1.713369867756707E-01	1.838240296710670E+00	2.123967011701221E+00	2.277065907886919E+00	3.914985999856515E+00	5.458707853861087E+00	1.432956965003588E-01	1.359745199673968E+00	1.552373131439055E+00	2.726598882126225E+00	3.245679232487799E+00	3.016717726410326E+00	3.692248576523131E+00
DCP:CapB1P	-2.307408127643835E-02	-2.298404181186539E-02	-1.708881796908541E-02	-1.698685880563770E-02	3.569424845152278E-02	4.083499407187202E-02	9.539629013035843E-02	1.021031947671087E-01	1.021379876511444E-01	1.431990076951580E-01	1.432956965003588E-01	2.022628296834892E-01	2.500309622635710E-01	2.551282280932992E-01	2.896914163198758E-01	2.898540358825423E-01	2.963419629392916E-01	2.965035332919677E-01
DCP:CapB2P	-2.777483469233012E-01	-2.775844970104727E-01	-2.099823720470943E-01	-2.097332230892382E-01	-1.722546879902566E-04	9.319846075965192E-02	7.929977083604034E-01	8.861806621608168E-01	8.862513416939594E-01	1.359631663279275E+00	1.359745199673968E+00	2.500309622635710E-01	1.363137457482617E+00	1.436838686009960E+00	1.855556543666609E+00	1.855536833781156E+00	1.932886146587994E+00	1.932831856564874E+00
DCP:CapB3P	-3.142243200735677E-01	-3.140496307062182E-01	-2.375468265544434E-01	-2.372745822016784E-01	-5.911347336558180E-03	9.569543973212877E-02	9.075652713196989E-01	1.015283987559125E+00	1.015365928692522E+00	1.552251211261804E+00	1.552373131439055E+00	2.551282280932992E-01	1.436838686009960E+00	1.534756473903597E+00	2.016829265962245E+00	2.016787397667042E+00	2.104989116053956E+00	2.104911199864585E+00
DCP:CapPL	-4.674899195054016E-01	-8.392366090678973E-01	-2.886105549858606E-01	-6.908941974325242E-01	-3.003135806895981E-02	1.152652762098883E-01	1.524275547536790E+00	1.880368418652557E+00	1.690896045721438E+00	3.245539268048500E+00	2.726598882126225E+00	2.896914163198758E-01	1.855556543666609E+00	2.016829265962245E+00	4.031319463007873E+00	2.879196903055622E+00	4.256095636396783E+00	3.045682370894672E+00
DCP:CapPR	-8.404769308405093E-01	-4.679434877698012E-01	-6.923603611389764E-01	-2.888573807541508E-01	-2.995040237344039E-02	1.153410091271787E-01	1.524255338641548E+00	1.690735066999155E+00	1.880548093673910E+00	2.726025045796838E+00	3.245679232487799E+00	2.898540358825423E-01	1.855536833781156E+00	2.016787397667042E+00	2.879196903055622E+00	4.031092023801706E+00	3.045678002202070E+00	4.255774197378384E+00
DCP:QH_D_L	-5.914954385302269E-01	-9.308772356493148E-01	-3.661896607229181E-01	-7.669815852396464E-01	-3.334872735201377E-02	1.197113541189828E-01	1.623924473642010E+00	2.025567315762628E+00	1.807219108774164E+00	3.692170761159999E+00	3.016717726410326E+00	2.963419629392916E-01	1.932886146587994E+00	2.104989116053956E+00	4.256095636396783E+00	3.045678002202070E+00	4.639022126562501E+00	3.226698860259223E+00
DCP:QH_D_R	-9.320880503163694E-01	-5.920900611408673E-01	-7.684534970170481E-01	-3.665335302584896E-01	-3.327646963522808E-02	1.197783156105349E-01	1.623873379433443E+00	1.807023789630547E+00	2.025756004332549E+00	3.016123753913461E+00	3.692248576523131E+00	2.965035332919677E-01	1.932831856564874E+00	2.104911199864585E+00	3.045682370894672E+00	4.255774197378384E+00	3.226698860259223E+00	4.638694297394266E+00

DC Inductance Matrix Coupling Coefficient
	AC:QH_S_L	AC:QH_S_R	AC:QL_D_L	AC:QL_D_R	DCN:CapB1N	DCN:CapB2N	DCN:CapB3N	DCN:CapNL	DCN:CapNR	DCN:QL_S_L	DCN:QL_S_R	DCP:CapB1P	DCP:CapB2P	DCP:CapB3P	DCP:CapPL	DCP:CapPR	DCP:QH_D_L	DCP:QH_D_R	
AC:QH_S_L	1.000000000000000E+00	2.108406701413021E-01	9.640351971169729E-01	1.767201053391770E-01	2.616863927261209E-02	2.620049713487131E-02	1.930460750448728E-01	1.935652814679297E-01	2.220492625238166E-01	2.924730892754150E-01	4.393499629989397E-01	3.172068261982054E-02	1.470814161837780E-01	1.568181059492979E-01	1.439543486874358E-01	2.588156819667839E-01	1.697908661491274E-01	2.675686392764268E-01
AC:QH_S_R	2.108406701413021E-01	1.000000000000000E+00	1.767988986311451E-01	9.638236817507805E-01	2.631017185136526E-02	2.612793437552053E-02	1.932322401574875E-01	2.221909193904014E-01	1.938417062232954E-01	4.393405675382569E-01	2.936980780847317E-01	3.164657334228005E-02	1.472257277099435E-01	1.569773084507346E-01	2.588326989908561E-01	1.443246057213151E-01	2.676316774812523E-01	1.702347523262147E-01
AC:QL_D_L	9.640351971169729E-01	1.767988986311451E-01	1.000000000000000E+00	1.434722673652941E-01	2.276898900781453E-02	2.049802427334401E-02	1.575631534167246E-01	1.519077407597187E-01	1.873625416416788E-01	1.791434437031808E-01	3.966046625417722E-01	2.547481282240491E-02	1.205785421778607E-01	1.285542720151117E-01	9.637083450656751E-02	2.311946909421508E-01	1.139855694860065E-01	2.392085687444219E-01
AC:QL_D_R	1.767201053391770E-01	9.638236817507805E-01	1.434722673652941E-01	1.000000000000000E+00	2.291449948843673E-02	2.040804125521975E-02	1.576869935423877E-01	1.874453717110297E-01	1.521082553056551E-01	3.965477347764383E-01	1.801531207515205E-01	2.537528685336252E-02	1.206850091917915E-01	1.286729930614790E-01	2.311765937692763E-01	9.665582575715567E-02	2.392366088918756E-01	1.143330414190790E-01
DCN:CapB1N	2.616863927261209E-02	2.631017185136526E-02	2.276898900781453E-02	2.291449948843673E-02	1.000000000000000E+00	9.002534453128912E-01	1.581017009979750E-01	1.206482540139162E-01	1.206503554763496E-01	3.714448700727965E-02	3.718442046296182E-02	2.337869914099995E-01	4.345916357693146E-04	1.405551880162050E-02	4.405868225518948E-02	4.394115258013941E-02	4.560854129483052E-02	4.551132798035890E-02
DCN:CapB2N	2.620049713487131E-02	2.612793437552053E-02	2.049802427334401E-02	2.040804125521975E-02	9.002534453128912E-01	1.000000000000000E+00	3.988888813792799E-01	3.497478521363002E-01	3.497496110041075E-01	2.182062874890495E-01	2.182541965254918E-01	2.702283201119112E-01	2.375720349641804E-01	2.298941442937558E-01	1.708564158179327E-01	1.709734969292171E-01	1.654163849173564E-01	1.655147602585302E-01
DCN:CapB3N	1.930460750448728E-01	1.932322401574875E-01	1.575631534167246E-01	1.576869935423877E-01	1.581017009979750E-01	3.988888813792799E-01	1.000000000000000E+00	9.607139991337038E-01	9.606636760592607E-01	7.447832446715926E-01	7.448353583374157E-01	2.008058565965696E-01	6.429912086611718E-01	6.935233066701877E-01	7.186919887102219E-01	7.187027344596733E-01	7.137654692467484E-01	7.137682323843881E-01
DCN:CapNL	1.935652814679297E-01	2.221909193904014E-01	1.519077407597187E-01	1.874453717110297E-01	1.206482540139162E-01	3.497478521363002E-01	9.607139991337038E-01	1.000000000000000E+00	9.189511320389440E-01	7.909023066904846E-01	7.378899086951834E-01	1.842765282033201E-01	6.160857625341547E-01	6.652065693254052E-01	7.601653515380186E-01	6.835226866546233E-01	7.633473256247593E-01	6.810119358021574E-01
DCN:CapNR	2.220492625238166E-01	1.938417062232954E-01	1.873625416416788E-01	1.521082553056551E-01	1.206503554763496E-01	3.497496110041075E-01	9.606636760592607E-01	9.189511320389440E-01	1.000000000000000E+00	7.378112693580562E-01	7.909824133276541E-01	1.843170071499899E-01	6.160603128127218E-01	6.651797224374101E-01	6.834857323382015E-01	7.601673997855117E-01	6.809790328415397E-01	7.633529899410189E-01
DCN:QL_S_L	2.924730892754150E-01	4.393405675382569E-01	1.791434437031808E-01	3.965477347764383E-01	3.714448700727965E-02	2.182062874890495E-01	7.447832446715926E-01	7.909023066904846E-01	7.378112693580562E-01	1.000000000000000E+00	7.172198862049339E-01	1.362852968067740E-01	4.984464178112601E-01	5.363018630041576E-01	6.918792335127822E-01	5.811463581812382E-01	7.337288436106115E-01	5.994021771733181E-01
DCN:QL_S_R	4.393499629989397E-01	2.936980780847317E-01	3.966046625417722E-01	1.801531207515205E-01	3.718442046296182E-02	2.182541965254918E-01	7.448353583374157E-01	7.378899086951834E-01	7.909824133276541E-01	7.172198862049339E-01	1.000000000000000E+00	1.363735614553291E-01	4.984743118092151E-01	5.363292148592054E-01	5.812362856348868E-01	6.919095333706851E-01	5.994825242916031E-01	7.337500260867135E-01
DCP:CapB1P	3.172068261982054E-02	3.164657334228005E-02	2.547481282240491E-02	2.537528685336252E-02	2.337869914099995E-01	2.702283201119112E-01	2.008058565965696E-01	1.842765282033201E-01	1.843170071499899E-01	1.362852968067740E-01	1.363735614553291E-01	1.000000000000000E+00	4.761742725192885E-01	4.579106416044052E-01	3.208144933212718E-01	3.210036392897169E-01	3.059298768653683E-01	3.061074908532684E-01
DCP:CapB2P	1.470814161837780E-01	1.472257277099435E-01	1.205785421778607E-01	1.206850091917915E-01	4.345916357693146E-04	2.375720349641804E-01	6.429912086611718E-01	6.160857625341547E-01	6.160603128127218E-01	4.984464178112601E-01	4.984743118092151E-01	4.761742725192885E-01	1.000000000000000E+00	9.933869482423773E-01	7.915543854895311E-01	7.915683072163467E-01	7.686404319965343E-01	7.686460024895515E-01
DCP:CapB3P	1.568181059492979E-01	1.569773084507346E-01	1.285542720151117E-01	1.286729930614790E-01	1.405551880162050E-02	2.298941442937558E-01	6.935233066701877E-01	6.652065693254052E-01	6.651797224374101E-01	5.363018630041576E-01	5.363292148592054E-01	4.579106416044052E-01	9.933869482423773E-01	1.000000000000000E+00	8.108224969633109E-01	8.108285377300443E-01	7.888908077870171E-01	7.888894819946732E-01
DCP:CapPL	1.439543486874358E-01	2.588326989908561E-01	9.637083450656751E-02	2.311765937692763E-01	4.405868225518948E-02	1.708564158179327E-01	7.186919887102219E-01	7.601653515380186E-01	6.834857323382015E-01	6.918792335127822E-01	5.812362856348868E-01	3.208144933212718E-01	7.915543854895311E-01	8.108224969633109E-01	1.000000000000000E+00	7.142272281467460E-01	9.841800300961202E-01	7.043088178478327E-01
DCP:CapPR	2.588156819667839E-01	1.443246057213151E-01	2.311946909421508E-01	9.665582575715567E-02	4.394115258013941E-02	1.709734969292171E-01	7.187027344596733E-01	6.835226866546233E-01	7.601673997855117E-01	5.811463581812382E-01	6.919095333706851E-01	3.210036392897169E-01	7.915683072163467E-01	8.108285377300443E-01	7.142272281467460E-01	1.000000000000000E+00	7.043027892153577E-01	9.841682374240235E-01
DCP:QH_D_L	1.697908661491274E-01	2.676316774812523E-01	1.139855694860065E-01	2.392366088918756E-01	4.560854129483052E-02	1.654163849173564E-01	7.137654692467484E-01	7.633473256247593E-01	6.809790328415397E-01	7.337288436106115E-01	5.994825242916031E-01	3.059298768653683E-01	7.686404319965343E-01	7.888908077870171E-01	9.841800300961202E-01	7.043027892153577E-01	1.000000000000000E+00	6.955804025097544E-01
DCP:QH_D_R	2.675686392764268E-01	1.702347523262147E-01	2.392085687444219E-01	1.143330414190790E-01	4.551132798035890E-02	1.655147602585302E-01	7.137682323843881E-01	6.810119358021574E-01	7.633529899410189E-01	5.994021771733181E-01	7.337500260867135E-01	3.061074908532684E-01	7.686460024895515E-01	7.888894819946732E-01	7.043088178478327E-01	9.841682374240235E-01	6.955804025097544E-01	1.000000000000000E+00

DC Resistance Matrix
	AC:QH_S_L	AC:QH_S_R	AC:QL_D_L	AC:QL_D_R	DCN:CapB1N	DCN:CapB2N	DCN:CapB3N	DCN:CapNL	DCN:CapNR	DCN:QL_S_L	DCN:QL_S_R	DCP:CapB1P	DCP:CapB2P	DCP:CapB3P	DCP:CapPL	DCP:CapPR	DCP:QH_D_L	DCP:QH_D_R	
AC:QH_S_L	2.516540265272447E-04	4.016959440756515E-05	2.259991531232501E-04	4.016844334214811E-05	0.000000000000000E+00	0.000000000000000E+00	0.000000000000000E+00	0.000000000000000E+00	0.000000000000000E+00	0.000000000000000E+00	0.000000000000000E+00	0.000000000000000E+00	0.000000000000000E+00	0.000000000000000E+00	0.000000000000000E+00	0.000000000000000E+00	0.000000000000000E+00	0.000000000000000E+00
AC:QH_S_R	4.016959440756515E-05	2.512350022856362E-04	4.016815504921577E-05	2.255436203019120E-04	0.000000000000000E+00	0.000000000000000E+00	0.000000000000000E+00	0.000000000000000E+00	0.000000000000000E+00	0.000000000000000E+00	0.000000000000000E+00	0.000000000000000E+00	0.000000000000000E+00	0.000000000000000E+00	0.000000000000000E+00	0.000000000000000E+00	0.000000000000000E+00	0.000000000000000E+00
AC:QL_D_L	2.259991531232501E-04	4.016815504921577E-05	2.516033905513049E-04	4.016700402627715E-05	0.000000000000000E+00	0.000000000000000E+00	0.000000000000000E+00	0.000000000000000E+00	0.000000000000000E+00	0.000000000000000E+00	0.000000000000000E+00	0.000000000000000E+00	0.000000000000000E+00	0.000000000000000E+00	0.000000000000000E+00	0.000000000000000E+00	0.000000000000000E+00	0.000000000000000E+00
AC:QL_D_R	4.016844334214811E-05	2.255436203019120E-04	4.016700402627715E-05	2.512445438381522E-04	0.000000000000000E+00	0.000000000000000E+00	0.000000000000000E+00	0.000000000000000E+00	0.000000000000000E+00	0.000000000000000E+00	0.000000000000000E+00	0.000000000000000E+00	0.000000000000000E+00	0.000000000000000E+00	0.000000000000000E+00	0.000000000000000E+00	0.000000000000000E+00	0.000000000000000E+00
DCN:CapB1N	0.000000000000000E+00	0.000000000000000E+00	0.000000000000000E+00	0.000000000000000E+00	3.084602596418730E-05	2.688820205683548E-05	2.194112223647212E-05	2.186625592933078E-05	2.186704839355553E-05	2.176356728506576E-05	2.176361406887969E-05	0.000000000000000E+00	0.000000000000000E+00	0.000000000000000E+00	0.000000000000000E+00	0.000000000000000E+00	0.000000000000000E+00	0.000000000000000E+00
DCN:CapB2N	0.000000000000000E+00	0.000000000000000E+00	0.000000000000000E+00	0.000000000000000E+00	2.688820205683548E-05	3.082607901254339E-05	2.197582847378946E-05	2.190091962507363E-05	2.190153150861192E-05	2.179802261574699E-05	2.179795456068964E-05	0.000000000000000E+00	0.000000000000000E+00	0.000000000000000E+00	0.000000000000000E+00	0.000000000000000E+00	0.000000000000000E+00	0.000000000000000E+00
DCN:CapB3N	0.000000000000000E+00	0.000000000000000E+00	0.000000000000000E+00	0.000000000000000E+00	2.194112223647212E-05	2.197582847378946E-05	1.046093256400834E-04	9.830700027996611E-05	9.830429875129935E-05	9.441839918749049E-05	9.441619251953723E-05	0.000000000000000E+00	0.000000000000000E+00	0.000000000000000E+00	0.000000000000000E+00	0.000000000000000E+00	0.000000000000000E+00	0.000000000000000E+00
DCN:CapNL	0.000000000000000E+00	0.000000000000000E+00	0.000000000000000E+00	0.000000000000000E+00	2.186625592933078E-05	2.190091962507363E-05	9.830700027996611E-05	1.233441903197299E-04	9.322125526046228E-05	9.608084599701852E-05	9.270084672155290E-05	0.000000000000000E+00	0.000000000000000E+00	0.000000000000000E+00	0.000000000000000E+00	0.000000000000000E+00	0.000000000000000E+00	0.000000000000000E+00
DCN:CapNR	0.000000000000000E+00	0.000000000000000E+00	0.000000000000000E+00	0.000000000000000E+00	2.186704839355553E-05	2.190153150861192E-05	9.830429875129935E-05	9.322125526046228E-05	1.233899947065881E-04	9.269974345296832E-05	9.608241057819459E-05	0.000000000000000E+00	0.000000000000000E+00	0.000000000000000E+00	0.000000000000000E+00	0.000000000000000E+00	0.000000000000000E+00	0.000000000000000E+00
DCN:QL_S_L	0.000000000000000E+00	0.000000000000000E+00	0.000000000000000E+00	0.000000000000000E+00	2.176356728506576E-05	2.179802261574699E-05	9.441839918749049E-05	9.608084599701852E-05	9.269974345296832E-05	3.135363492964575E-04	1.384652025395243E-04	0.000000000000000E+00	0.000000000000000E+00	0.000000000000000E+00	0.000000000000000E+00	0.000000000000000E+00	0.000000000000000E+00	0.000000000000000E+00
DCN:QL_S_R	0.000000000000000E+00	0.000000000000000E+00	0.000000000000000E+00	0.000000000000000E+00	2.176361406887969E-05	2.179795456068964E-05	9.441619251953723E-05	9.270084672155290E-05	9.608241057819459E-05	1.384652025395243E-04	3.134378904295742E-04	0.000000000000000E+00	0.000000000000000E+00	0.000000000000000E+00	0.000000000000000E+00	0.000000000000000E+00	0.000000000000000E+00	0.000000000000000E+00
DCP:CapB1P	0.000000000000000E+00	0.000000000000000E+00	0.000000000000000E+00	0.000000000000000E+00	0.000000000000000E+00	0.000000000000000E+00	0.000000000000000E+00	0.000000000000000E+00	0.000000000000000E+00	0.000000000000000E+00	0.000000000000000E+00	5.834017712208299E-05	4.311657830112267E-05	4.311644015924943E-05	4.291088658350199E-05	4.290984991116241E-05	4.291120473412750E-05	4.291016630546278E-05
DCP:CapB2P	0.000000000000000E+00	0.000000000000000E+00	0.000000000000000E+00	0.000000000000000E+00	0.000000000000000E+00	0.000000000000000E+00	0.000000000000000E+00	0.000000000000000E+00	0.000000000000000E+00	0.000000000000000E+00	0.000000000000000E+00	4.311657830112267E-05	1.385457746664395E-04	1.345473838059914E-04	1.173342492548627E-04	1.173243785019183E-04	1.173361299522763E-04	1.173262728472489E-04
DCP:CapB3P	0.000000000000000E+00	0.000000000000000E+00	0.000000000000000E+00	0.000000000000000E+00	0.000000000000000E+00	0.000000000000000E+00	0.000000000000000E+00	0.000000000000000E+00	0.000000000000000E+00	0.000000000000000E+00	0.000000000000000E+00	4.311644015924943E-05	1.345473838059914E-04	1.385430019709027E-04	1.173342818797449E-04	1.173241513220789E-04	1.173361637020933E-04	1.173260463554471E-04
DCP:CapPL	0.000000000000000E+00	0.000000000000000E+00	0.000000000000000E+00	0.000000000000000E+00	0.000000000000000E+00	0.000000000000000E+00	0.000000000000000E+00	0.000000000000000E+00	0.000000000000000E+00	0.000000000000000E+00	0.000000000000000E+00	4.291088658350199E-05	1.173342492548627E-04	1.173342818797449E-04	2.931217506194827E-04	1.295427826110374E-04	2.761106926214078E-04	1.294417464413116E-04
DCP:CapPR	0.000000000000000E+00	0.000000000000000E+00	0.000000000000000E+00	0.000000000000000E+00	0.000000000000000E+00	0.000000000000000E+00	0.000000000000000E+00	0.000000000000000E+00	0.000000000000000E+00	0.000000000000000E+00	0.000000000000000E+00	4.290984991116241E-05	1.173243785019183E-04	1.173241513220789E-04	1.295427826110374E-04	2.930529580827975E-04	1.294428484602213E-04	2.760598491390684E-04
DCP:QH_D_L	0.000000000000000E+00	0.000000000000000E+00	0.000000000000000E+00	0.000000000000000E+00	0.000000000000000E+00	0.000000000000000E+00	0.000000000000000E+00	0.000000000000000E+00	0.000000000000000E+00	0.000000000000000E+00	0.000000000000000E+00	4.291120473412750E-05	1.173361299522763E-04	1.173361637020933E-04	2.761106926214078E-04	1.294428484602213E-04	3.022500128526917E-04	1.293422742831991E-04
DCP:QH_D_R	0.000000000000000E+00	0.000000000000000E+00	0.000000000000000E+00	0.000000000000000E+00	0.000000000000000E+00	0.000000000000000E+00	0.000000000000000E+00	0.000000000000000E+00	0.000000000000000E+00	0.000000000000000E+00	0.000000000000000E+00	4.291016630546278E-05	1.173262728472489E-04	1.173260463554471E-04	1.294417464413116E-04	2.760598491390684E-04	1.293422742831991E-04	3.022230343666757E-04

DC Resistance Matrix Coupling Coefficient
	AC:QH_S_L	AC:QH_S_R	AC:QL_D_L	AC:QL_D_R	DCN:CapB1N	DCN:CapB2N	DCN:CapB3N	DCN:CapNL	DCN:CapNR	DCN:QL_S_L	DCN:QL_S_R	DCP:CapB1P	DCP:CapB2P	DCP:CapB3P	DCP:CapPL	DCP:CapPR	DCP:QH_D_L	DCP:QH_D_R	
AC:QH_S_L	1.000000000000000E+00	1.597553577450195E-01	8.981453490707169E-01	1.597477464638994E-01	0.000000000000000E+00	0.000000000000000E+00	0.000000000000000E+00	0.000000000000000E+00	0.000000000000000E+00	0.000000000000000E+00	0.000000000000000E+00	0.000000000000000E+00	0.000000000000000E+00	0.000000000000000E+00	0.000000000000000E+00	0.000000000000000E+00	0.000000000000000E+00	0.000000000000000E+00
AC:QH_S_R	1.597553577450195E-01	1.000000000000000E+00	1.597657076353914E-01	8.977225922227346E-01	0.000000000000000E+00	0.000000000000000E+00	0.000000000000000E+00	0.000000000000000E+00	0.000000000000000E+00	0.000000000000000E+00	0.000000000000000E+00	0.000000000000000E+00	0.000000000000000E+00	0.000000000000000E+00	0.000000000000000E+00	0.000000000000000E+00	0.000000000000000E+00	0.000000000000000E+00
AC:QL_D_L	8.981453490707169E-01	1.597657076353914E-01	1.000000000000000E+00	1.597580958660735E-01	0.000000000000000E+00	0.000000000000000E+00	0.000000000000000E+00	0.000000000000000E+00	0.000000000000000E+00	0.000000000000000E+00	0.000000000000000E+00	0.000000000000000E+00	0.000000000000000E+00	0.000000000000000E+00	0.000000000000000E+00	0.000000000000000E+00	0.000000000000000E+00	0.000000000000000E+00
AC:QL_D_R	1.597477464638994E-01	8.977225922227346E-01	1.597580958660735E-01	1.000000000000000E+00	0.000000000000000E+00	0.000000000000000E+00	0.000000000000000E+00	0.000000000000000E+00	0.000000000000000E+00	0.000000000000000E+00	0.000000000000000E+00	0.000000000000000E+00	0.000000000000000E+00	0.000000000000000E+00	0.000000000000000E+00	0.000000000000000E+00	0.000000000000000E+00	0.000000000000000E+00
DCN:CapB1N	0.000000000000000E+00	0.000000000000000E+00	0.000000000000000E+00	0.000000000000000E+00	1.000000000000000E+00	8.719729437928421E-01	3.862549212743552E-01	3.544993700610522E-01	3.544464111442964E-01	2.213026038655141E-01	2.213378353388820E-01	0.000000000000000E+00	0.000000000000000E+00	0.000000000000000E+00	0.000000000000000E+00	0.000000000000000E+00	0.000000000000000E+00	0.000000000000000E+00
DCN:CapB2N	0.000000000000000E+00	0.000000000000000E+00	0.000000000000000E+00	0.000000000000000E+00	8.719729437928421E-01	1.000000000000000E+00	3.869910416908685E-01	3.551762016903946E-01	3.551201932842553E-01	2.217246645781407E-01	2.217587941912052E-01	0.000000000000000E+00	0.000000000000000E+00	0.000000000000000E+00	0.000000000000000E+00	0.000000000000000E+00	0.000000000000000E+00	0.000000000000000E+00
DCN:CapB3N	0.000000000000000E+00	0.000000000000000E+00	0.000000000000000E+00	0.000000000000000E+00	3.862549212743552E-01	3.869910416908685E-01	1.000000000000000E+00	8.654458383550342E-01	8.652614111129185E-01	5.213477253862231E-01	5.214174168743916E-01	0.000000000000000E+00	0.000000000000000E+00	0.000000000000000E+00	0.000000000000000E+00	0.000000000000000E+00	0.000000000000000E+00	0.000000000000000E+00
DCN:CapNL	0.000000000000000E+00	0.000000000000000E+00	0.000000000000000E+00	0.000000000000000E+00	3.544993700610522E-01	3.551762016903946E-01	8.654458383550342E-01	1.000000000000000E+00	7.556411922155809E-01	4.885775647994030E-01	4.714640731545674E-01	0.000000000000000E+00	0.000000000000000E+00	0.000000000000000E+00	0.000000000000000E+00	0.000000000000000E+00	0.000000000000000E+00	0.000000000000000E+00
DCN:CapNR	0.000000000000000E+00	0.000000000000000E+00	0.000000000000000E+00	0.000000000000000E+00	3.544464111442964E-01	3.551201932842553E-01	8.652614111129185E-01	7.556411922155809E-01	1.000000000000000E+00	4.712969300004787E-01	4.885715452509422E-01	0.000000000000000E+00	0.000000000000000E+00	0.000000000000000E+00	0.000000000000000E+00	0.000000000000000E+00	0.000000000000000E+00	0.000000000000000E+00
DCN:QL_S_L	0.000000000000000E+00	0.000000000000000E+00	0.000000000000000E+00	0.000000000000000E+00	2.213026038655141E-01	2.217246645781407E-01	5.213477253862231E-01	4.885775647994030E-01	4.712969300004787E-01	1.000000000000000E+00	4.416934396136367E-01	0.000000000000000E+00	0.000000000000000E+00	0.000000000000000E+00	0.000000000000000E+00	0.000000000000000E+00	0.000000000000000E+00	0.000000000000000E+00
DCN:QL_S_R	0.000000000000000E+00	0.000000000000000E+00	0.000000000000000E+00	0.000000000000000E+00	2.213378353388820E-01	2.217587941912052E-01	5.214174168743916E-01	4.714640731545674E-01	4.885715452509422E-01	4.416934396136367E-01	1.000000000000000E+00	0.000000000000000E+00	0.000000000000000E+00	0.000000000000000E+00	0.000000000000000E+00	0.000000000000000E+00	0.000000000000000E+00	0.000000000000000E+00
DCP:CapB1P	0.000000000000000E+00	0.000000000000000E+00	0.000000000000000E+00	0.000000000000000E+00	0.000000000000000E+00	0.000000000000000E+00	0.000000000000000E+00	0.000000000000000E+00	0.000000000000000E+00	0.000000000000000E+00	0.000000000000000E+00	1.000000000000000E+00	4.795829932491805E-01	4.795862556732401E-01	3.281403168199133E-01	3.281709007261716E-01	3.231496366103507E-01	3.231562391561302E-01
DCP:CapB2P	0.000000000000000E+00	0.000000000000000E+00	0.000000000000000E+00	0.000000000000000E+00	0.000000000000000E+00	0.000000000000000E+00	0.000000000000000E+00	0.000000000000000E+00	0.000000000000000E+00	0.000000000000000E+00	0.000000000000000E+00	4.795829932491805E-01	1.000000000000000E+00	9.711500079184017E-01	5.822428088699115E-01	5.822621570043633E-01	5.733924277153578E-01	5.733698482346785E-01
DCP:CapB3P	0.000000000000000E+00	0.000000000000000E+00	0.000000000000000E+00	0.000000000000000E+00	0.000000000000000E+00	0.000000000000000E+00	0.000000000000000E+00	0.000000000000000E+00	0.000000000000000E+00	0.000000000000000E+00	0.000000000000000E+00	4.795862556732401E-01	9.711500079184017E-01	1.000000000000000E+00	5.822487970204940E-01	5.822668559853035E-01	5.733983303378398E-01	5.733744788331510E-01
DCP:CapPL	0.000000000000000E+00	0.000000000000000E+00	0.000000000000000E+00	0.000000000000000E+00	0.000000000000000E+00	0.000000000000000E+00	0.000000000000000E+00	0.000000000000000E+00	0.000000000000000E+00	0.000000000000000E+00	0.000000000000000E+00	3.281403168199133E-01	5.822428088699115E-01	5.822487970204940E-01	1.000000000000000E+00	4.419937659539276E-01	9.276326764096803E-01	4.348971485307828E-01
DCP:CapPR	0.000000000000000E+00	0.000000000000000E+00	0.000000000000000E+00	0.000000000000000E+00	0.000000000000000E+00	0.000000000000000E+00	0.000000000000000E+00	0.000000000000000E+00	0.000000000000000E+00	0.000000000000000E+00	0.000000000000000E+00	3.281709007261716E-01	5.822621570043633E-01	5.822668559853035E-01	4.419937659539276E-01	1.000000000000000E+00	4.349324812704910E-01	9.276121121451005E-01
DCP:QH_D_L	0.000000000000000E+00	0.000000000000000E+00	0.000000000000000E+00	0.000000000000000E+00	0.000000000000000E+00	0.000000000000000E+00	0.000000000000000E+00	0.000000000000000E+00	0.000000000000000E+00	0.000000000000000E+00	0.000000000000000E+00	3.231496366103507E-01	5.733924277153578E-01	5.733983303378398E-01	9.276326764096803E-01	4.349324812704910E-01	1.000000000000000E+00	4.279505099756166E-01
DCP:QH_D_R	0.000000000000000E+00	0.000000000000000E+00	0.000000000000000E+00	0.000000000000000E+00	0.000000000000000E+00	0.000000000000000E+00	0.000000000000000E+00	0.000000000000000E+00	0.000000000000000E+00	0.000000000000000E+00	0.000000000000000E+00	3.231562391561302E-01	5.733698482346785E-01	5.733744788331510E-01	4.348971485307828E-01	9.276121121451005E-01	4.279505099756166E-01	1.000000000000000E+00

AC Inductance Matrix
	AC:QH_S_L	AC:QH_S_R	AC:QL_D_L	AC:QL_D_R	DCN:CapB1N	DCN:CapB2N	DCN:CapB3N	DCN:CapNL	DCN:CapNR	DCN:QL_S_L	DCN:QL_S_R	DCP:CapB1P	DCP:CapB2P	DCP:CapB3P	DCP:CapPL	DCP:CapPR	DCP:QH_D_L	DCP:QH_D_R	
AC:QH_S_L	1.158739903111381E+00	3.904497526918311E-01	1.096358021590084E+00	3.648374008033952E-01	-7.059777975799324E-06	-2.802651779399228E-04	-6.356748529922075E-03	1.851499824442017E-03	-1.980381117868154E-02	-8.537918974653554E-02	-1.612140223676106E-01	-4.700589173721098E-04	-7.279036122266007E-03	-7.659647623400029E-03	4.285541798725900E-02	-8.475743691912005E-02	5.159317350828736E-02	-1.037664040430365E-01
AC:QH_S_R	3.904497526918311E-01	1.159952374460507E+00	3.647653642326085E-01	1.097602114975214E+00	-1.013836188563822E-05	-2.843889485284703E-04	-6.366164558432168E-03	-1.983208153515119E-02	1.829843520170713E-03	-1.617064610332908E-01	-8.534627083574856E-02	-4.690552279165543E-04	-7.245920457866894E-03	-7.624594934447814E-03	-8.483118653253657E-02	4.298967220756481E-02	-1.040861040024578E-01	5.174372839840838E-02
AC:QL_D_L	1.096358021590083E+00	3.647653642326085E-01	1.117856816458170E+00	3.417729900317822E-01	-7.396166495822845E-05	-2.804862527061961E-04	-5.169499805157561E-03	2.259327397308285E-03	-1.703274942017916E-02	-9.261719398267412E-03	-1.444115062707836E-01	-3.414894812051116E-04	-5.570592082475085E-03	-5.962684689774302E-03	4.693694025841517E-02	-7.712266911709702E-02	5.511648431576734E-02	-9.394411993309505E-02
AC:QL_D_R	3.648374008033952E-01	1.097602114975214E+00	3.417729900317822E-01	1.119118876153504E+00	-7.643119215062034E-05	-2.851292967659622E-04	-5.184478564280733E-03	-1.706952243299192E-02	2.221206226661309E-03	-1.449050513517546E-01	-9.237900548079218E-03	-3.385635464590948E-04	-5.543370532075165E-03	-5.931541046980302E-03	-7.721691775207047E-02	4.701289570319447E-02	-9.426038382761223E-02	5.517569078943184E-02
DCN:CapB1N	-7.059777975826827E-06	-1.013836188568591E-05	-7.396166495821508E-05	-7.643119215057422E-05	3.464150164530775E-02	3.143837183581732E-02	2.834032988955727E-02	2.854411576113694E-02	2.854616329790788E-02	2.845783885336306E-02	2.846505963576071E-02	2.307963211045836E-03	1.344081395399098E-03	1.230207382102258E-03	6.553724207777105E-04	6.532764234959971E-04	9.842759526001229E-04	9.843794202233627E-04
DCN:CapB2N	-2.802651779399428E-04	-2.843889485284565E-04	-2.804862527061893E-04	-2.851292967659851E-04	3.143837183581732E-02	3.475899557260724E-02	3.205987643178526E-02	3.245788982015015E-02	3.246273107451662E-02	3.264532358923098E-02	3.265034080698288E-02	1.914988502756154E-03	7.011700086232033E-03	6.876454192982200E-03	7.464569854410773E-03	7.463799440151291E-03	7.820506021475633E-03	7.819084934867361E-03
DCN:CapB3N	-6.356748529922007E-03	-6.366164558432174E-03	-5.169499805157575E-03	-5.184478564280692E-03	2.834032988955727E-02	3.205987643178521E-02	1.727490634187863E-01	1.762012293802056E-01	1.762031337287297E-01	1.840811244371899E-01	1.840694220916540E-01	2.489729881075661E-03	6.814323650412608E-02	7.672664277729549E-02	1.404680450808927E-01	1.404740285712581E-01	1.423528989954461E-01	1.423417661624744E-01
DCN:CapNL	1.851499824442026E-03	-1.983208153515116E-02	2.259327397308254E-03	-1.706952243299194E-02	2.854411576113697E-02	3.245788982015011E-02	1.762012293802057E-01	2.274682012672101E-01	1.814569494931627E-01	2.322208756564074E-01	1.995236683065368E-01	2.346180490444971E-03	7.068643060632299E-02	7.926518872857269E-02	1.808948453333270E-01	1.507195136404792E-01	1.828346595192838E-01	1.538739692578441E-01
DCN:CapNR	-1.980381117868161E-02	1.829843520170715E-03	-1.703274942017908E-02	2.221206226661298E-03	2.854616329790788E-02	3.246273107451671E-02	1.762031337287296E-01	1.814569494931628E-01	2.274429367589551E-01	1.995637020987692E-01	2.322230800330988E-01	2.345154938096571E-03	7.069881917244045E-02	7.927623383508380E-02	1.507331988397487E-01	1.809285925913255E-01	1.539287475717402E-01	1.828675413066294E-01
DCN:QL_S_L	-8.537918974653555E-02	-1.617064610332908E-01	-9.261719398267431E-03	-1.449050513517546E-01	2.845783885336306E-02	3.264532358923097E-02	1.840811244371900E-01	2.322208756564075E-01	1.995637020987692E-01	6.939635719204534E-01	3.017097401147253E-01	2.874069069365683E-03	8.120430048179754E-02	9.036313659610581E-02	2.594116605782360E-01	2.000140022085740E-01	3.200091906042163E-01	2.152527684427829E-01
DCN:QL_S_R	-1.612140223676106E-01	-8.534627083574860E-02	-1.444115062707836E-01	-9.237900548079233E-03	2.846505963576073E-02	3.265034080698288E-02	1.840694220916540E-01	1.995236683065368E-01	2.322230800330988E-01	3.017097401147253E-01	6.934747366225023E-01	2.875695079088568E-03	8.120802965094236E-02	9.036530831580368E-02	1.999559368105724E-01	2.592735695448256E-01	2.153528027119015E-01	3.192821991973713E-01
DCP:CapB1P	-4.700589173720821E-04	-4.690552279165803E-04	-3.414894812051037E-04	-3.385635464591025E-04	2.307963211045857E-03	1.914988502756145E-03	2.489729881075635E-03	2.346180490444927E-03	2.345154938096655E-03	2.874069069365682E-03	2.875695079088563E-03	7.897859782648282E-02	6.945384787273472E-02	6.952921052440968E-02	7.081152820830011E-02	7.081188474797014E-02	7.060943573612108E-02	7.060710082001738E-02
DCP:CapB2P	-7.279036122266078E-03	-7.245920457866739E-03	-5.570592082475042E-03	-5.543370532075327E-03	1.344081395399069E-03	7.011700086232084E-03	6.814323650412611E-02	7.068643060632308E-02	7.069881917244017E-02	8.120430048179757E-02	8.120802965094234E-02	6.945384787273465E-02	5.328128866787116E-01	5.335917034249479E-01	5.513757112848464E-01	5.514228825528159E-01	5.529197055359496E-01	5.529573205952261E-01
DCP:CapB3P	-7.659647623399954E-03	-7.624594934447967E-03	-5.962684689774375E-03	-5.931541046980172E-03	1.230207382102311E-03	6.876454192982154E-03	7.672664277729548E-02	7.926518872857266E-02	7.927623383508396E-02	9.036313659610583E-02	9.036530831580367E-02	6.952921052440963E-02	5.335917034249479E-01	5.411045280140435E-01	5.597893573979463E-01	5.598364778418907E-01	5.614684570127064E-01	5.615051007825933E-01
DCP:CapPL	4.285541798725905E-02	-8.483118653253661E-02	4.693694025841511E-02	-7.721691775207049E-02	6.553724207777399E-04	7.464569854410749E-03	1.404680450808928E-01	1.808948453333269E-01	1.507331988397487E-01	2.594116605782360E-01	1.999559368105723E-01	7.081152820830007E-02	5.513757112848461E-01	5.597893573979466E-01	1.311847234620163E+00	7.707361914851235E-01	1.314485842472447E+00	7.787800769203158E-01
DCP:CapPR	-8.475743691912005E-02	4.298967220756483E-02	-7.712266911709702E-02	4.701289570319445E-02	6.532764234959604E-04	7.463799440151343E-03	1.404740285712582E-01	1.507195136404793E-01	1.809285925913253E-01	2.000140022085741E-01	2.592735695448256E-01	7.081188474797015E-02	5.514228825528160E-01	5.598364778418906E-01	7.707361914851234E-01	1.312015698208575E+00	7.788784177312745E-01	1.314513323727066E+00
DCP:QH_D_L	5.159317350828733E-02	-1.040861040024579E-01	5.511648431576740E-02	-9.426038382761216E-02	9.842759526001073E-04	7.820506021475654E-03	1.423528989954461E-01	1.828346595192839E-01	1.539287475717401E-01	3.200091906042163E-01	2.153528027119016E-01	7.060943573612115E-02	5.529197055359500E-01	5.614684570127063E-01	1.314485842472447E+00	7.788784177312745E-01	1.382066316139540E+00	7.885182275547112E-01
DCP:QH_D_R	-1.037664040430364E-01	5.174372839840834E-02	-9.394411993309507E-02	5.517569078943190E-02	9.843794202234204E-04	7.819084934867302E-03	1.423417661624744E-01	1.538739692578440E-01	1.828675413066294E-01	2.152527684427828E-01	3.192821991973713E-01	7.060710082001738E-02	5.529573205952257E-01	5.615051007825934E-01	7.787800769203158E-01	1.314513323727066E+00	7.885182275547111E-01	1.381514260158122E+00

AC Inductance Matrix Coupling Coefficient
	AC:QH_S_L	AC:QH_S_R	AC:QL_D_L	AC:QL_D_R	DCN:CapB1N	DCN:CapB2N	DCN:CapB3N	DCN:CapNL	DCN:CapNR	DCN:QL_S_L	DCN:QL_S_R	DCP:CapB1P	DCP:CapB2P	DCP:CapB3P	DCP:CapPL	DCP:CapPR	DCP:QH_D_L	DCP:QH_D_R	
AC:QH_S_L	1.000000000000000E+00	3.367844968909415E-01	9.633105738326448E-01	3.203821128152416E-01	3.523706331670954E-05	1.396505179741460E-03	1.420804091608917E-02	3.606370543282987E-03	3.857621097759056E-02	9.521178575949327E-02	1.798434024605633E-01	1.553833945801344E-03	9.263893060393255E-03	9.673312658666947E-03	3.475930800286813E-02	6.874091647149516E-02	4.076944689810597E-02	8.201364222012504E-02
AC:QH_S_R	3.367844968909415E-01	1.000000000000000E+00	3.203320735520870E-01	9.633558645871734E-01	5.057656792647004E-05	1.416312301611311E-03	1.422164817669657E-02	3.860893956611926E-02	3.562522747898188E-03	1.802349276904772E-01	9.515884197666127E-02	1.549705563414105E-03	9.216926474418356E-03	9.624011050983065E-03	6.876917753808121E-02	3.484773366518924E-02	8.220689266368754E-02	4.087520591033315E-02
AC:QL_D_L	9.633105738326444E-01	3.203320735520870E-01	1.000000000000000E+00	3.055670614158746E-01	3.758505884494893E-04	1.422934409117492E-03	1.176379866020183E-02	4.480492269572289E-03	3.377967294395080E-02	1.051550641116378E-02	1.640187077978107E-01	1.149289744992767E-03	7.218066979858035E-03	7.666694719874604E-03	3.875966845331206E-02	6.368240349550539E-02	4.434288820253521E-02	7.559600177675983E-02
AC:QL_D_R	3.203821128152416E-01	9.633558645871734E-01	3.055670614158746E-01	1.000000000000000E+00	3.881809050874565E-04	1.445673177445220E-03	1.179123030203432E-02	3.383162929774214E-02	4.402653883459280E-03	1.644284934833032E-01	1.048624136577975E-02	1.138799781716187E-03	7.178743535847699E-03	7.622349278018014E-03	6.372835662995147E-02	3.879800330074935E-02	7.579257324909372E-02	4.437434775802526E-02
DCN:CapB1N	3.523706331684682E-05	5.057656792670797E-05	3.758505884494214E-04	3.881809050872224E-04	1.000000000000000E+00	9.059997593805387E-01	3.663521087458270E-01	3.215569439284314E-01	3.215978701283010E-01	1.835419004085428E-01	1.836531666371327E-01	4.412409566779864E-02	9.893269842609643E-03	8.985440855065991E-03	3.074313659396165E-03	3.064284711922493E-03	4.498358653487664E-03	4.499730304847728E-03
DCN:CapB2N	1.396505179741559E-03	1.416312301611243E-03	1.422934409117458E-03	1.445673177445336E-03	9.059997593805389E-01	1.000000000000000E+00	4.137332114881119E-01	3.650281235343253E-01	3.651028455201556E-01	2.101933790125278E-01	2.102997651027578E-01	3.654919804975652E-02	5.152314472491810E-02	5.014069635280131E-02	3.495662900734897E-02	3.495077708609001E-02	3.568098249818592E-02	3.568162589454314E-02
DCN:CapB3N	1.420804091608902E-02	1.422164817669658E-02	1.176379866020186E-02	1.179123030203423E-02	3.663521087458270E-01	4.137332114881113E-01	1.000000000000000E+00	8.888750923890509E-01	8.889340667499216E-01	5.316588785981790E-01	5.318124203030570E-01	2.131521273023945E-02	2.246092025678361E-01	2.509561025483583E-01	2.950720374797539E-01	2.950656614799146E-01	2.913359133509090E-01	2.913713280246565E-01
DCN:CapNL	3.606370543283005E-03	3.860893956611921E-02	4.480492269572227E-03	3.383162929774219E-02	3.215569439284317E-01	3.650281235343250E-01	8.888750923890512E-01	1.000000000000000E+00	7.977687711069731E-01	5.844839297035451E-01	5.023642801881822E-01	1.750436509068283E-02	2.030431513070040E-01	2.259339874964093E-01	3.311495832968225E-01	2.758923266166792E-01	3.260871908292834E-01	2.744903772120030E-01
DCN:CapNR	3.857621097759070E-02	3.562522747898191E-03	3.377967294395065E-02	4.402653883459257E-03	3.215978701283010E-01	3.651028455201566E-01	8.889340667499214E-01	7.977687711069736E-01	1.000000000000000E+00	5.023159724171909E-01	5.847279203540063E-01	1.749768540386634E-02	2.030900155740198E-01	2.259780198260500E-01	2.759504181787739E-01	3.312084910209684E-01	2.745484950161028E-01	3.262291109108073E-01
DCN:QL_S_L	9.521178575949328E-02	1.802349276904772E-01	1.051550641116380E-02	1.644284934833032E-01	1.835419004085428E-01	2.101933790125278E-01	5.316588785981791E-01	5.844839297035451E-01	5.023159724171909E-01	1.000000000000000E+00	4.349162870644585E-01	1.227648830530473E-02	1.335436778149085E-01	1.474627661834264E-01	2.718814170667244E-01	2.096150917139034E-01	3.267605912971728E-01	2.198379789930064E-01
DCN:QL_S_R	1.798434024605633E-01	9.515884197666132E-02	1.640187077978107E-01	1.048624136577976E-02	1.836531666371329E-01	2.102997651027578E-01	5.318124203030571E-01	5.023642801881824E-01	5.847279203540062E-01	4.349162870644585E-01	1.000000000000000E+00	1.228776232799014E-02	1.335968723966549E-01	1.475182760645154E-01	2.096415436657066E-01	2.718149934949196E-01	2.199737025920481E-01	3.261983034676705E-01
DCP:CapB1P	1.553833945801253E-03	1.549705563414191E-03	1.149289744992740E-03	1.138799781716213E-03	4.412409566779905E-02	3.654919804975633E-02	2.131521273023922E-02	1.750436509068250E-02	1.749768540386696E-02	1.227648830530472E-02	1.228776232799012E-02	1.000000000000000E+00	3.385744969227894E-01	3.363349542643769E-01	2.199923735988463E-01	2.199793571720261E-01	2.137192247587307E-01	2.137548531286396E-01
DCP:CapB2P	9.263893060393345E-03	9.216926474418158E-03	7.218066979857979E-03	7.178743535847910E-03	9.893269842609425E-03	5.152314472491848E-02	2.246092025678362E-01	2.030431513070043E-01	2.030900155740190E-01	1.335436778149085E-01	1.335968723966548E-01	3.385744969227890E-01	1.000000000000000E+00	9.937591127086808E-01	6.595058297412894E-01	6.595199063017425E-01	6.443328399365041E-01	6.445054080924854E-01
DCP:CapB3P	9.673312658666854E-03	9.624011050983259E-03	7.666694719874699E-03	7.622349278017847E-03	8.985440855066380E-03	5.014069635280099E-02	2.509561025483583E-01	2.259339874964092E-01	2.259780198260504E-01	1.474627661834264E-01	1.475182760645154E-01	3.363349542643767E-01	9.937591127086808E-01	1.000000000000000E+00	6.644195784750677E-01	6.644328453078931E-01	6.492625267223910E-01	6.494346191378144E-01
DCP:CapPL	3.475930800286817E-02	6.876917753808123E-02	3.875966845331200E-02	6.372835662995148E-02	3.074313659396303E-03	3.495662900734886E-02	2.950720374797540E-01	3.311495832968223E-01	2.759504181787740E-01	2.718814170667244E-01	2.096415436657066E-01	2.199923735988461E-01	6.595058297412890E-01	6.644195784750679E-01	1.000000000000000E+00	5.874820543638491E-01	9.762248076206471E-01	5.784895452312990E-01
DCP:CapPR	6.874091647149516E-02	3.484773366518925E-02	6.368240349550537E-02	3.879800330074933E-02	3.064284711922321E-03	3.495077708609026E-02	2.950656614799147E-01	2.758923266166795E-01	3.312084910209681E-01	2.096150917139034E-01	2.718149934949196E-01	2.199793571720261E-01	6.595199063017426E-01	6.644328453078930E-01	5.874820543638490E-01	1.000000000000000E+00	5.784098938248475E-01	9.763775625988322E-01
DCP:QH_D_L	4.076944689810594E-02	8.220689266368755E-02	4.434288820253526E-02	7.579257324909368E-02	4.498358653487593E-03	3.568098249818601E-02	2.913359133509090E-01	3.260871908292837E-01	2.745484950161027E-01	3.267605912971728E-01	2.199737025920481E-01	2.137192247587309E-01	6.443328399365046E-01	6.492625267223909E-01	9.762248076206471E-01	5.784098938248475E-01	1.000000000000000E+00	5.706497216330833E-01
DCP:QH_D_R	8.201364222012500E-02	4.087520591033312E-02	7.559600177675983E-02	4.437434775802530E-02	4.499730304847992E-03	3.568162589454288E-02	2.913713280246565E-01	2.744903772120028E-01	3.262291109108073E-01	2.198379789930063E-01	3.261983034676705E-01	2.137548531286396E-01	6.445054080924849E-01	6.494346191378145E-01	5.784895452312990E-01	9.763775625988322E-01	5.706497216330831E-01	1.000000000000000E+00

AC Resistance Matrix
	AC:QH_S_L	AC:QH_S_R	AC:QL_D_L	AC:QL_D_R	DCN:CapB1N	DCN:CapB2N	DCN:CapB3N	DCN:CapNL	DCN:CapNR	DCN:QL_S_L	DCN:QL_S_R	DCP:CapB1P	DCP:CapB2P	DCP:CapB3P	DCP:CapPL	DCP:CapPR	DCP:QH_D_L	DCP:QH_D_R	
AC:QH_S_L	1.580987101886868E-03	1.497423685231261E-04	1.456529410741518E-03	1.188789672862766E-04	6.725353134746023E-07	2.410563598268531E-07	-2.530917877375798E-05	-1.950758373552250E-05	-4.184989460464737E-05	-3.121662001865612E-04	-4.841360609626469E-04	-3.639884140788353E-06	-2.618798028028002E-05	-2.589889007028703E-05	-8.262040814916928E-05	-7.694858228962549E-05	-8.074137517511628E-05	-1.005026030477070E-04
AC:QH_S_R	1.497423685231273E-04	1.588327886792976E-03	1.186525225149079E-04	1.463975654779911E-03	6.555688356308920E-07	2.636889621035833E-07	-2.580549793669442E-05	-4.303113719024648E-05	-2.004153667752612E-05	-4.901737521691580E-04	-3.126883716087160E-04	-3.620608788235671E-06	-2.656142411552004E-05	-2.632893699180460E-05	-7.887637798647348E-05	-8.225505152790709E-05	-1.027684065043388E-04	-7.995599190633741E-05
AC:QL_D_L	1.456529410741517E-03	1.186525225149088E-04	1.483142343885780E-03	9.396238461452391E-05	6.698596693835969E-08	-4.481534761080351E-07	-1.622480004528732E-05	-1.978517236769563E-05	-2.687961693683872E-05	-1.822462897865509E-04	-4.285603296196917E-04	1.228209871786567E-06	-1.734811762569465E-05	-1.971584355906586E-05	-5.810475371126417E-05	-6.565076956384884E-05	-7.358182325967281E-05	-7.766313918723298E-05
AC:QL_D_R	1.188789672862744E-04	1.463975654779911E-03	9.396238461452467E-05	1.490417517520645E-03	1.150230857796938E-07	-4.427252460467244E-07	-1.665205543266597E-05	-2.786345799024377E-05	-2.026788148478100E-05	-4.344438712692895E-04	-1.828433123832999E-04	1.233429656377606E-06	-1.773987215574597E-05	-2.011910067978930E-05	-6.766964444798621E-05	-5.772342793499646E-05	-7.981206372963564E-05	-7.293906817555532E-05
DCN:CapB1N	6.725353134735317E-07	6.555688356316027E-07	6.698596693938291E-08	1.150230857796455E-07	1.058672928623125E-04	9.167032765378436E-05	9.790683269572637E-05	8.902040611671053E-05	8.895171715292402E-05	8.738657299308642E-05	8.745089926418995E-05	2.228230314138846E-05	1.865047738658606E-05	1.546511605271596E-05	-2.435679039203751E-05	-2.440977097171182E-05	-2.606164785153062E-05	-2.603371729894613E-05
DCN:CapB2N	2.410563598272618E-07	2.636889621034808E-07	-4.481534761080476E-07	-4.427252460468574E-07	9.167032765378389E-05	9.593585085424200E-05	9.636310977975573E-05	9.457556769000841E-05	9.459818077248897E-05	9.548894971112341E-05	9.551809726787361E-05	8.927590712135603E-06	3.365854865990814E-05	2.756940908419102E-05	1.009897749409690E-05	1.010452899525501E-05	1.504379634213779E-05	1.508953911788386E-05
DCN:CapB3N	-2.530917877375822E-05	-2.580549793669389E-05	-1.622480004528751E-05	-1.665205543266577E-05	9.790683269572526E-05	9.636310977975729E-05	6.439597500321342E-04	6.470383575569102E-04	6.465539159978248E-04	6.934744831336392E-04	6.928880379355340E-04	-4.975358683242879E-06	2.269805174479477E-04	2.605413122302500E-04	4.865548880563140E-04	4.862774883543868E-04	4.875192859066800E-04	4.873326471229929E-04
DCN:CapNL	-1.950758373552314E-05	-4.303113719024589E-05	-1.978517236769532E-05	-2.786345799024442E-05	8.902040611670913E-05	9.457556769000959E-05	6.470383575569101E-04	7.426572829577512E-04	6.653289427125694E-04	7.730582425664079E-04	7.409783768443931E-04	-2.606422776003081E-06	2.131946664789454E-04	2.414814010433879E-04	5.944299790714963E-04	5.236711797450950E-04	5.870612418420348E-04	5.346381325418368E-04
DCN:CapNR	-4.184989460464837E-05	-2.004153667752619E-05	-2.687961693683778E-05	-2.026788148478089E-05	8.895171715292560E-05	9.459818077248858E-05	6.465539159978260E-04	6.653289427125700E-04	7.411469304986614E-04	7.412179182882839E-04	7.710657055543144E-04	-2.586443041462860E-06	2.129870092581216E-04	2.412454070484010E-04	5.235223835547364E-04	5.931326162468507E-04	5.345426458757574E-04	5.859037345040515E-04
DCN:QL_S_L	-3.121662001865618E-04	-4.901737521691583E-04	-1.822462897865506E-04	-4.344438712692893E-04	8.738657299308650E-05	9.548894971112389E-05	6.934744831336388E-04	7.730582425664071E-04	7.412179182882838E-04	2.630955394269357E-03	1.319159123109077E-03	5.656362986947555E-06	2.747465993660351E-04	3.072673701297390E-04	9.298587659135834E-04	7.316100576610278E-04	1.028699722687919E-03	7.812464803291371E-04
DCN:QL_S_R	-4.841360609626461E-04	-3.126883716087155E-04	-4.285603296196913E-04	-1.828433123832998E-04	8.745089926418976E-05	9.551809726787460E-05	6.928880379355331E-04	7.409783768443914E-04	7.710657055543131E-04	1.319159123109076E-03	2.622391307569741E-03	5.650597292258279E-06	2.744136860430837E-04	3.068734283115581E-04	7.305054752983246E-04	9.283216882022563E-04	7.803053558612350E-04	1.026890494310324E-03
DCP:CapB1P	-3.639884140788635E-06	-3.620608788235558E-06	1.228209871788029E-06	1.233429656377186E-06	2.228230314138755E-05	8.927590712135722E-06	-4.975358683244033E-06	-2.606422776001923E-06	-2.586443041462985E-06	5.656362986947261E-06	5.650597292258378E-06	2.006899457713138E-04	1.735104291847513E-04	1.762847548865680E-04	2.069674948468459E-04	2.070513819627365E-04	2.033951464742629E-04	2.034402441877527E-04
DCP:CapB2P	-2.618798028027463E-05	-2.656142411552235E-05	-1.734811762569860E-05	-1.773987215574249E-05	1.865047738658504E-05	3.365854865990726E-05	2.269805174479401E-04	2.131946664789308E-04	2.129870092581363E-04	2.747465993660356E-04	2.744136860430841E-04	1.735104291847527E-04	8.427025978211655E-04	8.448939745155370E-04	9.036328773177788E-04	9.033142132650561E-04	8.896053848251075E-04	8.892573984665623E-04
DCP:CapB3P	-2.589889007028965E-05	-2.632893699180362E-05	-1.971584355906446E-05	-2.011910067979140E-05	1.546511605271664E-05	2.756940908419317E-05	2.605413122302558E-04	2.414814010433957E-04	2.412454070483880E-04	3.072673701297395E-04	3.068734283115573E-04	1.762847548865640E-04	8.448939745155297E-04	8.651373152582419E-04	9.375875307865086E-04	9.372103902193656E-04	9.252445580675264E-04	9.248873031226651E-04
DCP:CapPL	-8.262040814916993E-05	-7.887637798647595E-05	-5.810475371126340E-05	-6.766964444798507E-05	-2.435679039203558E-05	1.009897749409673E-05	4.865548880563153E-04	5.944299790714954E-04	5.235223835547371E-04	9.298587659135837E-04	7.305054752983244E-04	2.069674948468446E-04	9.036328773177757E-04	9.375875307865134E-04	2.184797864699518E-03	1.152507054968622E-03	2.202049993770187E-03	1.184698917076905E-03
DCP:CapPR	-7.694858228962832E-05	-8.225505152790613E-05	-6.565076956384751E-05	-5.772342793499642E-05	-2.440977097171336E-05	1.010452899525733E-05	4.862774883543867E-04	5.236711797450975E-04	5.931326162468447E-04	7.316100576610269E-04	9.283216882022560E-04	2.070513819627350E-04	9.033142132650563E-04	9.372103902193669E-04	1.152507054968619E-03	2.183422700781183E-03	1.184926569416808E-03	2.201007813583665E-03
DCP:QH_D_L	-8.074137517511671E-05	-1.027684065043374E-04	-7.358182325967218E-05	-7.981206372963714E-05	-2.606164785153219E-05	1.504379634214142E-05	4.875192859066801E-04	5.870612418420382E-04	5.345426458757540E-04	1.028699722687920E-03	7.803053558612383E-04	2.033951464742609E-04	8.896053848251172E-04	9.252445580675219E-04	2.202049993770187E-03	1.184926569416812E-03	2.361639441371248E-03	1.222851319831998E-03
DCP:QH_D_R	-1.005026030477043E-04	-7.995599190633787E-05	-7.766313918723238E-05	-7.293906817555545E-05	-2.603371729894580E-05	1.508953911788480E-05	4.873326471229925E-04	5.346381325418331E-04	5.859037345040511E-04	7.812464803291367E-04	1.026890494310324E-03	2.034402441877494E-04	8.892573984665711E-04	9.248873031226600E-04	1.184698917076902E-03	2.201007813583664E-03	1.222851319831997E-03	2.361879157309150E-03

AC Resistance Matrix Coupling Coefficient
	AC:QH_S_L	AC:QH_S_R	AC:QL_D_L	AC:QL_D_R	DCN:CapB1N	DCN:CapB2N	DCN:CapB3N	DCN:CapNL	DCN:CapNR	DCN:QL_S_L	DCN:QL_S_R	DCP:CapB1P	DCP:CapB2P	DCP:CapB3P	DCP:CapPL	DCP:CapPR	DCP:QH_D_L	DCP:QH_D_R	
AC:QH_S_L	1.000000000000000E+00	9.449535355692083E-02	9.511821199174280E-01	7.744384143185036E-02	1.643879674948790E-03	6.189619681008792E-04	2.508329168882541E-02	1.800300881651026E-02	3.866144196880893E-02	1.530611500209395E-01	2.377686109236113E-01	6.461905296271725E-03	2.268823309684923E-02	2.214493789063683E-02	4.445468541737010E-02	4.141594246630860E-02	4.178545946065122E-02	5.200969536307899E-02
AC:QH_S_R	9.449535355692158E-02	1.000000000000000E+00	7.730640506363937E-02	9.515022092187699E-01	1.598701253585141E-03	6.755094119447903E-04	2.551601221929240E-02	3.962036943154211E-02	1.847178139171895E-02	2.397856719576144E-01	1.532120423892538E-01	6.412815023070111E-03	2.295853169968404E-02	2.246056735901148E-02	4.234198828757175E-02	4.416961233640884E-02	5.306189371748217E-02	4.128117953719194E-02
AC:QL_D_L	9.511821199174267E-01	7.730640506363996E-02	1.000000000000000E+00	6.319877199215818E-02	1.690485732490514E-04	1.188077815181445E-03	1.660192985440906E-02	1.885185969548884E-02	2.563772595539366E-02	9.225938089869629E-02	2.173060421409517E-01	2.251222179122425E-03	1.551757219684124E-02	1.740529642754571E-02	3.227859451158766E-02	3.648207178183280E-02	3.931627201263572E-02	4.149489662921012E-02
AC:QL_D_R	7.744384143184894E-02	9.515022092187704E-01	6.319877199215869E-02	1.000000000000000E+00	2.895677138285797E-04	1.170819235699267E-03	1.699747899595712E-02	2.648419751458988E-02	1.928422658889329E-02	2.193930972504968E-01	9.248607711673630E-02	2.255265131338941E-03	1.582921384224607E-02	1.771789275077165E-02	3.750026097202861E-02	3.199847125489191E-02	4.254100747433365E-02	3.887562647688676E-02
DCN:CapB1N	1.643879674946173E-03	1.598701253586874E-03	1.690485732516336E-04	2.895677138284582E-04	1.000000000000000E+00	9.096145819606899E-01	3.749753643582627E-01	3.174785916720196E-01	3.175566963534868E-01	1.655796886665712E-01	1.659719235994768E-01	1.528679235950985E-01	6.244129225049348E-02	5.110104215084116E-02	5.064464409221160E-02	5.077078636319574E-02	5.212117187374656E-02	5.206267082611565E-02
DCN:CapB2N	6.189619681019286E-04	6.755094119445277E-04	1.188077815181478E-03	1.170819235699619E-03	9.096145819606852E-01	1.000000000000000E+00	3.876956957891196E-01	3.543188590608941E-01	3.547645052979936E-01	1.900666447552753E-01	1.904348589143749E-01	6.433999133304889E-02	1.183771154966628E-01	9.569615082918800E-02	2.205877074831099E-02	2.207784591347116E-02	3.160531935365220E-02	3.169981097767996E-02
DCN:CapB3N	2.508329168882565E-02	2.551601221929187E-02	1.660192985440924E-02	1.699747899595691E-02	3.749753643582584E-01	3.876956957891258E-01	1.000000000000000E+00	9.356349655163561E-01	9.358865970674222E-01	5.327756669994487E-01	5.331936318408487E-01	1.383987685870969E-02	3.081215357416847E-01	3.490637197331394E-01	4.102011249393157E-01	4.100963393607985E-01	3.953262406374160E-01	3.951548420559786E-01
DCN:CapNL	1.800300881651085E-02	3.962036943154157E-02	1.885185969548854E-02	2.648419751459050E-02	3.174785916720146E-01	3.543188590608984E-01	9.356349655163559E-01	1.000000000000000E+00	8.967885134091129E-01	5.530459934199081E-01	5.309609285154107E-01	6.751306612400059E-03	2.694914226980876E-01	3.012637949362506E-01	4.666602944015388E-01	4.112401797629572E-01	4.432843409592664E-01	4.036796644008503E-01
DCN:CapNR	3.866144196880986E-02	1.847178139171901E-02	2.563772595539276E-02	1.928422658889318E-02	3.175566963534924E-01	3.547645052979922E-01	9.358865970674238E-01	8.967885134091137E-01	1.000000000000000E+00	5.308074501716292E-01	5.530832193497414E-01	6.706376848283919E-03	2.695031165492344E-01	3.012758874401660E-01	4.114124845554039E-01	4.662627691723657E-01	4.040391094509951E-01	4.428383991977394E-01
DCN:QL_S_L	1.530611500209398E-01	2.397856719576146E-01	9.225938089869616E-02	2.193930972504967E-01	1.655796886665714E-01	1.900666447552763E-01	5.327756669994483E-01	5.530459934199076E-01	5.308074501716291E-01	1.000000000000000E+00	5.022173295932996E-01	7.784266957587385E-03	1.845178632812756E-01	2.036653644004270E-01	3.878418017710237E-01	3.052488342573189E-01	4.126910814826661E-01	3.134025273585898E-01
DCN:QL_S_R	2.377686109236109E-01	1.532120423892536E-01	2.173060421409515E-01	9.248607711673626E-02	1.659719235994765E-01	1.904348589143769E-01	5.331936318408480E-01	5.309609285154094E-01	5.530832193497405E-01	5.022173295932992E-01	1.000000000000000E+00	7.789019675350272E-03	1.845949657253171E-01	2.037361122636016E-01	3.051891542857467E-01	3.879545394647959E-01	3.135516156009334E-01	4.126164597816754E-01
DCP:CapB1P	6.461905296272226E-03	6.412815023069911E-03	2.251222179125105E-03	2.255265131338174E-03	1.528679235950922E-01	6.433999133304975E-02	1.383987685871290E-02	6.751306612397058E-03	6.706376848284244E-03	7.784266957586982E-03	7.789019675350407E-03	1.000000000000000E+00	4.219156257283689E-01	4.230672680656452E-01	3.125602199383937E-01	3.127853581926416E-01	2.954411471154264E-01	2.954916572767446E-01
DCP:CapB2P	2.268823309684456E-02	2.295853169968604E-02	1.551757219684478E-02	1.582921384224296E-02	6.244129225049006E-02	1.183771154966597E-01	3.081215357416743E-01	2.694914226980692E-01	2.695031165492530E-01	1.845178632812760E-01	1.845949657253174E-01	4.219156257283723E-01	1.000000000000000E+00	9.895153240850004E-01	6.659616581685989E-01	6.659364194504074E-01	6.305992357042948E-01	6.303205753824301E-01
DCP:CapB3P	2.214493789063907E-02	2.246056735901065E-02	1.740529642754448E-02	1.771789275077350E-02	5.110104215084340E-02	9.569615082919547E-02	3.490637197331472E-01	3.012637949362604E-01	3.012758874401497E-01	2.036653644004273E-01	2.037361122636011E-01	4.230672680656357E-01	9.895153240849918E-01	1.000000000000000E+00	6.819674859076544E-01	6.819078057119369E-01	6.473024048897844E-01	6.470196321045595E-01
DCP:CapPL	4.445468541737046E-02	4.234198828757307E-02	3.227859451158724E-02	3.750026097202798E-02	5.064464409220759E-02	2.205877074831061E-02	4.102011249393168E-01	4.666602944015380E-01	4.114124845554044E-01	3.878418017710238E-01	3.051891542857466E-01	3.125602199383917E-01	6.659616581685966E-01	6.819674859076579E-01	1.000000000000000E+00	5.276780761421850E-01	9.694261860720546E-01	5.215230684711385E-01
DCP:CapPR	4.141594246631013E-02	4.416961233640833E-02	3.648207178183207E-02	3.199847125489189E-02	5.077078636319896E-02	2.207784591347622E-02	4.100963393607983E-01	4.112401797629592E-01	4.662627691723610E-01	3.052488342573185E-01	3.879545394647957E-01	3.127853581926392E-01	6.659364194504075E-01	6.819078057119378E-01	5.276780761421833E-01	1.000000000000000E+00	5.218140043125086E-01	9.692232795408940E-01
DCP:QH_D_L	4.178545946065144E-02	5.306189371748141E-02	3.931627201263539E-02	4.254100747433445E-02	5.212117187374969E-02	3.160531935365983E-02	3.953262406374160E-01	4.432843409592689E-01	4.040391094509925E-01	4.126910814826665E-01	3.135516156009347E-01	2.954411471154235E-01	6.305992357043017E-01	6.473024048897812E-01	9.694261860720541E-01	5.218140043125106E-01	1.000000000000000E+00	5.177713587275192E-01
DCP:QH_D_R	5.200969536307763E-02	4.128117953719218E-02	4.149489662920981E-02	3.887562647688684E-02	5.206267082611499E-02	3.169981097768193E-02	3.951548420559782E-01	4.036796644008475E-01	4.428383991977392E-01	3.134025273585896E-01	4.126164597816755E-01	2.954916572767397E-01	6.303205753824364E-01	6.470196321045559E-01	5.215230684711375E-01	9.692232795408938E-01	5.177713587275189E-01	1.000000000000000E+00

