Design Variation:  h_23='1.2mm' h_34='0.10000000000000001mm' h_diel='0.10000000000000001mm' r_anti='0.34999999999999998mm' t_L1='0.070000000000000007mm' t_L2='0.070000000000000007mm' t_L3='0.070000000000000007mm' t_L4='0.070000000000000007mm' t_pad='0.035000000000000003mm' via_r='0.14999999999999999mm' z_L1='0.17000000000000001mm' z_L3b='-1.2699999999999998mm' z_L3t='-1.2mm' z_L4b='-1.4399999999999999mm' z_L4t='-1.3699999999999999mm' z_top='0.24000000000000002mm'
Setup1:Sweep1
Problem Type:  DC RL, AC RL
R Units:ohm, L Units:nH
Reduce Matrix:  Original
Frequency:  20kHz

DC Inductance Matrix
	AC:QH_S_L	AC:QH_S_R	AC:QL_D_L	AC:QL_D_R	DCN:CapB1N	DCN:CapB2N	DCN:CapB3N	DCN:CapNL	DCN:CapNR	DCN:QL_S_L	DCN:QL_S_R	DCP:CapB1P	DCP:CapB2P	DCP:CapB3P	DCP:CapPL	DCP:CapPR	DCP:QH_D_L	DCP:QH_D_R	
AC:QH_S_L	2.616060046052188E+00	5.507061337262714E-01	2.325732313709410E+00	4.254552557118878E-01	1.436894410584490E-02	-1.423891776769946E-02	-3.298237319602008E-01	-3.857115001772160E-01	-4.425242114289178E-01	-1.105204720633256E+00	-1.660272498423622E+00	-2.307408127643835E-02	-2.777483469233012E-01	-3.142243200735677E-01	-4.674899195054016E-01	-8.404769308405093E-01	-5.914954385302269E-01	-9.320880503163694E-01
AC:QH_S_R	5.507061337262714E-01	2.607854417434932E+00	4.258574110693559E-01	2.316772245826313E+00	1.442398351164451E-02	-1.417719602672969E-02	-3.296236253990040E-01	-4.420579934257641E-01	-3.857027570462644E-01	-1.657585515981295E+00	-1.108122318905317E+00	-2.298404181186539E-02	-2.775844970104727E-01	-3.140496307062182E-01	-8.392366090678973E-01	-4.679434877698012E-01	-9.308772356493148E-01	-5.920900611408673E-01
AC:QL_D_L	2.325732313709410E+00	4.258574110693559E-01	2.224774331578053E+00	3.185334324495775E-01	1.152939691990505E-02	-1.027303059988345E-02	-2.482531214863168E-01	-2.791477667102878E-01	-3.443416842963421E-01	-6.242763261003815E-01	-1.382119912604517E+00	-1.708881796908541E-02	-2.099823720470943E-01	-2.375468265544434E-01	-2.886105549858606E-01	-6.923603611389764E-01	-3.661896607229181E-01	-7.684534970170481E-01
AC:QL_D_R	4.254552557118878E-01	2.316772245826313E+00	3.185334324495775E-01	2.215583663922452E+00	1.157908690589017E-02	-1.020678570615810E-02	-2.479345334252193E-01	-3.437399971463886E-01	-2.789720602821103E-01	-1.379026193494250E+00	-6.265140182355217E-01	-1.698685880563770E-02	-2.097332230892382E-01	-2.372745822016784E-01	-6.908941974325242E-01	-2.888573807541508E-01	-7.669815852396464E-01	-3.665335302584896E-01
DCN:CapB1N	1.436894410584490E-02	1.442398351164451E-02	1.152939691990505E-02	1.157908690589017E-02	1.152496782290188E-01	1.026900224817094E-01	5.669613769951823E-02	5.046057237218788E-02	5.046756072802659E-02	2.946098007442072E-02	2.949346539416656E-02	3.569424845152278E-02	-1.722546879902566E-04	-5.911347336558180E-03	-3.003135806895981E-02	-2.995040237344039E-02	-3.334872735201377E-02	-3.327646963522808E-02
DCN:CapB2N	-1.423891776769946E-02	-1.417719602672969E-02	-1.027303059988345E-02	-1.020678570615810E-02	1.026900224817094E-01	1.128982453199248E-01	1.415769650751525E-01	1.447804501058822E-01	1.447987070332291E-01	1.712946587783732E-01	1.713369867756707E-01	4.083499407187202E-02	9.319846075965192E-02	9.569543973212877E-02	1.152652762098883E-01	1.153410091271787E-01	1.197113541189828E-01	1.197783156105349E-01
DCN:CapB3N	-3.298237319602008E-01	-3.296236253990040E-01	-2.482531214863168E-01	-2.479345334252193E-01	5.669613769951823E-02	1.415769650751525E-01	1.115820002882194E+00	1.250266114216238E+00	1.250351987439570E+00	1.838061057536232E+00	1.838240296710670E+00	9.539629013035843E-02	7.929977083604034E-01	9.075652713196989E-01	1.524275547536790E+00	1.524255338641548E+00	1.623924473642010E+00	1.623873379433443E+00
DCN:CapNL	-3.857115001772160E-01	-4.420579934257641E-01	-2.791477667102878E-01	-3.437399971463886E-01	5.046057237218788E-02	1.447804501058822E-01	1.250266114216238E+00	1.517827931713311E+00	1.394978567384814E+00	2.276496973597894E+00	2.123967011701221E+00	1.021031947671087E-01	8.861806621608168E-01	1.015283987559125E+00	1.880368418652557E+00	1.690735066999155E+00	2.025567315762628E+00	1.807023789630547E+00
DCN:CapNR	-4.425242114289178E-01	-3.857027570462644E-01	-3.443416842963421E-01	-2.789720602821103E-01	5.046756072802659E-02	1.447987070332291E-01	1.250351987439570E+00	1.394978567384814E+00	1.518195484488156E+00	2.123939280255455E+00	2.277065907886919E+00	1.021379876511444E-01	8.862513416939594E-01	1.015365928692522E+00	1.690896045721438E+00	1.880548093673910E+00	1.807219108774164E+00	2.025756004332549E+00
DCN:QL_S_L	-1.105204720633256E+00	-1.657585515981295E+00	-6.242763261003815E-01	-1.379026193494250E+00	2.946098007442072E-02	1.712946587783732E-01	1.838061057536232E+00	2.276496973597894E+00	2.123939280255455E+00	5.458407180572558E+00	3.914985999856515E+00	1.431990076951580E-01	1.359631663279275E+00	1.552251211261804E+00	3.245539268048500E+00	2.726025045796838E+00	3.692170761159999E+00	3.016123753913461E+00
DCN:QL_S_R	-1.660272498423622E+00	-1.108122318905317E+00	-1.382119912604517E+00	-6.265140182355217E-01	2.949346539416656E-02	1.713369867756707E-01	1.838240296710670E+00	2.123967011701221E+00	2.277065907886919E+00	3.914985999856515E+00	5.458707853861087E+00	1.432956965003588E-01	1.359745199673968E+00	1.552373131439055E+00	2.726598882126225E+00	3.245679232487799E+00	3.016717726410326E+00	3.692248576523131E+00
DCP:CapB1P	-2.307408127643835E-02	-2.298404181186539E-02	-1.708881796908541E-02	-1.698685880563770E-02	3.569424845152278E-02	4.083499407187202E-02	9.539629013035843E-02	1.021031947671087E-01	1.021379876511444E-01	1.431990076951580E-01	1.432956965003588E-01	2.022628296834892E-01	2.500309622635710E-01	2.551282280932992E-01	2.896914163198758E-01	2.898540358825423E-01	2.963419629392916E-01	2.965035332919677E-01
DCP:CapB2P	-2.777483469233012E-01	-2.775844970104727E-01	-2.099823720470943E-01	-2.097332230892382E-01	-1.722546879902566E-04	9.319846075965192E-02	7.929977083604034E-01	8.861806621608168E-01	8.862513416939594E-01	1.359631663279275E+00	1.359745199673968E+00	2.500309622635710E-01	1.363137457482617E+00	1.436838686009960E+00	1.855556543666609E+00	1.855536833781156E+00	1.932886146587994E+00	1.932831856564874E+00
DCP:CapB3P	-3.142243200735677E-01	-3.140496307062182E-01	-2.375468265544434E-01	-2.372745822016784E-01	-5.911347336558180E-03	9.569543973212877E-02	9.075652713196989E-01	1.015283987559125E+00	1.015365928692522E+00	1.552251211261804E+00	1.552373131439055E+00	2.551282280932992E-01	1.436838686009960E+00	1.534756473903597E+00	2.016829265962245E+00	2.016787397667042E+00	2.104989116053956E+00	2.104911199864585E+00
DCP:CapPL	-4.674899195054016E-01	-8.392366090678973E-01	-2.886105549858606E-01	-6.908941974325242E-01	-3.003135806895981E-02	1.152652762098883E-01	1.524275547536790E+00	1.880368418652557E+00	1.690896045721438E+00	3.245539268048500E+00	2.726598882126225E+00	2.896914163198758E-01	1.855556543666609E+00	2.016829265962245E+00	4.031319463007873E+00	2.879196903055622E+00	4.256095636396783E+00	3.045682370894672E+00
DCP:CapPR	-8.404769308405093E-01	-4.679434877698012E-01	-6.923603611389764E-01	-2.888573807541508E-01	-2.995040237344039E-02	1.153410091271787E-01	1.524255338641548E+00	1.690735066999155E+00	1.880548093673910E+00	2.726025045796838E+00	3.245679232487799E+00	2.898540358825423E-01	1.855536833781156E+00	2.016787397667042E+00	2.879196903055622E+00	4.031092023801706E+00	3.045678002202070E+00	4.255774197378384E+00
DCP:QH_D_L	-5.914954385302269E-01	-9.308772356493148E-01	-3.661896607229181E-01	-7.669815852396464E-01	-3.334872735201377E-02	1.197113541189828E-01	1.623924473642010E+00	2.025567315762628E+00	1.807219108774164E+00	3.692170761159999E+00	3.016717726410326E+00	2.963419629392916E-01	1.932886146587994E+00	2.104989116053956E+00	4.256095636396783E+00	3.045678002202070E+00	4.639022126562501E+00	3.226698860259223E+00
DCP:QH_D_R	-9.320880503163694E-01	-5.920900611408673E-01	-7.684534970170481E-01	-3.665335302584896E-01	-3.327646963522808E-02	1.197783156105349E-01	1.623873379433443E+00	1.807023789630547E+00	2.025756004332549E+00	3.016123753913461E+00	3.692248576523131E+00	2.965035332919677E-01	1.932831856564874E+00	2.104911199864585E+00	3.045682370894672E+00	4.255774197378384E+00	3.226698860259223E+00	4.638694297394266E+00

DC Inductance Matrix Coupling Coefficient
	AC:QH_S_L	AC:QH_S_R	AC:QL_D_L	AC:QL_D_R	DCN:CapB1N	DCN:CapB2N	DCN:CapB3N	DCN:CapNL	DCN:CapNR	DCN:QL_S_L	DCN:QL_S_R	DCP:CapB1P	DCP:CapB2P	DCP:CapB3P	DCP:CapPL	DCP:CapPR	DCP:QH_D_L	DCP:QH_D_R	
AC:QH_S_L	1.000000000000000E+00	2.108406701413021E-01	9.640351971169729E-01	1.767201053391770E-01	2.616863927261209E-02	2.620049713487131E-02	1.930460750448728E-01	1.935652814679297E-01	2.220492625238166E-01	2.924730892754150E-01	4.393499629989397E-01	3.172068261982054E-02	1.470814161837780E-01	1.568181059492979E-01	1.439543486874358E-01	2.588156819667839E-01	1.697908661491274E-01	2.675686392764268E-01
AC:QH_S_R	2.108406701413021E-01	1.000000000000000E+00	1.767988986311451E-01	9.638236817507805E-01	2.631017185136526E-02	2.612793437552053E-02	1.932322401574875E-01	2.221909193904014E-01	1.938417062232954E-01	4.393405675382569E-01	2.936980780847317E-01	3.164657334228005E-02	1.472257277099435E-01	1.569773084507346E-01	2.588326989908561E-01	1.443246057213151E-01	2.676316774812523E-01	1.702347523262147E-01
AC:QL_D_L	9.640351971169729E-01	1.767988986311451E-01	1.000000000000000E+00	1.434722673652941E-01	2.276898900781453E-02	2.049802427334401E-02	1.575631534167246E-01	1.519077407597187E-01	1.873625416416788E-01	1.791434437031808E-01	3.966046625417722E-01	2.547481282240491E-02	1.205785421778607E-01	1.285542720151117E-01	9.637083450656751E-02	2.311946909421508E-01	1.139855694860065E-01	2.392085687444219E-01
AC:QL_D_R	1.767201053391770E-01	9.638236817507805E-01	1.434722673652941E-01	1.000000000000000E+00	2.291449948843673E-02	2.040804125521975E-02	1.576869935423877E-01	1.874453717110297E-01	1.521082553056551E-01	3.965477347764383E-01	1.801531207515205E-01	2.537528685336252E-02	1.206850091917915E-01	1.286729930614790E-01	2.311765937692763E-01	9.665582575715567E-02	2.392366088918756E-01	1.143330414190790E-01
DCN:CapB1N	2.616863927261209E-02	2.631017185136526E-02	2.276898900781453E-02	2.291449948843673E-02	1.000000000000000E+00	9.002534453128912E-01	1.581017009979750E-01	1.206482540139162E-01	1.206503554763496E-01	3.714448700727965E-02	3.718442046296182E-02	2.337869914099995E-01	4.345916357693146E-04	1.405551880162050E-02	4.405868225518948E-02	4.394115258013941E-02	4.560854129483052E-02	4.551132798035890E-02
DCN:CapB2N	2.620049713487131E-02	2.612793437552053E-02	2.049802427334401E-02	2.040804125521975E-02	9.002534453128912E-01	1.000000000000000E+00	3.988888813792799E-01	3.497478521363002E-01	3.497496110041075E-01	2.182062874890495E-01	2.182541965254918E-01	2.702283201119112E-01	2.375720349641804E-01	2.298941442937558E-01	1.708564158179327E-01	1.709734969292171E-01	1.654163849173564E-01	1.655147602585302E-01
DCN:CapB3N	1.930460750448728E-01	1.932322401574875E-01	1.575631534167246E-01	1.576869935423877E-01	1.581017009979750E-01	3.988888813792799E-01	1.000000000000000E+00	9.607139991337038E-01	9.606636760592607E-01	7.447832446715926E-01	7.448353583374157E-01	2.008058565965696E-01	6.429912086611718E-01	6.935233066701877E-01	7.186919887102219E-01	7.187027344596733E-01	7.137654692467484E-01	7.137682323843881E-01
DCN:CapNL	1.935652814679297E-01	2.221909193904014E-01	1.519077407597187E-01	1.874453717110297E-01	1.206482540139162E-01	3.497478521363002E-01	9.607139991337038E-01	1.000000000000000E+00	9.189511320389440E-01	7.909023066904846E-01	7.378899086951834E-01	1.842765282033201E-01	6.160857625341547E-01	6.652065693254052E-01	7.601653515380186E-01	6.835226866546233E-01	7.633473256247593E-01	6.810119358021574E-01
DCN:CapNR	2.220492625238166E-01	1.938417062232954E-01	1.873625416416788E-01	1.521082553056551E-01	1.206503554763496E-01	3.497496110041075E-01	9.606636760592607E-01	9.189511320389440E-01	1.000000000000000E+00	7.378112693580562E-01	7.909824133276541E-01	1.843170071499899E-01	6.160603128127218E-01	6.651797224374101E-01	6.834857323382015E-01	7.601673997855117E-01	6.809790328415397E-01	7.633529899410189E-01
DCN:QL_S_L	2.924730892754150E-01	4.393405675382569E-01	1.791434437031808E-01	3.965477347764383E-01	3.714448700727965E-02	2.182062874890495E-01	7.447832446715926E-01	7.909023066904846E-01	7.378112693580562E-01	1.000000000000000E+00	7.172198862049339E-01	1.362852968067740E-01	4.984464178112601E-01	5.363018630041576E-01	6.918792335127822E-01	5.811463581812382E-01	7.337288436106115E-01	5.994021771733181E-01
DCN:QL_S_R	4.393499629989397E-01	2.936980780847317E-01	3.966046625417722E-01	1.801531207515205E-01	3.718442046296182E-02	2.182541965254918E-01	7.448353583374157E-01	7.378899086951834E-01	7.909824133276541E-01	7.172198862049339E-01	1.000000000000000E+00	1.363735614553291E-01	4.984743118092151E-01	5.363292148592054E-01	5.812362856348868E-01	6.919095333706851E-01	5.994825242916031E-01	7.337500260867135E-01
DCP:CapB1P	3.172068261982054E-02	3.164657334228005E-02	2.547481282240491E-02	2.537528685336252E-02	2.337869914099995E-01	2.702283201119112E-01	2.008058565965696E-01	1.842765282033201E-01	1.843170071499899E-01	1.362852968067740E-01	1.363735614553291E-01	1.000000000000000E+00	4.761742725192885E-01	4.579106416044052E-01	3.208144933212718E-01	3.210036392897169E-01	3.059298768653683E-01	3.061074908532684E-01
DCP:CapB2P	1.470814161837780E-01	1.472257277099435E-01	1.205785421778607E-01	1.206850091917915E-01	4.345916357693146E-04	2.375720349641804E-01	6.429912086611718E-01	6.160857625341547E-01	6.160603128127218E-01	4.984464178112601E-01	4.984743118092151E-01	4.761742725192885E-01	1.000000000000000E+00	9.933869482423773E-01	7.915543854895311E-01	7.915683072163467E-01	7.686404319965343E-01	7.686460024895515E-01
DCP:CapB3P	1.568181059492979E-01	1.569773084507346E-01	1.285542720151117E-01	1.286729930614790E-01	1.405551880162050E-02	2.298941442937558E-01	6.935233066701877E-01	6.652065693254052E-01	6.651797224374101E-01	5.363018630041576E-01	5.363292148592054E-01	4.579106416044052E-01	9.933869482423773E-01	1.000000000000000E+00	8.108224969633109E-01	8.108285377300443E-01	7.888908077870171E-01	7.888894819946732E-01
DCP:CapPL	1.439543486874358E-01	2.588326989908561E-01	9.637083450656751E-02	2.311765937692763E-01	4.405868225518948E-02	1.708564158179327E-01	7.186919887102219E-01	7.601653515380186E-01	6.834857323382015E-01	6.918792335127822E-01	5.812362856348868E-01	3.208144933212718E-01	7.915543854895311E-01	8.108224969633109E-01	1.000000000000000E+00	7.142272281467460E-01	9.841800300961202E-01	7.043088178478327E-01
DCP:CapPR	2.588156819667839E-01	1.443246057213151E-01	2.311946909421508E-01	9.665582575715567E-02	4.394115258013941E-02	1.709734969292171E-01	7.187027344596733E-01	6.835226866546233E-01	7.601673997855117E-01	5.811463581812382E-01	6.919095333706851E-01	3.210036392897169E-01	7.915683072163467E-01	8.108285377300443E-01	7.142272281467460E-01	1.000000000000000E+00	7.043027892153577E-01	9.841682374240235E-01
DCP:QH_D_L	1.697908661491274E-01	2.676316774812523E-01	1.139855694860065E-01	2.392366088918756E-01	4.560854129483052E-02	1.654163849173564E-01	7.137654692467484E-01	7.633473256247593E-01	6.809790328415397E-01	7.337288436106115E-01	5.994825242916031E-01	3.059298768653683E-01	7.686404319965343E-01	7.888908077870171E-01	9.841800300961202E-01	7.043027892153577E-01	1.000000000000000E+00	6.955804025097544E-01
DCP:QH_D_R	2.675686392764268E-01	1.702347523262147E-01	2.392085687444219E-01	1.143330414190790E-01	4.551132798035890E-02	1.655147602585302E-01	7.137682323843881E-01	6.810119358021574E-01	7.633529899410189E-01	5.994021771733181E-01	7.337500260867135E-01	3.061074908532684E-01	7.686460024895515E-01	7.888894819946732E-01	7.043088178478327E-01	9.841682374240235E-01	6.955804025097544E-01	1.000000000000000E+00

DC Resistance Matrix
	AC:QH_S_L	AC:QH_S_R	AC:QL_D_L	AC:QL_D_R	DCN:CapB1N	DCN:CapB2N	DCN:CapB3N	DCN:CapNL	DCN:CapNR	DCN:QL_S_L	DCN:QL_S_R	DCP:CapB1P	DCP:CapB2P	DCP:CapB3P	DCP:CapPL	DCP:CapPR	DCP:QH_D_L	DCP:QH_D_R	
AC:QH_S_L	2.516540265272447E-04	4.016959440756515E-05	2.259991531232501E-04	4.016844334214811E-05	0.000000000000000E+00	0.000000000000000E+00	0.000000000000000E+00	0.000000000000000E+00	0.000000000000000E+00	0.000000000000000E+00	0.000000000000000E+00	0.000000000000000E+00	0.000000000000000E+00	0.000000000000000E+00	0.000000000000000E+00	0.000000000000000E+00	0.000000000000000E+00	0.000000000000000E+00
AC:QH_S_R	4.016959440756515E-05	2.512350022856362E-04	4.016815504921577E-05	2.255436203019120E-04	0.000000000000000E+00	0.000000000000000E+00	0.000000000000000E+00	0.000000000000000E+00	0.000000000000000E+00	0.000000000000000E+00	0.000000000000000E+00	0.000000000000000E+00	0.000000000000000E+00	0.000000000000000E+00	0.000000000000000E+00	0.000000000000000E+00	0.000000000000000E+00	0.000000000000000E+00
AC:QL_D_L	2.259991531232501E-04	4.016815504921577E-05	2.516033905513049E-04	4.016700402627715E-05	0.000000000000000E+00	0.000000000000000E+00	0.000000000000000E+00	0.000000000000000E+00	0.000000000000000E+00	0.000000000000000E+00	0.000000000000000E+00	0.000000000000000E+00	0.000000000000000E+00	0.000000000000000E+00	0.000000000000000E+00	0.000000000000000E+00	0.000000000000000E+00	0.000000000000000E+00
AC:QL_D_R	4.016844334214811E-05	2.255436203019120E-04	4.016700402627715E-05	2.512445438381522E-04	0.000000000000000E+00	0.000000000000000E+00	0.000000000000000E+00	0.000000000000000E+00	0.000000000000000E+00	0.000000000000000E+00	0.000000000000000E+00	0.000000000000000E+00	0.000000000000000E+00	0.000000000000000E+00	0.000000000000000E+00	0.000000000000000E+00	0.000000000000000E+00	0.000000000000000E+00
DCN:CapB1N	0.000000000000000E+00	0.000000000000000E+00	0.000000000000000E+00	0.000000000000000E+00	3.084602596418730E-05	2.688820205683548E-05	2.194112223647212E-05	2.186625592933078E-05	2.186704839355553E-05	2.176356728506576E-05	2.176361406887969E-05	0.000000000000000E+00	0.000000000000000E+00	0.000000000000000E+00	0.000000000000000E+00	0.000000000000000E+00	0.000000000000000E+00	0.000000000000000E+00
DCN:CapB2N	0.000000000000000E+00	0.000000000000000E+00	0.000000000000000E+00	0.000000000000000E+00	2.688820205683548E-05	3.082607901254339E-05	2.197582847378946E-05	2.190091962507363E-05	2.190153150861192E-05	2.179802261574699E-05	2.179795456068964E-05	0.000000000000000E+00	0.000000000000000E+00	0.000000000000000E+00	0.000000000000000E+00	0.000000000000000E+00	0.000000000000000E+00	0.000000000000000E+00
DCN:CapB3N	0.000000000000000E+00	0.000000000000000E+00	0.000000000000000E+00	0.000000000000000E+00	2.194112223647212E-05	2.197582847378946E-05	1.046093256400834E-04	9.830700027996611E-05	9.830429875129935E-05	9.441839918749049E-05	9.441619251953723E-05	0.000000000000000E+00	0.000000000000000E+00	0.000000000000000E+00	0.000000000000000E+00	0.000000000000000E+00	0.000000000000000E+00	0.000000000000000E+00
DCN:CapNL	0.000000000000000E+00	0.000000000000000E+00	0.000000000000000E+00	0.000000000000000E+00	2.186625592933078E-05	2.190091962507363E-05	9.830700027996611E-05	1.233441903197299E-04	9.322125526046228E-05	9.608084599701852E-05	9.270084672155290E-05	0.000000000000000E+00	0.000000000000000E+00	0.000000000000000E+00	0.000000000000000E+00	0.000000000000000E+00	0.000000000000000E+00	0.000000000000000E+00
DCN:CapNR	0.000000000000000E+00	0.000000000000000E+00	0.000000000000000E+00	0.000000000000000E+00	2.186704839355553E-05	2.190153150861192E-05	9.830429875129935E-05	9.322125526046228E-05	1.233899947065881E-04	9.269974345296832E-05	9.608241057819459E-05	0.000000000000000E+00	0.000000000000000E+00	0.000000000000000E+00	0.000000000000000E+00	0.000000000000000E+00	0.000000000000000E+00	0.000000000000000E+00
DCN:QL_S_L	0.000000000000000E+00	0.000000000000000E+00	0.000000000000000E+00	0.000000000000000E+00	2.176356728506576E-05	2.179802261574699E-05	9.441839918749049E-05	9.608084599701852E-05	9.269974345296832E-05	3.135363492964575E-04	1.384652025395243E-04	0.000000000000000E+00	0.000000000000000E+00	0.000000000000000E+00	0.000000000000000E+00	0.000000000000000E+00	0.000000000000000E+00	0.000000000000000E+00
DCN:QL_S_R	0.000000000000000E+00	0.000000000000000E+00	0.000000000000000E+00	0.000000000000000E+00	2.176361406887969E-05	2.179795456068964E-05	9.441619251953723E-05	9.270084672155290E-05	9.608241057819459E-05	1.384652025395243E-04	3.134378904295742E-04	0.000000000000000E+00	0.000000000000000E+00	0.000000000000000E+00	0.000000000000000E+00	0.000000000000000E+00	0.000000000000000E+00	0.000000000000000E+00
DCP:CapB1P	0.000000000000000E+00	0.000000000000000E+00	0.000000000000000E+00	0.000000000000000E+00	0.000000000000000E+00	0.000000000000000E+00	0.000000000000000E+00	0.000000000000000E+00	0.000000000000000E+00	0.000000000000000E+00	0.000000000000000E+00	5.834017712208299E-05	4.311657830112267E-05	4.311644015924943E-05	4.291088658350199E-05	4.290984991116241E-05	4.291120473412750E-05	4.291016630546278E-05
DCP:CapB2P	0.000000000000000E+00	0.000000000000000E+00	0.000000000000000E+00	0.000000000000000E+00	0.000000000000000E+00	0.000000000000000E+00	0.000000000000000E+00	0.000000000000000E+00	0.000000000000000E+00	0.000000000000000E+00	0.000000000000000E+00	4.311657830112267E-05	1.385457746664395E-04	1.345473838059914E-04	1.173342492548627E-04	1.173243785019183E-04	1.173361299522763E-04	1.173262728472489E-04
DCP:CapB3P	0.000000000000000E+00	0.000000000000000E+00	0.000000000000000E+00	0.000000000000000E+00	0.000000000000000E+00	0.000000000000000E+00	0.000000000000000E+00	0.000000000000000E+00	0.000000000000000E+00	0.000000000000000E+00	0.000000000000000E+00	4.311644015924943E-05	1.345473838059914E-04	1.385430019709027E-04	1.173342818797449E-04	1.173241513220789E-04	1.173361637020933E-04	1.173260463554471E-04
DCP:CapPL	0.000000000000000E+00	0.000000000000000E+00	0.000000000000000E+00	0.000000000000000E+00	0.000000000000000E+00	0.000000000000000E+00	0.000000000000000E+00	0.000000000000000E+00	0.000000000000000E+00	0.000000000000000E+00	0.000000000000000E+00	4.291088658350199E-05	1.173342492548627E-04	1.173342818797449E-04	2.931217506194827E-04	1.295427826110374E-04	2.761106926214078E-04	1.294417464413116E-04
DCP:CapPR	0.000000000000000E+00	0.000000000000000E+00	0.000000000000000E+00	0.000000000000000E+00	0.000000000000000E+00	0.000000000000000E+00	0.000000000000000E+00	0.000000000000000E+00	0.000000000000000E+00	0.000000000000000E+00	0.000000000000000E+00	4.290984991116241E-05	1.173243785019183E-04	1.173241513220789E-04	1.295427826110374E-04	2.930529580827975E-04	1.294428484602213E-04	2.760598491390684E-04
DCP:QH_D_L	0.000000000000000E+00	0.000000000000000E+00	0.000000000000000E+00	0.000000000000000E+00	0.000000000000000E+00	0.000000000000000E+00	0.000000000000000E+00	0.000000000000000E+00	0.000000000000000E+00	0.000000000000000E+00	0.000000000000000E+00	4.291120473412750E-05	1.173361299522763E-04	1.173361637020933E-04	2.761106926214078E-04	1.294428484602213E-04	3.022500128526917E-04	1.293422742831991E-04
DCP:QH_D_R	0.000000000000000E+00	0.000000000000000E+00	0.000000000000000E+00	0.000000000000000E+00	0.000000000000000E+00	0.000000000000000E+00	0.000000000000000E+00	0.000000000000000E+00	0.000000000000000E+00	0.000000000000000E+00	0.000000000000000E+00	4.291016630546278E-05	1.173262728472489E-04	1.173260463554471E-04	1.294417464413116E-04	2.760598491390684E-04	1.293422742831991E-04	3.022230343666757E-04

DC Resistance Matrix Coupling Coefficient
	AC:QH_S_L	AC:QH_S_R	AC:QL_D_L	AC:QL_D_R	DCN:CapB1N	DCN:CapB2N	DCN:CapB3N	DCN:CapNL	DCN:CapNR	DCN:QL_S_L	DCN:QL_S_R	DCP:CapB1P	DCP:CapB2P	DCP:CapB3P	DCP:CapPL	DCP:CapPR	DCP:QH_D_L	DCP:QH_D_R	
AC:QH_S_L	1.000000000000000E+00	1.597553577450195E-01	8.981453490707169E-01	1.597477464638994E-01	0.000000000000000E+00	0.000000000000000E+00	0.000000000000000E+00	0.000000000000000E+00	0.000000000000000E+00	0.000000000000000E+00	0.000000000000000E+00	0.000000000000000E+00	0.000000000000000E+00	0.000000000000000E+00	0.000000000000000E+00	0.000000000000000E+00	0.000000000000000E+00	0.000000000000000E+00
AC:QH_S_R	1.597553577450195E-01	1.000000000000000E+00	1.597657076353914E-01	8.977225922227346E-01	0.000000000000000E+00	0.000000000000000E+00	0.000000000000000E+00	0.000000000000000E+00	0.000000000000000E+00	0.000000000000000E+00	0.000000000000000E+00	0.000000000000000E+00	0.000000000000000E+00	0.000000000000000E+00	0.000000000000000E+00	0.000000000000000E+00	0.000000000000000E+00	0.000000000000000E+00
AC:QL_D_L	8.981453490707169E-01	1.597657076353914E-01	1.000000000000000E+00	1.597580958660735E-01	0.000000000000000E+00	0.000000000000000E+00	0.000000000000000E+00	0.000000000000000E+00	0.000000000000000E+00	0.000000000000000E+00	0.000000000000000E+00	0.000000000000000E+00	0.000000000000000E+00	0.000000000000000E+00	0.000000000000000E+00	0.000000000000000E+00	0.000000000000000E+00	0.000000000000000E+00
AC:QL_D_R	1.597477464638994E-01	8.977225922227346E-01	1.597580958660735E-01	1.000000000000000E+00	0.000000000000000E+00	0.000000000000000E+00	0.000000000000000E+00	0.000000000000000E+00	0.000000000000000E+00	0.000000000000000E+00	0.000000000000000E+00	0.000000000000000E+00	0.000000000000000E+00	0.000000000000000E+00	0.000000000000000E+00	0.000000000000000E+00	0.000000000000000E+00	0.000000000000000E+00
DCN:CapB1N	0.000000000000000E+00	0.000000000000000E+00	0.000000000000000E+00	0.000000000000000E+00	1.000000000000000E+00	8.719729437928421E-01	3.862549212743552E-01	3.544993700610522E-01	3.544464111442964E-01	2.213026038655141E-01	2.213378353388820E-01	0.000000000000000E+00	0.000000000000000E+00	0.000000000000000E+00	0.000000000000000E+00	0.000000000000000E+00	0.000000000000000E+00	0.000000000000000E+00
DCN:CapB2N	0.000000000000000E+00	0.000000000000000E+00	0.000000000000000E+00	0.000000000000000E+00	8.719729437928421E-01	1.000000000000000E+00	3.869910416908685E-01	3.551762016903946E-01	3.551201932842553E-01	2.217246645781407E-01	2.217587941912052E-01	0.000000000000000E+00	0.000000000000000E+00	0.000000000000000E+00	0.000000000000000E+00	0.000000000000000E+00	0.000000000000000E+00	0.000000000000000E+00
DCN:CapB3N	0.000000000000000E+00	0.000000000000000E+00	0.000000000000000E+00	0.000000000000000E+00	3.862549212743552E-01	3.869910416908685E-01	1.000000000000000E+00	8.654458383550342E-01	8.652614111129185E-01	5.213477253862231E-01	5.214174168743916E-01	0.000000000000000E+00	0.000000000000000E+00	0.000000000000000E+00	0.000000000000000E+00	0.000000000000000E+00	0.000000000000000E+00	0.000000000000000E+00
DCN:CapNL	0.000000000000000E+00	0.000000000000000E+00	0.000000000000000E+00	0.000000000000000E+00	3.544993700610522E-01	3.551762016903946E-01	8.654458383550342E-01	1.000000000000000E+00	7.556411922155809E-01	4.885775647994030E-01	4.714640731545674E-01	0.000000000000000E+00	0.000000000000000E+00	0.000000000000000E+00	0.000000000000000E+00	0.000000000000000E+00	0.000000000000000E+00	0.000000000000000E+00
DCN:CapNR	0.000000000000000E+00	0.000000000000000E+00	0.000000000000000E+00	0.000000000000000E+00	3.544464111442964E-01	3.551201932842553E-01	8.652614111129185E-01	7.556411922155809E-01	1.000000000000000E+00	4.712969300004787E-01	4.885715452509422E-01	0.000000000000000E+00	0.000000000000000E+00	0.000000000000000E+00	0.000000000000000E+00	0.000000000000000E+00	0.000000000000000E+00	0.000000000000000E+00
DCN:QL_S_L	0.000000000000000E+00	0.000000000000000E+00	0.000000000000000E+00	0.000000000000000E+00	2.213026038655141E-01	2.217246645781407E-01	5.213477253862231E-01	4.885775647994030E-01	4.712969300004787E-01	1.000000000000000E+00	4.416934396136367E-01	0.000000000000000E+00	0.000000000000000E+00	0.000000000000000E+00	0.000000000000000E+00	0.000000000000000E+00	0.000000000000000E+00	0.000000000000000E+00
DCN:QL_S_R	0.000000000000000E+00	0.000000000000000E+00	0.000000000000000E+00	0.000000000000000E+00	2.213378353388820E-01	2.217587941912052E-01	5.214174168743916E-01	4.714640731545674E-01	4.885715452509422E-01	4.416934396136367E-01	1.000000000000000E+00	0.000000000000000E+00	0.000000000000000E+00	0.000000000000000E+00	0.000000000000000E+00	0.000000000000000E+00	0.000000000000000E+00	0.000000000000000E+00
DCP:CapB1P	0.000000000000000E+00	0.000000000000000E+00	0.000000000000000E+00	0.000000000000000E+00	0.000000000000000E+00	0.000000000000000E+00	0.000000000000000E+00	0.000000000000000E+00	0.000000000000000E+00	0.000000000000000E+00	0.000000000000000E+00	1.000000000000000E+00	4.795829932491805E-01	4.795862556732401E-01	3.281403168199133E-01	3.281709007261716E-01	3.231496366103507E-01	3.231562391561302E-01
DCP:CapB2P	0.000000000000000E+00	0.000000000000000E+00	0.000000000000000E+00	0.000000000000000E+00	0.000000000000000E+00	0.000000000000000E+00	0.000000000000000E+00	0.000000000000000E+00	0.000000000000000E+00	0.000000000000000E+00	0.000000000000000E+00	4.795829932491805E-01	1.000000000000000E+00	9.711500079184017E-01	5.822428088699115E-01	5.822621570043633E-01	5.733924277153578E-01	5.733698482346785E-01
DCP:CapB3P	0.000000000000000E+00	0.000000000000000E+00	0.000000000000000E+00	0.000000000000000E+00	0.000000000000000E+00	0.000000000000000E+00	0.000000000000000E+00	0.000000000000000E+00	0.000000000000000E+00	0.000000000000000E+00	0.000000000000000E+00	4.795862556732401E-01	9.711500079184017E-01	1.000000000000000E+00	5.822487970204940E-01	5.822668559853035E-01	5.733983303378398E-01	5.733744788331510E-01
DCP:CapPL	0.000000000000000E+00	0.000000000000000E+00	0.000000000000000E+00	0.000000000000000E+00	0.000000000000000E+00	0.000000000000000E+00	0.000000000000000E+00	0.000000000000000E+00	0.000000000000000E+00	0.000000000000000E+00	0.000000000000000E+00	3.281403168199133E-01	5.822428088699115E-01	5.822487970204940E-01	1.000000000000000E+00	4.419937659539276E-01	9.276326764096803E-01	4.348971485307828E-01
DCP:CapPR	0.000000000000000E+00	0.000000000000000E+00	0.000000000000000E+00	0.000000000000000E+00	0.000000000000000E+00	0.000000000000000E+00	0.000000000000000E+00	0.000000000000000E+00	0.000000000000000E+00	0.000000000000000E+00	0.000000000000000E+00	3.281709007261716E-01	5.822621570043633E-01	5.822668559853035E-01	4.419937659539276E-01	1.000000000000000E+00	4.349324812704910E-01	9.276121121451005E-01
DCP:QH_D_L	0.000000000000000E+00	0.000000000000000E+00	0.000000000000000E+00	0.000000000000000E+00	0.000000000000000E+00	0.000000000000000E+00	0.000000000000000E+00	0.000000000000000E+00	0.000000000000000E+00	0.000000000000000E+00	0.000000000000000E+00	3.231496366103507E-01	5.733924277153578E-01	5.733983303378398E-01	9.276326764096803E-01	4.349324812704910E-01	1.000000000000000E+00	4.279505099756166E-01
DCP:QH_D_R	0.000000000000000E+00	0.000000000000000E+00	0.000000000000000E+00	0.000000000000000E+00	0.000000000000000E+00	0.000000000000000E+00	0.000000000000000E+00	0.000000000000000E+00	0.000000000000000E+00	0.000000000000000E+00	0.000000000000000E+00	3.231562391561302E-01	5.733698482346785E-01	5.733744788331510E-01	4.348971485307828E-01	9.276121121451005E-01	4.279505099756166E-01	1.000000000000000E+00

AC Inductance Matrix
	AC:QH_S_L	AC:QH_S_R	AC:QL_D_L	AC:QL_D_R	DCN:CapB1N	DCN:CapB2N	DCN:CapB3N	DCN:CapNL	DCN:CapNR	DCN:QL_S_L	DCN:QL_S_R	DCP:CapB1P	DCP:CapB2P	DCP:CapB3P	DCP:CapPL	DCP:CapPR	DCP:QH_D_L	DCP:QH_D_R	
AC:QH_S_L	1.751229571047204E+00	4.203643443463012E-01	1.638104455093619E+00	3.874025985911049E-01	-3.562638455909463E-03	-1.760717817071107E-03	-1.530307435882318E-02	-7.307447578089152E-03	-2.814652191966108E-02	-2.415951046657906E-01	-4.013326198189648E-01	-2.798763432490639E-04	-1.684072294326541E-02	-1.573476641870256E-02	6.105119627967203E-03	-1.374259209271937E-01	7.251021235469591E-03	-1.563898787287714E-01
AC:QH_S_R	4.203643443463015E-01	1.755213648563441E+00	3.872977394878382E-01	1.641518808703637E+00	-3.560741265275418E-03	-1.727456485788053E-03	-1.550140068046833E-02	-2.867637409363060E-02	-7.481415881134407E-03	-4.048446540262066E-01	-2.419689822826878E-01	-2.146089234788993E-04	-1.693496226946669E-02	-1.582884093976197E-02	-1.385765923254043E-01	6.408448689101094E-03	-1.577008390319335E-01	7.528161553165167E-03
AC:QL_D_L	1.638104455093619E+00	3.872977394878385E-01	1.634455325981754E+00	3.504970220316197E-01	4.596004728202120E-04	1.953143737860881E-03	-1.121210323985978E-02	-5.034013768795038E-03	-2.151856311157775E-02	-9.420272158849349E-02	-3.727842705539071E-01	1.928126442573286E-03	-1.287798250487822E-02	-1.272014451670760E-02	2.519601284376003E-02	-1.266240409252171E-01	2.207666945948404E-02	-1.435442125056372E-01
AC:QL_D_R	3.874025985911043E-01	1.641518808703637E+00	3.504970220316201E-01	1.637406179972418E+00	4.717656600325066E-04	1.986683731578233E-03	-1.131070484646954E-02	-2.197336418868434E-02	-5.097760366109618E-03	-3.763660463356677E-01	-9.487685598151688E-02	1.952609003543394E-03	-1.297577531975726E-02	-1.281077637215660E-02	-1.278780716015151E-01	2.556120497134231E-02	-1.449540481510959E-01	2.230257328380799E-02
DCN:CapB1N	-3.562638455908978E-03	-3.560741265274583E-03	4.596004728203704E-04	4.717656600327087E-04	7.549199638232454E-02	6.749603576852571E-02	5.036682064196592E-02	4.676160867790052E-02	4.668055437354445E-02	5.803894261201516E-02	5.799797231885265E-02	6.953004732569300E-03	-3.356298229651630E-03	-6.926305224903019E-03	-1.433804630480018E-02	-1.438470501567840E-02	-1.557880307266602E-02	-1.561486423833122E-02
DCN:CapB2N	-1.760717817070567E-03	-1.727456485788442E-03	1.953143737860129E-03	1.986683731578142E-03	6.749603576852575E-02	7.263507899307448E-02	6.054653657282074E-02	5.609855742552471E-02	5.601959265767344E-02	6.554267270813034E-02	6.554258330327187E-02	6.213259564309791E-03	2.664387424901802E-02	2.215083768198681E-02	1.695447179255523E-02	1.692564160136489E-02	1.642144093144108E-02	1.641496561412100E-02
DCN:CapB3N	-1.530307435882301E-02	-1.550140068046824E-02	-1.121210323985986E-02	-1.131070484646927E-02	5.036682064196692E-02	6.054653657282091E-02	3.699937337088697E-01	3.866906666442821E-01	3.864350152245857E-01	4.323043227452674E-01	4.318893843832725E-01	8.535584876206025E-03	1.953718413211156E-01	2.180935303161522E-01	4.044467700783094E-01	4.042761760081488E-01	4.112551937871542E-01	4.111651739579383E-01
DCN:CapNL	-7.307447578089714E-03	-2.867637409363094E-02	-5.034013768794456E-03	-2.197336418868429E-02	4.676160867790043E-02	5.609855742552512E-02	3.866906666442830E-01	4.778731578465925E-01	4.103344816300486E-01	5.217384662117754E-01	4.821547556455458E-01	7.768888521859738E-03	1.974480100374714E-01	2.207410352004067E-01	5.116623476494974E-01	4.242019218420029E-01	5.248174654245652E-01	4.358563330799911E-01
DCN:CapNR	-2.814652191966096E-02	-7.481415881134568E-03	-2.151856311157750E-02	-5.097760366109486E-03	4.668055437354467E-02	5.601959265767353E-02	3.864350152245858E-01	4.103344816300479E-01	4.772650183265678E-01	4.824332142496383E-01	5.207628560315415E-01	7.819850513944964E-03	1.973795577747832E-01	2.206602813586505E-01	4.241736810757332E-01	5.111628027588984E-01	4.358030218379305E-01	5.244426788317608E-01
DCN:QL_S_L	-2.415951046657902E-01	-4.048446540262068E-01	-9.420272158849322E-02	-3.763660463356679E-01	5.803894261201446E-02	6.554267270813111E-02	4.323043227452675E-01	5.217384662117756E-01	4.824332142496389E-01	1.695064980264181E+00	8.289539439358875E-01	7.620084625638721E-03	2.256038176931769E-01	2.491841865500239E-01	7.537228845667455E-01	5.824315612621072E-01	8.729258592672992E-01	6.202856734636096E-01
DCN:QL_S_R	-4.013326198189648E-01	-2.419689822826875E-01	-3.727842705539067E-01	-9.487685598151711E-02	5.799797231885287E-02	6.554258330327258E-02	4.318893843832719E-01	4.821547556455450E-01	5.207628560315426E-01	8.289539439358879E-01	1.690783892630973E+00	7.695881992846924E-03	2.254509489105912E-01	2.489845786988916E-01	5.818043517279713E-01	7.528607290807524E-01	6.200234687760798E-01	8.713623460819315E-01
DCP:CapB1P	-2.798763432492493E-04	-2.146089234792582E-04	1.928126442573173E-03	1.952609003542442E-03	6.953004732568681E-03	6.213259564309043E-03	8.535584876206580E-03	7.768888521860411E-03	7.819850513945705E-03	7.620084625638911E-03	7.695881992847315E-03	1.377801130507960E-01	1.447691998975762E-01	1.459322111369476E-01	1.476923833133295E-01	1.477712375502066E-01	1.480560457044928E-01	1.480741156156920E-01
DCP:CapB2P	-1.684072294326475E-02	-1.693496226946676E-02	-1.287798250487835E-02	-1.297577531975736E-02	-3.356298229651186E-03	2.664387424901845E-02	1.953718413211177E-01	1.974480100374719E-01	1.973795577747848E-01	2.256038176931779E-01	2.254509489105915E-01	1.447691998975762E-01	8.315668505459187E-01	8.384212420432947E-01	9.128264028599308E-01	9.127695841755342E-01	9.156116192754227E-01	9.155456953071986E-01
DCP:CapB3P	-1.573476641870257E-02	-1.582884093976170E-02	-1.272014451670772E-02	-1.281077637215716E-02	-6.926305224904057E-03	2.215083768198569E-02	2.180935303161508E-01	2.207410352004066E-01	2.206602813586507E-01	2.491841865500248E-01	2.489845786988931E-01	1.459322111369469E-01	8.384212420432954E-01	8.560896356467195E-01	9.420844614146063E-01	9.420331378418405E-01	9.452175330221942E-01	9.451697676968718E-01
DCP:CapPL	6.105119627966814E-03	-1.385765923254041E-01	2.519601284376025E-02	-1.278780716015157E-01	-1.433804630480099E-02	1.695447179255652E-02	4.044467700783082E-01	5.116623476494976E-01	4.241736810757349E-01	7.537228845667451E-01	5.818043517279708E-01	1.476923833133283E-01	9.128264028599332E-01	9.420844614146051E-01	2.106940158210336E+00	1.226490068702547E+00	2.142868023586342E+00	1.246687516712168E+00
DCP:CapPR	-1.374259209271937E-01	6.408448689101436E-03	-1.266240409252172E-01	2.556120497134218E-02	-1.438470501567920E-02	1.692564160136522E-02	4.042761760081480E-01	4.242019218420041E-01	5.111628027589010E-01	5.824315612621078E-01	7.528607290807535E-01	1.477712375502060E-01	9.127695841755361E-01	9.420331378418403E-01	1.226490068702548E+00	2.106438959614850E+00	1.246913576491088E+00	2.142395060750306E+00
DCP:QH_D_L	7.251021235470314E-03	-1.577008390319333E-01	2.207666945948361E-02	-1.449540481510971E-01	-1.557880307266548E-02	1.642144093144045E-02	4.112551937871535E-01	5.248174654245650E-01	4.358030218379308E-01	8.729258592672992E-01	6.200234687760802E-01	1.480560457044928E-01	9.156116192754208E-01	9.452175330221977E-01	2.142868023586343E+00	1.246913576491088E+00	2.278062656930504E+00	1.268182534783225E+00
DCP:QH_D_R	-1.563898787287713E-01	7.528161553165948E-03	-1.435442125056376E-01	2.230257328380756E-02	-1.561486423833184E-02	1.641496561412132E-02	4.111651739579387E-01	4.358563330799904E-01	5.244426788317614E-01	6.202856734636091E-01	8.713623460819313E-01	1.480741156156909E-01	9.155456953071993E-01	9.451697676968739E-01	1.246687516712168E+00	2.142395060750304E+00	1.268182534783225E+00	2.277429760165471E+00

AC Inductance Matrix Coupling Coefficient
	AC:QH_S_L	AC:QH_S_R	AC:QL_D_L	AC:QL_D_R	DCN:CapB1N	DCN:CapB2N	DCN:CapB3N	DCN:CapNL	DCN:CapNR	DCN:QL_S_L	DCN:QL_S_R	DCP:CapB1P	DCP:CapB2P	DCP:CapB3P	DCP:CapPL	DCP:CapPR	DCP:QH_D_L	DCP:QH_D_R	
AC:QH_S_L	1.000000000000000E+00	2.397669600568842E-01	9.682411210085737E-01	2.287772187146854E-01	9.798277954395977E-03	4.936794065595063E-03	1.901121892756798E-02	7.987996189858487E-03	3.078742690539106E-02	1.402243428265175E-01	2.332323929475248E-01	5.697723652741826E-04	1.395534591286732E-02	1.285076966912873E-02	3.178312066998393E-03	7.155214796161036E-02	3.630319124312732E-03	7.830952796154242E-02
AC:QH_S_R	2.397669600568844E-01	1.000000000000000E+00	2.286617069672157E-01	9.682837802423325E-01	9.781939416620821E-03	4.838034000622085E-03	1.923573405110811E-02	3.131143164290594E-02	8.174082220748587E-03	2.347092682050217E-01	1.404593496634268E-01	4.364047952538772E-04	1.401750293000147E-02	1.291292122743889E-02	7.206075092972174E-02	3.332832429025366E-03	7.886533961024703E-02	3.765316097654940E-03
AC:QL_D_L	9.682411210085737E-01	2.286617069672159E-01	1.000000000000000E+00	2.142493891880708E-01	1.308408883925369E-03	5.668582498938545E-03	1.441794539215176E-02	5.696020626637722E-03	2.436390734236595E-02	5.659574054838414E-02	2.242471855058757E-01	4.063083194776407E-03	1.104619534679076E-02	1.075340241985123E-02	1.357748067435540E-02	6.824254303468190E-02	1.144100552860746E-02	7.440063873333276E-02
AC:QL_D_R	2.287772187146851E-01	9.682837802423324E-01	2.142493891880710E-01	1.000000000000000E+00	1.341830494554645E-03	5.760727288192624E-03	1.453162803014972E-02	2.484059663683643E-02	5.766620906259942E-03	2.259118689756423E-01	5.702141905886762E-02	4.110965258006900E-03	1.112004437175949E-02	1.082025804021424E-02	6.884806923531153E-02	1.376349314702236E-02	7.505321549334597E-02	1.154926288138561E-02
DCN:CapB1N	9.798277954394641E-03	9.781939416618524E-03	1.308408883925820E-03	1.341830494555220E-03	1.000000000000000E+00	9.114956585407448E-01	3.013678346414996E-01	2.461969506640596E-01	2.459267373320378E-01	1.622466956498703E-01	1.623372946674679E-01	6.817557372575427E-02	1.339557944762435E-02	2.724529728716620E-02	3.595120263886633E-02	3.607248535656982E-02	3.756650564994325E-02	3.765869461266828E-02
DCN:CapB2N	4.936794065593548E-03	4.838034000623174E-03	5.668582498936363E-03	5.760727288192362E-03	9.114956585407453E-01	1.000000000000000E+00	3.693336808881116E-01	3.011079128196328E-01	3.008755784604892E-01	1.867917817725122E-01	1.870278568057806E-01	6.210878336786519E-02	1.084115576764573E-01	8.882952267744752E-02	4.333960582685750E-02	4.327105605945623E-02	4.036967224070095E-02	4.035936039134027E-02
DCN:CapB3N	1.901121892756776E-02	1.923573405110801E-02	1.441794539215186E-02	1.453162803014939E-02	3.013678346415056E-01	3.693336808881126E-01	1.000000000000000E+00	9.196237675149639E-01	9.196011066114624E-01	5.458825580546652E-01	5.460485951546745E-01	3.780444202271511E-02	3.522217747395663E-01	3.875127341289332E-01	4.580765783047780E-01	4.579378337203713E-01	4.479518957232819E-01	4.479160682107824E-01
DCN:CapNL	7.987996189859101E-03	3.131143164290631E-02	5.696020626637065E-03	2.484059663683636E-02	2.461969506640592E-01	3.011079128196351E-01	9.196237675149661E-01	1.000000000000000E+00	8.592150853964505E-01	5.797000835123528E-01	5.363966851928388E-01	3.027675334892315E-02	3.132188267700706E-01	3.451176232340973E-01	5.099188190276556E-01	4.228067129053643E-01	5.030013244596594E-01	4.177962586650544E-01
DCN:CapNR	3.078742690539093E-02	8.174082220748764E-03	2.436390734236566E-02	5.766620906259793E-03	2.459267373320389E-01	3.008755784604897E-01	9.196011066114627E-01	8.592150853964491E-01	1.000000000000000E+00	5.363696833471164E-01	5.797171487240603E-01	3.049477132233171E-02	3.133096602951179E-01	3.452110956976159E-01	4.229975149636762E-01	5.098060695569239E-01	4.179531503528240E-01	5.030321348030351E-01
DCN:QL_S_L	1.402243428265173E-01	2.347092682050218E-01	5.659574054838398E-02	2.259118689756424E-01	1.622466956498684E-01	1.867917817725144E-01	5.458825580546653E-01	5.797000835123529E-01	5.363696833471171E-01	1.000000000000000E+00	4.896583620175222E-01	1.576788160476652E-02	1.900223499649319E-01	2.068557905889065E-01	3.988342306714430E-01	3.082316887676367E-01	4.442233171937316E-01	3.157010883086400E-01
DCN:QL_S_R	2.332323929475248E-01	1.404593496634267E-01	2.242471855058755E-01	5.702141905886776E-02	1.623372946674685E-01	1.870278568057826E-01	5.460485951546737E-01	5.363966851928379E-01	5.797171487240617E-01	4.896583620175225E-01	1.000000000000000E+00	1.594487358488698E-02	1.901338457092821E-01	2.069515953243708E-01	3.082526465414915E-01	3.989295009503450E-01	3.159230002033170E-01	4.440503761830389E-01
DCP:CapB1P	5.697723652745600E-04	4.364047952546071E-04	4.063083194776169E-03	4.110965258004896E-03	6.817557372574819E-02	6.210878336785771E-02	3.780444202271756E-02	3.027675334892577E-02	3.049477132233460E-02	1.576788160476691E-02	1.594487358488779E-02	1.000000000000000E+00	4.276951462225520E-01	4.249112942146397E-01	2.741187419319740E-01	2.742977231819767E-01	2.642713268214115E-01	2.643403029246821E-01
DCP:CapB2P	1.395534591286677E-02	1.401750293000153E-02	1.104619534679087E-02	1.112004437175958E-02	1.339557944762258E-02	1.084115576764590E-01	3.522217747395702E-01	3.132188267700713E-01	3.133096602951203E-01	1.900223499649328E-01	1.901338457092824E-01	4.276951462225522E-01	1.000000000000000E+00	9.936972070428428E-01	6.896258125125371E-01	6.896649204717554E-01	6.652423340782494E-01	6.652868588852900E-01
DCP:CapB3P	1.285076966912875E-02	1.291292122743867E-02	1.075340241985133E-02	1.082025804021472E-02	2.724529728717028E-02	8.882952267744305E-02	3.875127341289308E-01	3.451176232340971E-01	3.452110956976163E-01	2.068557905889073E-01	2.069515953243720E-01	4.249112942146377E-01	9.936972070428437E-01	1.000000000000000E+00	7.014619539197298E-01	7.015071813294793E-01	6.768451429382659E-01	6.769049756627372E-01
DCP:CapPL	3.178312066998191E-03	7.206075092972165E-02	1.357748067435552E-02	6.884806923531184E-02	3.595120263886836E-02	4.333960582686080E-02	4.580765783047766E-01	5.099188190276558E-01	4.229975149636779E-01	3.988342306714428E-01	3.082526465414913E-01	2.741187419319717E-01	6.896258125125388E-01	7.014619539197289E-01	1.000000000000000E+00	5.821883305925167E-01	9.781072799778757E-01	5.691267709056472E-01
DCP:CapPR	7.155214796161039E-02	3.332832429025544E-03	6.824254303468198E-02	1.376349314702229E-02	3.607248535657185E-02	4.327105605945707E-02	4.579378337203703E-01	4.228067129053655E-01	5.098060695569265E-01	3.082316887676371E-01	3.989295009503455E-01	2.742977231819755E-01	6.896649204717570E-01	7.015071813294792E-01	5.821883305925168E-01	1.000000000000000E+00	5.692185986588776E-01	9.781436127653197E-01
DCP:QH_D_L	3.630319124313095E-03	7.886533961024692E-02	1.144100552860724E-02	7.505321549334654E-02	3.756650564994195E-02	4.036967224069941E-02	4.479518957232811E-01	5.030013244596591E-01	4.179531503528243E-01	4.442233171937316E-01	3.159230002033173E-01	2.642713268214114E-01	6.652423340782480E-01	6.768451429382685E-01	9.781072799778758E-01	5.692185986588774E-01	1.000000000000000E+00	5.567707860792309E-01
DCP:QH_D_R	7.830952796154235E-02	3.765316097655331E-03	7.440063873333300E-02	1.154926288138538E-02	3.765869461266977E-02	4.035936039134106E-02	4.479160682107828E-01	4.177962586650537E-01	5.030321348030359E-01	3.157010883086397E-01	4.440503761830388E-01	2.643403029246802E-01	6.652868588852905E-01	6.769049756627387E-01	5.691267709056473E-01	9.781436127653189E-01	5.567707860792311E-01	1.000000000000000E+00

AC Resistance Matrix
	AC:QH_S_L	AC:QH_S_R	AC:QL_D_L	AC:QL_D_R	DCN:CapB1N	DCN:CapB2N	DCN:CapB3N	DCN:CapNL	DCN:CapNR	DCN:QL_S_L	DCN:QL_S_R	DCP:CapB1P	DCP:CapB2P	DCP:CapB3P	DCP:CapPL	DCP:CapPR	DCP:QH_D_L	DCP:QH_D_R	
AC:QH_S_L	2.978600576721827E-04	3.980884437560814E-05	2.657218898333983E-04	3.916190252261887E-05	1.888311614541999E-07	5.232516159424572E-08	-1.815009632478088E-06	-2.832870078293306E-06	-2.627745149191882E-06	-1.698687154926075E-05	-2.918777341812978E-05	-4.347077376811837E-07	-2.668586871637068E-06	-2.581301646918048E-06	-5.259028669860075E-06	-1.170478171433871E-05	-8.309048959823999E-06	-1.164092332452658E-05
AC:QH_S_R	3.980884437560821E-05	2.973603430648295E-04	3.914325371729920E-05	2.651015915362665E-04	1.960537586743076E-07	5.964966811416055E-08	-1.827280390897286E-06	-2.672998801341829E-06	-2.837090348389218E-06	-2.941144181567613E-05	-1.710858957866924E-05	-4.266793805276954E-07	-2.681716330319441E-06	-2.596163382944461E-06	-1.179586556316198E-05	-5.280231003952493E-06	-1.172735331821963E-05	-8.361982927713999E-06
AC:QL_D_L	2.657218898333983E-04	3.914325371729924E-05	2.877266988175044E-04	3.760149178114712E-05	3.264206605124684E-07	2.183834861706814E-07	-1.623252937897882E-06	-2.428202096989674E-06	-2.333186050097081E-06	-9.339150311657526E-06	-2.768952414481901E-05	-9.622631484715786E-09	-2.106111393285095E-06	-2.112581530807270E-06	-3.104014005802517E-06	-1.074854129837544E-05	-5.041385103388799E-06	-1.128057950801693E-05
AC:QL_D_R	3.916190252261899E-05	2.651015915362665E-04	3.760149178114712E-05	2.871485733485027E-04	3.302308896444726E-07	2.236456399642097E-07	-1.640160260322785E-06	-2.387010182564950E-06	-2.440280881309487E-06	-2.788273903788667E-05	-9.488212084312395E-06	1.254585266528443E-09	-2.117102656681435E-06	-2.125714639379985E-06	-1.083625402167785E-05	-3.131051213776017E-06	-1.137541724546583E-05	-5.091421733086596E-06
DCN:CapB1N	1.888311614542528E-07	1.960537586742457E-07	3.264206605123981E-07	3.302308896445200E-07	3.343458098277669E-05	2.924251106152553E-05	2.222599270754976E-05	2.194265227150776E-05	2.194242454748826E-05	2.181324956129847E-05	2.181288070187048E-05	1.231770254862905E-06	-2.725882658830918E-07	-5.989328335963073E-07	-1.287832726337799E-06	-1.284885341692207E-06	-1.126115764568228E-06	-1.127527049062835E-06
DCN:CapB2N	5.232516159436812E-08	5.964966811408432E-08	2.183834861706208E-07	2.236456399641868E-07	2.924251106152552E-05	3.338218132146878E-05	2.416711209846457E-05	2.392892916952712E-05	2.392713884865140E-05	2.401318103075805E-05	2.401346417972707E-05	1.582689985335146E-06	2.217188326268313E-06	2.048205088915421E-06	2.029851637920616E-06	2.032176572556903E-06	2.164220026268072E-06	2.163520977874781E-06
DCN:CapB3N	-1.815009632478096E-06	-1.827280390897320E-06	-1.623252937897901E-06	-1.640160260322788E-06	2.222599270754984E-05	2.416711209846452E-05	1.241289668005106E-04	1.200442330573113E-04	1.200304224142534E-04	1.219901573652210E-04	1.219564161234898E-04	3.109651630198523E-06	1.756736426242891E-05	1.952283201967759E-05	3.066113135878530E-05	3.065526017031966E-05	3.179761891702592E-05	3.178691874746628E-05
DCN:CapNL	-2.832870078293290E-06	-2.672998801341819E-06	-2.428202096989671E-06	-2.387010182564955E-06	2.194265227150753E-05	2.392892916952722E-05	1.200442330573113E-04	1.501264216989719E-04	1.168148471071143E-04	1.314283362539411E-04	1.254427160896826E-04	2.823880794881285E-06	1.884804013476466E-05	2.098864631499893E-05	3.837395539924091E-05	3.222475477280553E-05	4.100325871125598E-05	3.344699260367152E-05
DCN:CapNR	-2.627745149191905E-06	-2.837090348389265E-06	-2.333186050097117E-06	-2.440280881309500E-06	2.194242454748811E-05	2.392713884865146E-05	1.200304224142533E-04	1.168148471071143E-04	1.501507221198512E-04	1.254675703040277E-04	1.313662300632963E-04	2.824602595349147E-06	1.884027191076439E-05	2.097965092757335E-05	3.221660783065363E-05	3.834780961063194E-05	3.344488686934908E-05	4.097014141446694E-05
DCN:QL_S_L	-1.698687154926080E-05	-2.941144181567615E-05	-9.339150311657520E-06	-2.788273903788669E-05	2.181324956129843E-05	2.401318103075811E-05	1.219901573652209E-04	1.314283362539411E-04	1.254675703040276E-04	4.087370011145750E-04	1.984599607471052E-04	3.445745983985339E-06	2.413815105859933E-05	2.641916012556967E-05	6.110260671442277E-05	4.708488408555179E-05	6.954869878167631E-05	5.105679144352962E-05
DCN:QL_S_R	-2.918777341812985E-05	-1.710858957866931E-05	-2.768952414481897E-05	-9.488212084312465E-06	2.181288070187046E-05	2.401346417972713E-05	1.219564161234897E-04	1.254427160896825E-04	1.313662300632963E-04	1.984599607471051E-04	4.083241917537294E-04	3.459145280478228E-06	2.411936833522029E-05	2.639695417627729E-05	4.706133963278269E-05	6.099379236113491E-05	5.102148100767768E-05	6.944777292970931E-05
DCP:CapB1P	-4.347077376811981E-07	-4.266793805276844E-07	-9.622631484714939E-09	1.254585266558936E-09	1.231770254863014E-06	1.582689985335218E-06	3.109651630198462E-06	2.823880794881265E-06	2.824602595349018E-06	3.445745983985253E-06	3.459145280478210E-06	6.248931028313753E-05	4.951552896093238E-05	4.960090408190090E-05	4.956845906054793E-05	4.957580743011773E-05	4.966819455616147E-05	4.967241430586913E-05
DCP:CapB2P	-2.668586871637048E-06	-2.681716330319413E-06	-2.106111393285111E-06	-2.117102656681348E-06	-2.725882658831325E-07	2.217188326268415E-06	1.756736426242922E-05	1.884804013476452E-05	1.884027191076434E-05	2.413815105859937E-05	2.411936833522027E-05	4.951552896093217E-05	1.616952048911308E-04	1.591324114351384E-04	1.502200447949824E-04	1.502042529949380E-04	1.511780249031844E-04	1.511610947592756E-04
DCP:CapB3P	-2.581301646918021E-06	-2.596163382944372E-06	-2.112581530807214E-06	-2.125714639379976E-06	-5.989328335961853E-07	2.048205088915392E-06	1.952283201967765E-05	2.098864631499879E-05	2.097965092757352E-05	2.641916012556964E-05	2.639695417627735E-05	4.960090408190114E-05	1.591324114351381E-04	1.649337775673722E-04	1.531112673910785E-04	1.530955904131000E-04	1.540482253900635E-04	1.540300346725380E-04
DCP:CapPL	-5.259028669860188E-06	-1.179586556316195E-05	-3.104014005802468E-06	-1.083625402167785E-05	-1.287832726337636E-06	2.029851637920951E-06	3.066113135878519E-05	3.837395539924093E-05	3.221660783065356E-05	6.110260671442284E-05	4.706133963278272E-05	4.956845906054783E-05	1.502200447949828E-04	1.531112673910785E-04	3.603672181317433E-04	1.765892824985300E-04	3.480748002895530E-04	1.781587282215072E-04
DCP:CapPR	-1.170478171433868E-05	-5.280231003952479E-06	-1.074854129837535E-05	-3.131051213775968E-06	-1.284885341692140E-06	2.032176572556891E-06	3.065526017031948E-05	3.222475477280560E-05	3.834780961063182E-05	4.708488408555174E-05	6.099379236113484E-05	4.957580743011771E-05	1.502042529949379E-04	1.530955904131000E-04	1.765892824985302E-04	3.602519636867131E-04	1.781617224993444E-04	3.479750107198969E-04
DCP:QH_D_L	-8.309048959823969E-06	-1.172735331821959E-05	-5.041385103388770E-06	-1.137541724546590E-05	-1.126115764568417E-06	2.164220026267973E-06	3.179761891702593E-05	4.100325871125607E-05	3.344488686934910E-05	6.954869878167629E-05	5.102148100767787E-05	4.966819455616158E-05	1.511780249031844E-04	1.540482253900637E-04	3.480748002895530E-04	1.781617224993447E-04	3.815502585637647E-04	1.796405548055261E-04
DCP:QH_D_R	-1.164092332452655E-05	-8.361982927714035E-06	-1.128057950801697E-05	-5.091421733086632E-06	-1.127527049062784E-06	2.163520977874834E-06	3.178691874746631E-05	3.344699260367152E-05	4.097014141446701E-05	5.105679144352974E-05	6.944777292970944E-05	4.967241430586917E-05	1.511610947592757E-04	1.540300346725381E-04	1.781587282215072E-04	3.479750107198971E-04	1.796405548055262E-04	3.814879754436776E-04

AC Resistance Matrix Coupling Coefficient
	AC:QH_S_L	AC:QH_S_R	AC:QL_D_L	AC:QL_D_R	DCN:CapB1N	DCN:CapB2N	DCN:CapB3N	DCN:CapNL	DCN:CapNR	DCN:QL_S_L	DCN:QL_S_R	DCP:CapB1P	DCP:CapB2P	DCP:CapB3P	DCP:CapPL	DCP:CapPR	DCP:QH_D_L	DCP:QH_D_R	
AC:QH_S_L	1.000000000000000E+00	1.337617405441401E-01	9.076765518988448E-01	1.339073193147391E-01	1.892211106815735E-03	5.247435242162989E-04	9.439222630596381E-03	1.339651874286318E-02	1.242548632794284E-02	4.868389208009318E-02	8.369360520587760E-02	3.186312522214485E-03	1.215980582767689E-02	1.164602775727932E-02	1.605191181458505E-02	3.573172688582119E-02	2.464729750496654E-02	3.453352151693727E-02
AC:QH_S_R	1.337617405441403E-01	1.000000000000000E+00	1.338213222758201E-01	9.072301589867426E-01	1.966236283037274E-03	5.986998525520783E-04	9.511020086636891E-03	1.265111119267020E-02	1.342665807169174E-02	8.436315507993153E-02	4.909871521761702E-02	3.130093175834023E-03	1.222989537088867E-02	1.172291706823708E-02	3.603426359171779E-02	1.613274316597989E-02	3.481629944807482E-02	2.482717612947870E-02
AC:QL_D_L	9.076765518988449E-01	1.338213222758202E-01	1.000000000000000E+00	1.308162400286347E-01	3.328048260097002E-03	2.228293314282320E-03	8.589335088617527E-03	1.168331757362171E-02	1.122523849918842E-02	2.723298875709718E-02	8.078353532989903E-02	7.176305307385901E-05	9.764335326841405E-03	9.697696632527905E-03	9.639643040461016E-03	3.338537583070392E-02	1.521541899318681E-02	3.404872882995655E-02
AC:QL_D_R	1.339073193147395E-01	9.072301589867424E-01	1.308162400286348E-01	1.000000000000000E+00	3.370283395130431E-03	2.284282163075375E-03	8.687531321860925E-03	1.149667815380867E-02	1.175229740832536E-02	8.138795298334353E-02	2.770948770950553E-02	9.365780730059518E-06	9.825168680977995E-03	9.767801582437534E-03	3.368629185971893E-02	9.734948570103845E-03	3.436672342391089E-02	1.538315138202305E-02
DCN:CapB1N	1.892211106816266E-03	1.966236283036654E-03	3.328048260096285E-03	3.370283395130915E-03	1.000000000000000E+00	8.753049098870005E-01	3.450060054879059E-01	3.097152655626995E-01	3.096869883507014E-01	1.865951917793035E-01	1.866863334626830E-01	2.694814679352646E-02	3.707324864285896E-03	8.065390074463540E-03	1.173245443295841E-02	1.170747539751208E-02	9.970322810141225E-03	9.983632821753696E-03
DCN:CapB2N	5.247435242175264E-04	5.986998525513130E-04	2.228293314281702E-03	2.284282163075141E-03	8.753049098870003E-01	1.000000000000000E+00	3.754316052812999E-01	3.380160650517826E-01	3.379634239257530E-01	2.055750298339522E-01	2.056813453919322E-01	3.465258462779947E-02	3.017843101550914E-02	2.760331757407880E-02	1.850692657574195E-02	1.853108747532194E-02	1.917644854265429E-02	1.917181934160639E-02
DCN:CapB3N	9.439222630596418E-03	9.511020086637066E-03	8.589335088617629E-03	8.687531321860937E-03	3.450060054879071E-01	3.754316052812992E-01	1.000000000000000E+00	8.793791502867582E-01	8.792068268470912E-01	5.415845220893727E-01	5.417083471700262E-01	3.530793370656501E-02	1.239999373705370E-01	1.364430579622660E-01	1.449702763850438E-01	1.449657002356420E-01	1.461107445454222E-01	1.460734998222047E-01
DCN:CapNL	1.339651874286311E-02	1.265111119267015E-02	1.168331757362169E-02	1.149667815380870E-02	3.097152655626962E-01	3.380160650517841E-01	8.793791502867581E-01	1.000000000000000E+00	7.780468803187611E-01	5.305648402070375E-01	5.066573259427768E-01	2.915512633044176E-02	1.209731699085506E-01	1.333831776523400E-01	1.649815430704776E-01	1.385663815292001E-01	1.713223136260472E-01	1.397616698215922E-01
DCN:CapNR	1.242548632794294E-02	1.342665807169196E-02	1.122523849918859E-02	1.175229740832542E-02	3.096869883506994E-01	3.379634239257538E-01	8.792068268470905E-01	7.780468803187609E-01	1.000000000000000E+00	5.064607551528120E-01	5.305391883037524E-01	2.916021861740120E-02	1.209135252677117E-01	1.333152226338186E-01	1.384979863977182E-01	1.648821612727454E-01	1.397301555608072E-01	1.711840604945795E-01
DCN:QL_S_L	4.868389208009335E-02	8.436315507993160E-02	2.723298875709716E-02	8.138795298334359E-02	1.865951917793032E-01	2.055750298339528E-01	5.415845220893725E-01	5.305648402070373E-01	5.064607551528117E-01	1.000000000000000E+00	4.857897739097726E-01	2.156047953503341E-02	9.389305138454924E-02	1.017518296034448E-01	1.592080864332083E-01	1.227033303015563E-01	1.761128948295995E-01	1.292977939650200E-01
DCN:QL_S_R	8.369360520587779E-02	4.909871521761722E-02	8.078353532989892E-02	2.770948770950573E-02	1.866863334626828E-01	2.056813453919327E-01	5.417083471700259E-01	5.066573259427763E-01	5.305391883037521E-01	4.857897739097724E-01	1.000000000000000E+00	2.165525894172511E-02	9.386740326986232E-02	1.017176832438937E-01	1.226843288275188E-01	1.590303090904065E-01	1.292631184948666E-01	1.759605622183983E-01
DCP:CapB1P	3.186312522214591E-03	3.130093175833942E-03	7.176305307385270E-05	9.365780730287156E-06	2.694814679352884E-02	3.465258462780102E-02	3.530793370656433E-02	2.915512633044155E-02	2.916021861739987E-02	2.156047953503287E-02	2.165525894172500E-02	1.000000000000000E+00	4.925949857697012E-01	4.885757685950870E-01	3.303162305888845E-01	3.304180411407726E-01	3.216619066682315E-01	3.217154936824884E-01
DCP:CapB2P	1.215980582767680E-02	1.222989537088855E-02	9.764335326841482E-03	9.825168680977591E-03	3.707324864286449E-03	3.017843101551052E-02	1.239999373705392E-01	1.209731699085497E-01	1.209135252677114E-01	9.389305138454941E-02	9.386740326986225E-02	4.925949857696992E-01	1.000000000000000E+00	9.744403755644578E-01	6.223098542024453E-01	6.223439627564719E-01	6.086452268461343E-01	6.086267430365679E-01
DCP:CapB3P	1.164602775727920E-02	1.172291706823668E-02	9.697696632527647E-03	9.767801582437488E-03	8.065390074461899E-03	2.760331757407842E-02	1.364430579622663E-01	1.333831776523391E-01	1.333152226338197E-01	1.017518296034447E-01	1.017176832438939E-01	4.885757685950893E-01	9.744403755644564E-01	1.000000000000000E+00	6.280290166924994E-01	6.280651566495064E-01	6.140815094755041E-01	6.140591165581162E-01
DCP:CapPL	1.605191181458540E-02	3.603426359171770E-02	9.639643040460864E-03	3.368629185971894E-02	1.173245443295693E-02	1.850692657574501E-02	1.449702763850433E-01	1.649815430704777E-01	1.384979863977179E-01	1.592080864332085E-01	1.226843288275188E-01	3.303162305888838E-01	6.223098542024469E-01	6.280290166924996E-01	1.000000000000000E+00	4.901043136584481E-01	9.386940561865695E-01	4.805007152688660E-01
DCP:CapPR	3.573172688582113E-02	1.613274316597985E-02	3.338537583070364E-02	9.734948570103692E-03	1.170747539751146E-02	1.853108747532183E-02	1.449657002356412E-01	1.385663815292004E-01	1.648821612727449E-01	1.227033303015562E-01	1.590303090904064E-01	3.304180411407724E-01	6.223439627564716E-01	6.280651566495064E-01	4.901043136584489E-01	1.000000000000000E+00	4.805464224645445E-01	9.386516583249982E-01
DCP:QH_D_L	2.464729750496644E-02	3.481629944807468E-02	1.521541899318672E-02	3.436672342391110E-02	9.970322810142901E-03	1.917644854265341E-02	1.461107445454223E-01	1.713223136260476E-01	1.397301555608073E-01	1.761128948295994E-01	1.292631184948671E-01	3.216619066682322E-01	6.086452268461341E-01	6.140815094755048E-01	9.386940561865696E-01	4.805464224645454E-01	1.000000000000000E+00	4.708559739149757E-01
DCP:QH_D_R	3.453352151693719E-02	2.482717612947881E-02	3.404872882995669E-02	1.538315138202316E-02	9.983632821753248E-03	1.917181934160686E-02	1.460734998222049E-01	1.397616698215923E-01	1.711840604945798E-01	1.292977939650203E-01	1.759605622183986E-01	3.217154936824886E-01	6.086267430365683E-01	6.140591165581165E-01	4.805007152688660E-01	9.386516583249986E-01	4.708559739149759E-01	1.000000000000000E+00

