Design Variation:  h_23='1.2mm' h_34='0.10000000000000001mm' h_diel='0.10000000000000001mm' r_anti='0.34999999999999998mm' t_L1='0.070000000000000007mm' t_L2='0.070000000000000007mm' t_L3='0.070000000000000007mm' t_L4='0.070000000000000007mm' t_pad='0.035000000000000003mm' via_r='0.14999999999999999mm' z_L1='0.17000000000000001mm' z_L3b='-1.2699999999999998mm' z_L3t='-1.2mm' z_L4b='-1.4399999999999999mm' z_L4t='-1.3699999999999999mm' z_top='0.24000000000000002mm'
Setup1:Sweep1
Problem Type:  DC RL, AC RL
R Units:ohm, L Units:nH
Reduce Matrix:  Original
Frequency:  10kHz

DC Inductance Matrix
	AC:QH_S_L	AC:QH_S_R	AC:QL_D_L	AC:QL_D_R	DCN:CapB1N	DCN:CapB2N	DCN:CapB3N	DCN:CapNL	DCN:CapNR	DCN:QL_S_L	DCN:QL_S_R	DCP:CapB1P	DCP:CapB2P	DCP:CapB3P	DCP:CapPL	DCP:CapPR	DCP:QH_D_L	DCP:QH_D_R	
AC:QH_S_L	2.616060046052188E+00	5.507061337262714E-01	2.325732313709410E+00	4.254552557118878E-01	1.436894410584490E-02	-1.423891776769946E-02	-3.298237319602008E-01	-3.857115001772160E-01	-4.425242114289178E-01	-1.105204720633256E+00	-1.660272498423622E+00	-2.307408127643835E-02	-2.777483469233012E-01	-3.142243200735677E-01	-4.674899195054016E-01	-8.404769308405093E-01	-5.914954385302269E-01	-9.320880503163694E-01
AC:QH_S_R	5.507061337262714E-01	2.607854417434932E+00	4.258574110693559E-01	2.316772245826313E+00	1.442398351164451E-02	-1.417719602672969E-02	-3.296236253990040E-01	-4.420579934257641E-01	-3.857027570462644E-01	-1.657585515981295E+00	-1.108122318905317E+00	-2.298404181186539E-02	-2.775844970104727E-01	-3.140496307062182E-01	-8.392366090678973E-01	-4.679434877698012E-01	-9.308772356493148E-01	-5.920900611408673E-01
AC:QL_D_L	2.325732313709410E+00	4.258574110693559E-01	2.224774331578053E+00	3.185334324495775E-01	1.152939691990505E-02	-1.027303059988345E-02	-2.482531214863168E-01	-2.791477667102878E-01	-3.443416842963421E-01	-6.242763261003815E-01	-1.382119912604517E+00	-1.708881796908541E-02	-2.099823720470943E-01	-2.375468265544434E-01	-2.886105549858606E-01	-6.923603611389764E-01	-3.661896607229181E-01	-7.684534970170481E-01
AC:QL_D_R	4.254552557118878E-01	2.316772245826313E+00	3.185334324495775E-01	2.215583663922452E+00	1.157908690589017E-02	-1.020678570615810E-02	-2.479345334252193E-01	-3.437399971463886E-01	-2.789720602821103E-01	-1.379026193494250E+00	-6.265140182355217E-01	-1.698685880563770E-02	-2.097332230892382E-01	-2.372745822016784E-01	-6.908941974325242E-01	-2.888573807541508E-01	-7.669815852396464E-01	-3.665335302584896E-01
DCN:CapB1N	1.436894410584490E-02	1.442398351164451E-02	1.152939691990505E-02	1.157908690589017E-02	1.152496782290188E-01	1.026900224817094E-01	5.669613769951823E-02	5.046057237218788E-02	5.046756072802659E-02	2.946098007442072E-02	2.949346539416656E-02	3.569424845152278E-02	-1.722546879902566E-04	-5.911347336558180E-03	-3.003135806895981E-02	-2.995040237344039E-02	-3.334872735201377E-02	-3.327646963522808E-02
DCN:CapB2N	-1.423891776769946E-02	-1.417719602672969E-02	-1.027303059988345E-02	-1.020678570615810E-02	1.026900224817094E-01	1.128982453199248E-01	1.415769650751525E-01	1.447804501058822E-01	1.447987070332291E-01	1.712946587783732E-01	1.713369867756707E-01	4.083499407187202E-02	9.319846075965192E-02	9.569543973212877E-02	1.152652762098883E-01	1.153410091271787E-01	1.197113541189828E-01	1.197783156105349E-01
DCN:CapB3N	-3.298237319602008E-01	-3.296236253990040E-01	-2.482531214863168E-01	-2.479345334252193E-01	5.669613769951823E-02	1.415769650751525E-01	1.115820002882194E+00	1.250266114216238E+00	1.250351987439570E+00	1.838061057536232E+00	1.838240296710670E+00	9.539629013035843E-02	7.929977083604034E-01	9.075652713196989E-01	1.524275547536790E+00	1.524255338641548E+00	1.623924473642010E+00	1.623873379433443E+00
DCN:CapNL	-3.857115001772160E-01	-4.420579934257641E-01	-2.791477667102878E-01	-3.437399971463886E-01	5.046057237218788E-02	1.447804501058822E-01	1.250266114216238E+00	1.517827931713311E+00	1.394978567384814E+00	2.276496973597894E+00	2.123967011701221E+00	1.021031947671087E-01	8.861806621608168E-01	1.015283987559125E+00	1.880368418652557E+00	1.690735066999155E+00	2.025567315762628E+00	1.807023789630547E+00
DCN:CapNR	-4.425242114289178E-01	-3.857027570462644E-01	-3.443416842963421E-01	-2.789720602821103E-01	5.046756072802659E-02	1.447987070332291E-01	1.250351987439570E+00	1.394978567384814E+00	1.518195484488156E+00	2.123939280255455E+00	2.277065907886919E+00	1.021379876511444E-01	8.862513416939594E-01	1.015365928692522E+00	1.690896045721438E+00	1.880548093673910E+00	1.807219108774164E+00	2.025756004332549E+00
DCN:QL_S_L	-1.105204720633256E+00	-1.657585515981295E+00	-6.242763261003815E-01	-1.379026193494250E+00	2.946098007442072E-02	1.712946587783732E-01	1.838061057536232E+00	2.276496973597894E+00	2.123939280255455E+00	5.458407180572558E+00	3.914985999856515E+00	1.431990076951580E-01	1.359631663279275E+00	1.552251211261804E+00	3.245539268048500E+00	2.726025045796838E+00	3.692170761159999E+00	3.016123753913461E+00
DCN:QL_S_R	-1.660272498423622E+00	-1.108122318905317E+00	-1.382119912604517E+00	-6.265140182355217E-01	2.949346539416656E-02	1.713369867756707E-01	1.838240296710670E+00	2.123967011701221E+00	2.277065907886919E+00	3.914985999856515E+00	5.458707853861087E+00	1.432956965003588E-01	1.359745199673968E+00	1.552373131439055E+00	2.726598882126225E+00	3.245679232487799E+00	3.016717726410326E+00	3.692248576523131E+00
DCP:CapB1P	-2.307408127643835E-02	-2.298404181186539E-02	-1.708881796908541E-02	-1.698685880563770E-02	3.569424845152278E-02	4.083499407187202E-02	9.539629013035843E-02	1.021031947671087E-01	1.021379876511444E-01	1.431990076951580E-01	1.432956965003588E-01	2.022628296834892E-01	2.500309622635710E-01	2.551282280932992E-01	2.896914163198758E-01	2.898540358825423E-01	2.963419629392916E-01	2.965035332919677E-01
DCP:CapB2P	-2.777483469233012E-01	-2.775844970104727E-01	-2.099823720470943E-01	-2.097332230892382E-01	-1.722546879902566E-04	9.319846075965192E-02	7.929977083604034E-01	8.861806621608168E-01	8.862513416939594E-01	1.359631663279275E+00	1.359745199673968E+00	2.500309622635710E-01	1.363137457482617E+00	1.436838686009960E+00	1.855556543666609E+00	1.855536833781156E+00	1.932886146587994E+00	1.932831856564874E+00
DCP:CapB3P	-3.142243200735677E-01	-3.140496307062182E-01	-2.375468265544434E-01	-2.372745822016784E-01	-5.911347336558180E-03	9.569543973212877E-02	9.075652713196989E-01	1.015283987559125E+00	1.015365928692522E+00	1.552251211261804E+00	1.552373131439055E+00	2.551282280932992E-01	1.436838686009960E+00	1.534756473903597E+00	2.016829265962245E+00	2.016787397667042E+00	2.104989116053956E+00	2.104911199864585E+00
DCP:CapPL	-4.674899195054016E-01	-8.392366090678973E-01	-2.886105549858606E-01	-6.908941974325242E-01	-3.003135806895981E-02	1.152652762098883E-01	1.524275547536790E+00	1.880368418652557E+00	1.690896045721438E+00	3.245539268048500E+00	2.726598882126225E+00	2.896914163198758E-01	1.855556543666609E+00	2.016829265962245E+00	4.031319463007873E+00	2.879196903055622E+00	4.256095636396783E+00	3.045682370894672E+00
DCP:CapPR	-8.404769308405093E-01	-4.679434877698012E-01	-6.923603611389764E-01	-2.888573807541508E-01	-2.995040237344039E-02	1.153410091271787E-01	1.524255338641548E+00	1.690735066999155E+00	1.880548093673910E+00	2.726025045796838E+00	3.245679232487799E+00	2.898540358825423E-01	1.855536833781156E+00	2.016787397667042E+00	2.879196903055622E+00	4.031092023801706E+00	3.045678002202070E+00	4.255774197378384E+00
DCP:QH_D_L	-5.914954385302269E-01	-9.308772356493148E-01	-3.661896607229181E-01	-7.669815852396464E-01	-3.334872735201377E-02	1.197113541189828E-01	1.623924473642010E+00	2.025567315762628E+00	1.807219108774164E+00	3.692170761159999E+00	3.016717726410326E+00	2.963419629392916E-01	1.932886146587994E+00	2.104989116053956E+00	4.256095636396783E+00	3.045678002202070E+00	4.639022126562501E+00	3.226698860259223E+00
DCP:QH_D_R	-9.320880503163694E-01	-5.920900611408673E-01	-7.684534970170481E-01	-3.665335302584896E-01	-3.327646963522808E-02	1.197783156105349E-01	1.623873379433443E+00	1.807023789630547E+00	2.025756004332549E+00	3.016123753913461E+00	3.692248576523131E+00	2.965035332919677E-01	1.932831856564874E+00	2.104911199864585E+00	3.045682370894672E+00	4.255774197378384E+00	3.226698860259223E+00	4.638694297394266E+00

DC Inductance Matrix Coupling Coefficient
	AC:QH_S_L	AC:QH_S_R	AC:QL_D_L	AC:QL_D_R	DCN:CapB1N	DCN:CapB2N	DCN:CapB3N	DCN:CapNL	DCN:CapNR	DCN:QL_S_L	DCN:QL_S_R	DCP:CapB1P	DCP:CapB2P	DCP:CapB3P	DCP:CapPL	DCP:CapPR	DCP:QH_D_L	DCP:QH_D_R	
AC:QH_S_L	1.000000000000000E+00	2.108406701413021E-01	9.640351971169729E-01	1.767201053391770E-01	2.616863927261209E-02	2.620049713487131E-02	1.930460750448728E-01	1.935652814679297E-01	2.220492625238166E-01	2.924730892754150E-01	4.393499629989397E-01	3.172068261982054E-02	1.470814161837780E-01	1.568181059492979E-01	1.439543486874358E-01	2.588156819667839E-01	1.697908661491274E-01	2.675686392764268E-01
AC:QH_S_R	2.108406701413021E-01	1.000000000000000E+00	1.767988986311451E-01	9.638236817507805E-01	2.631017185136526E-02	2.612793437552053E-02	1.932322401574875E-01	2.221909193904014E-01	1.938417062232954E-01	4.393405675382569E-01	2.936980780847317E-01	3.164657334228005E-02	1.472257277099435E-01	1.569773084507346E-01	2.588326989908561E-01	1.443246057213151E-01	2.676316774812523E-01	1.702347523262147E-01
AC:QL_D_L	9.640351971169729E-01	1.767988986311451E-01	1.000000000000000E+00	1.434722673652941E-01	2.276898900781453E-02	2.049802427334401E-02	1.575631534167246E-01	1.519077407597187E-01	1.873625416416788E-01	1.791434437031808E-01	3.966046625417722E-01	2.547481282240491E-02	1.205785421778607E-01	1.285542720151117E-01	9.637083450656751E-02	2.311946909421508E-01	1.139855694860065E-01	2.392085687444219E-01
AC:QL_D_R	1.767201053391770E-01	9.638236817507805E-01	1.434722673652941E-01	1.000000000000000E+00	2.291449948843673E-02	2.040804125521975E-02	1.576869935423877E-01	1.874453717110297E-01	1.521082553056551E-01	3.965477347764383E-01	1.801531207515205E-01	2.537528685336252E-02	1.206850091917915E-01	1.286729930614790E-01	2.311765937692763E-01	9.665582575715567E-02	2.392366088918756E-01	1.143330414190790E-01
DCN:CapB1N	2.616863927261209E-02	2.631017185136526E-02	2.276898900781453E-02	2.291449948843673E-02	1.000000000000000E+00	9.002534453128912E-01	1.581017009979750E-01	1.206482540139162E-01	1.206503554763496E-01	3.714448700727965E-02	3.718442046296182E-02	2.337869914099995E-01	4.345916357693146E-04	1.405551880162050E-02	4.405868225518948E-02	4.394115258013941E-02	4.560854129483052E-02	4.551132798035890E-02
DCN:CapB2N	2.620049713487131E-02	2.612793437552053E-02	2.049802427334401E-02	2.040804125521975E-02	9.002534453128912E-01	1.000000000000000E+00	3.988888813792799E-01	3.497478521363002E-01	3.497496110041075E-01	2.182062874890495E-01	2.182541965254918E-01	2.702283201119112E-01	2.375720349641804E-01	2.298941442937558E-01	1.708564158179327E-01	1.709734969292171E-01	1.654163849173564E-01	1.655147602585302E-01
DCN:CapB3N	1.930460750448728E-01	1.932322401574875E-01	1.575631534167246E-01	1.576869935423877E-01	1.581017009979750E-01	3.988888813792799E-01	1.000000000000000E+00	9.607139991337038E-01	9.606636760592607E-01	7.447832446715926E-01	7.448353583374157E-01	2.008058565965696E-01	6.429912086611718E-01	6.935233066701877E-01	7.186919887102219E-01	7.187027344596733E-01	7.137654692467484E-01	7.137682323843881E-01
DCN:CapNL	1.935652814679297E-01	2.221909193904014E-01	1.519077407597187E-01	1.874453717110297E-01	1.206482540139162E-01	3.497478521363002E-01	9.607139991337038E-01	1.000000000000000E+00	9.189511320389440E-01	7.909023066904846E-01	7.378899086951834E-01	1.842765282033201E-01	6.160857625341547E-01	6.652065693254052E-01	7.601653515380186E-01	6.835226866546233E-01	7.633473256247593E-01	6.810119358021574E-01
DCN:CapNR	2.220492625238166E-01	1.938417062232954E-01	1.873625416416788E-01	1.521082553056551E-01	1.206503554763496E-01	3.497496110041075E-01	9.606636760592607E-01	9.189511320389440E-01	1.000000000000000E+00	7.378112693580562E-01	7.909824133276541E-01	1.843170071499899E-01	6.160603128127218E-01	6.651797224374101E-01	6.834857323382015E-01	7.601673997855117E-01	6.809790328415397E-01	7.633529899410189E-01
DCN:QL_S_L	2.924730892754150E-01	4.393405675382569E-01	1.791434437031808E-01	3.965477347764383E-01	3.714448700727965E-02	2.182062874890495E-01	7.447832446715926E-01	7.909023066904846E-01	7.378112693580562E-01	1.000000000000000E+00	7.172198862049339E-01	1.362852968067740E-01	4.984464178112601E-01	5.363018630041576E-01	6.918792335127822E-01	5.811463581812382E-01	7.337288436106115E-01	5.994021771733181E-01
DCN:QL_S_R	4.393499629989397E-01	2.936980780847317E-01	3.966046625417722E-01	1.801531207515205E-01	3.718442046296182E-02	2.182541965254918E-01	7.448353583374157E-01	7.378899086951834E-01	7.909824133276541E-01	7.172198862049339E-01	1.000000000000000E+00	1.363735614553291E-01	4.984743118092151E-01	5.363292148592054E-01	5.812362856348868E-01	6.919095333706851E-01	5.994825242916031E-01	7.337500260867135E-01
DCP:CapB1P	3.172068261982054E-02	3.164657334228005E-02	2.547481282240491E-02	2.537528685336252E-02	2.337869914099995E-01	2.702283201119112E-01	2.008058565965696E-01	1.842765282033201E-01	1.843170071499899E-01	1.362852968067740E-01	1.363735614553291E-01	1.000000000000000E+00	4.761742725192885E-01	4.579106416044052E-01	3.208144933212718E-01	3.210036392897169E-01	3.059298768653683E-01	3.061074908532684E-01
DCP:CapB2P	1.470814161837780E-01	1.472257277099435E-01	1.205785421778607E-01	1.206850091917915E-01	4.345916357693146E-04	2.375720349641804E-01	6.429912086611718E-01	6.160857625341547E-01	6.160603128127218E-01	4.984464178112601E-01	4.984743118092151E-01	4.761742725192885E-01	1.000000000000000E+00	9.933869482423773E-01	7.915543854895311E-01	7.915683072163467E-01	7.686404319965343E-01	7.686460024895515E-01
DCP:CapB3P	1.568181059492979E-01	1.569773084507346E-01	1.285542720151117E-01	1.286729930614790E-01	1.405551880162050E-02	2.298941442937558E-01	6.935233066701877E-01	6.652065693254052E-01	6.651797224374101E-01	5.363018630041576E-01	5.363292148592054E-01	4.579106416044052E-01	9.933869482423773E-01	1.000000000000000E+00	8.108224969633109E-01	8.108285377300443E-01	7.888908077870171E-01	7.888894819946732E-01
DCP:CapPL	1.439543486874358E-01	2.588326989908561E-01	9.637083450656751E-02	2.311765937692763E-01	4.405868225518948E-02	1.708564158179327E-01	7.186919887102219E-01	7.601653515380186E-01	6.834857323382015E-01	6.918792335127822E-01	5.812362856348868E-01	3.208144933212718E-01	7.915543854895311E-01	8.108224969633109E-01	1.000000000000000E+00	7.142272281467460E-01	9.841800300961202E-01	7.043088178478327E-01
DCP:CapPR	2.588156819667839E-01	1.443246057213151E-01	2.311946909421508E-01	9.665582575715567E-02	4.394115258013941E-02	1.709734969292171E-01	7.187027344596733E-01	6.835226866546233E-01	7.601673997855117E-01	5.811463581812382E-01	6.919095333706851E-01	3.210036392897169E-01	7.915683072163467E-01	8.108285377300443E-01	7.142272281467460E-01	1.000000000000000E+00	7.043027892153577E-01	9.841682374240235E-01
DCP:QH_D_L	1.697908661491274E-01	2.676316774812523E-01	1.139855694860065E-01	2.392366088918756E-01	4.560854129483052E-02	1.654163849173564E-01	7.137654692467484E-01	7.633473256247593E-01	6.809790328415397E-01	7.337288436106115E-01	5.994825242916031E-01	3.059298768653683E-01	7.686404319965343E-01	7.888908077870171E-01	9.841800300961202E-01	7.043027892153577E-01	1.000000000000000E+00	6.955804025097544E-01
DCP:QH_D_R	2.675686392764268E-01	1.702347523262147E-01	2.392085687444219E-01	1.143330414190790E-01	4.551132798035890E-02	1.655147602585302E-01	7.137682323843881E-01	6.810119358021574E-01	7.633529899410189E-01	5.994021771733181E-01	7.337500260867135E-01	3.061074908532684E-01	7.686460024895515E-01	7.888894819946732E-01	7.043088178478327E-01	9.841682374240235E-01	6.955804025097544E-01	1.000000000000000E+00

DC Resistance Matrix
	AC:QH_S_L	AC:QH_S_R	AC:QL_D_L	AC:QL_D_R	DCN:CapB1N	DCN:CapB2N	DCN:CapB3N	DCN:CapNL	DCN:CapNR	DCN:QL_S_L	DCN:QL_S_R	DCP:CapB1P	DCP:CapB2P	DCP:CapB3P	DCP:CapPL	DCP:CapPR	DCP:QH_D_L	DCP:QH_D_R	
AC:QH_S_L	2.516540265272447E-04	4.016959440756515E-05	2.259991531232501E-04	4.016844334214811E-05	0.000000000000000E+00	0.000000000000000E+00	0.000000000000000E+00	0.000000000000000E+00	0.000000000000000E+00	0.000000000000000E+00	0.000000000000000E+00	0.000000000000000E+00	0.000000000000000E+00	0.000000000000000E+00	0.000000000000000E+00	0.000000000000000E+00	0.000000000000000E+00	0.000000000000000E+00
AC:QH_S_R	4.016959440756515E-05	2.512350022856362E-04	4.016815504921577E-05	2.255436203019120E-04	0.000000000000000E+00	0.000000000000000E+00	0.000000000000000E+00	0.000000000000000E+00	0.000000000000000E+00	0.000000000000000E+00	0.000000000000000E+00	0.000000000000000E+00	0.000000000000000E+00	0.000000000000000E+00	0.000000000000000E+00	0.000000000000000E+00	0.000000000000000E+00	0.000000000000000E+00
AC:QL_D_L	2.259991531232501E-04	4.016815504921577E-05	2.516033905513049E-04	4.016700402627715E-05	0.000000000000000E+00	0.000000000000000E+00	0.000000000000000E+00	0.000000000000000E+00	0.000000000000000E+00	0.000000000000000E+00	0.000000000000000E+00	0.000000000000000E+00	0.000000000000000E+00	0.000000000000000E+00	0.000000000000000E+00	0.000000000000000E+00	0.000000000000000E+00	0.000000000000000E+00
AC:QL_D_R	4.016844334214811E-05	2.255436203019120E-04	4.016700402627715E-05	2.512445438381522E-04	0.000000000000000E+00	0.000000000000000E+00	0.000000000000000E+00	0.000000000000000E+00	0.000000000000000E+00	0.000000000000000E+00	0.000000000000000E+00	0.000000000000000E+00	0.000000000000000E+00	0.000000000000000E+00	0.000000000000000E+00	0.000000000000000E+00	0.000000000000000E+00	0.000000000000000E+00
DCN:CapB1N	0.000000000000000E+00	0.000000000000000E+00	0.000000000000000E+00	0.000000000000000E+00	3.084602596418730E-05	2.688820205683548E-05	2.194112223647212E-05	2.186625592933078E-05	2.186704839355553E-05	2.176356728506576E-05	2.176361406887969E-05	0.000000000000000E+00	0.000000000000000E+00	0.000000000000000E+00	0.000000000000000E+00	0.000000000000000E+00	0.000000000000000E+00	0.000000000000000E+00
DCN:CapB2N	0.000000000000000E+00	0.000000000000000E+00	0.000000000000000E+00	0.000000000000000E+00	2.688820205683548E-05	3.082607901254339E-05	2.197582847378946E-05	2.190091962507363E-05	2.190153150861192E-05	2.179802261574699E-05	2.179795456068964E-05	0.000000000000000E+00	0.000000000000000E+00	0.000000000000000E+00	0.000000000000000E+00	0.000000000000000E+00	0.000000000000000E+00	0.000000000000000E+00
DCN:CapB3N	0.000000000000000E+00	0.000000000000000E+00	0.000000000000000E+00	0.000000000000000E+00	2.194112223647212E-05	2.197582847378946E-05	1.046093256400834E-04	9.830700027996611E-05	9.830429875129935E-05	9.441839918749049E-05	9.441619251953723E-05	0.000000000000000E+00	0.000000000000000E+00	0.000000000000000E+00	0.000000000000000E+00	0.000000000000000E+00	0.000000000000000E+00	0.000000000000000E+00
DCN:CapNL	0.000000000000000E+00	0.000000000000000E+00	0.000000000000000E+00	0.000000000000000E+00	2.186625592933078E-05	2.190091962507363E-05	9.830700027996611E-05	1.233441903197299E-04	9.322125526046228E-05	9.608084599701852E-05	9.270084672155290E-05	0.000000000000000E+00	0.000000000000000E+00	0.000000000000000E+00	0.000000000000000E+00	0.000000000000000E+00	0.000000000000000E+00	0.000000000000000E+00
DCN:CapNR	0.000000000000000E+00	0.000000000000000E+00	0.000000000000000E+00	0.000000000000000E+00	2.186704839355553E-05	2.190153150861192E-05	9.830429875129935E-05	9.322125526046228E-05	1.233899947065881E-04	9.269974345296832E-05	9.608241057819459E-05	0.000000000000000E+00	0.000000000000000E+00	0.000000000000000E+00	0.000000000000000E+00	0.000000000000000E+00	0.000000000000000E+00	0.000000000000000E+00
DCN:QL_S_L	0.000000000000000E+00	0.000000000000000E+00	0.000000000000000E+00	0.000000000000000E+00	2.176356728506576E-05	2.179802261574699E-05	9.441839918749049E-05	9.608084599701852E-05	9.269974345296832E-05	3.135363492964575E-04	1.384652025395243E-04	0.000000000000000E+00	0.000000000000000E+00	0.000000000000000E+00	0.000000000000000E+00	0.000000000000000E+00	0.000000000000000E+00	0.000000000000000E+00
DCN:QL_S_R	0.000000000000000E+00	0.000000000000000E+00	0.000000000000000E+00	0.000000000000000E+00	2.176361406887969E-05	2.179795456068964E-05	9.441619251953723E-05	9.270084672155290E-05	9.608241057819459E-05	1.384652025395243E-04	3.134378904295742E-04	0.000000000000000E+00	0.000000000000000E+00	0.000000000000000E+00	0.000000000000000E+00	0.000000000000000E+00	0.000000000000000E+00	0.000000000000000E+00
DCP:CapB1P	0.000000000000000E+00	0.000000000000000E+00	0.000000000000000E+00	0.000000000000000E+00	0.000000000000000E+00	0.000000000000000E+00	0.000000000000000E+00	0.000000000000000E+00	0.000000000000000E+00	0.000000000000000E+00	0.000000000000000E+00	5.834017712208299E-05	4.311657830112267E-05	4.311644015924943E-05	4.291088658350199E-05	4.290984991116241E-05	4.291120473412750E-05	4.291016630546278E-05
DCP:CapB2P	0.000000000000000E+00	0.000000000000000E+00	0.000000000000000E+00	0.000000000000000E+00	0.000000000000000E+00	0.000000000000000E+00	0.000000000000000E+00	0.000000000000000E+00	0.000000000000000E+00	0.000000000000000E+00	0.000000000000000E+00	4.311657830112267E-05	1.385457746664395E-04	1.345473838059914E-04	1.173342492548627E-04	1.173243785019183E-04	1.173361299522763E-04	1.173262728472489E-04
DCP:CapB3P	0.000000000000000E+00	0.000000000000000E+00	0.000000000000000E+00	0.000000000000000E+00	0.000000000000000E+00	0.000000000000000E+00	0.000000000000000E+00	0.000000000000000E+00	0.000000000000000E+00	0.000000000000000E+00	0.000000000000000E+00	4.311644015924943E-05	1.345473838059914E-04	1.385430019709027E-04	1.173342818797449E-04	1.173241513220789E-04	1.173361637020933E-04	1.173260463554471E-04
DCP:CapPL	0.000000000000000E+00	0.000000000000000E+00	0.000000000000000E+00	0.000000000000000E+00	0.000000000000000E+00	0.000000000000000E+00	0.000000000000000E+00	0.000000000000000E+00	0.000000000000000E+00	0.000000000000000E+00	0.000000000000000E+00	4.291088658350199E-05	1.173342492548627E-04	1.173342818797449E-04	2.931217506194827E-04	1.295427826110374E-04	2.761106926214078E-04	1.294417464413116E-04
DCP:CapPR	0.000000000000000E+00	0.000000000000000E+00	0.000000000000000E+00	0.000000000000000E+00	0.000000000000000E+00	0.000000000000000E+00	0.000000000000000E+00	0.000000000000000E+00	0.000000000000000E+00	0.000000000000000E+00	0.000000000000000E+00	4.290984991116241E-05	1.173243785019183E-04	1.173241513220789E-04	1.295427826110374E-04	2.930529580827975E-04	1.294428484602213E-04	2.760598491390684E-04
DCP:QH_D_L	0.000000000000000E+00	0.000000000000000E+00	0.000000000000000E+00	0.000000000000000E+00	0.000000000000000E+00	0.000000000000000E+00	0.000000000000000E+00	0.000000000000000E+00	0.000000000000000E+00	0.000000000000000E+00	0.000000000000000E+00	4.291120473412750E-05	1.173361299522763E-04	1.173361637020933E-04	2.761106926214078E-04	1.294428484602213E-04	3.022500128526917E-04	1.293422742831991E-04
DCP:QH_D_R	0.000000000000000E+00	0.000000000000000E+00	0.000000000000000E+00	0.000000000000000E+00	0.000000000000000E+00	0.000000000000000E+00	0.000000000000000E+00	0.000000000000000E+00	0.000000000000000E+00	0.000000000000000E+00	0.000000000000000E+00	4.291016630546278E-05	1.173262728472489E-04	1.173260463554471E-04	1.294417464413116E-04	2.760598491390684E-04	1.293422742831991E-04	3.022230343666757E-04

DC Resistance Matrix Coupling Coefficient
	AC:QH_S_L	AC:QH_S_R	AC:QL_D_L	AC:QL_D_R	DCN:CapB1N	DCN:CapB2N	DCN:CapB3N	DCN:CapNL	DCN:CapNR	DCN:QL_S_L	DCN:QL_S_R	DCP:CapB1P	DCP:CapB2P	DCP:CapB3P	DCP:CapPL	DCP:CapPR	DCP:QH_D_L	DCP:QH_D_R	
AC:QH_S_L	1.000000000000000E+00	1.597553577450195E-01	8.981453490707169E-01	1.597477464638994E-01	0.000000000000000E+00	0.000000000000000E+00	0.000000000000000E+00	0.000000000000000E+00	0.000000000000000E+00	0.000000000000000E+00	0.000000000000000E+00	0.000000000000000E+00	0.000000000000000E+00	0.000000000000000E+00	0.000000000000000E+00	0.000000000000000E+00	0.000000000000000E+00	0.000000000000000E+00
AC:QH_S_R	1.597553577450195E-01	1.000000000000000E+00	1.597657076353914E-01	8.977225922227346E-01	0.000000000000000E+00	0.000000000000000E+00	0.000000000000000E+00	0.000000000000000E+00	0.000000000000000E+00	0.000000000000000E+00	0.000000000000000E+00	0.000000000000000E+00	0.000000000000000E+00	0.000000000000000E+00	0.000000000000000E+00	0.000000000000000E+00	0.000000000000000E+00	0.000000000000000E+00
AC:QL_D_L	8.981453490707169E-01	1.597657076353914E-01	1.000000000000000E+00	1.597580958660735E-01	0.000000000000000E+00	0.000000000000000E+00	0.000000000000000E+00	0.000000000000000E+00	0.000000000000000E+00	0.000000000000000E+00	0.000000000000000E+00	0.000000000000000E+00	0.000000000000000E+00	0.000000000000000E+00	0.000000000000000E+00	0.000000000000000E+00	0.000000000000000E+00	0.000000000000000E+00
AC:QL_D_R	1.597477464638994E-01	8.977225922227346E-01	1.597580958660735E-01	1.000000000000000E+00	0.000000000000000E+00	0.000000000000000E+00	0.000000000000000E+00	0.000000000000000E+00	0.000000000000000E+00	0.000000000000000E+00	0.000000000000000E+00	0.000000000000000E+00	0.000000000000000E+00	0.000000000000000E+00	0.000000000000000E+00	0.000000000000000E+00	0.000000000000000E+00	0.000000000000000E+00
DCN:CapB1N	0.000000000000000E+00	0.000000000000000E+00	0.000000000000000E+00	0.000000000000000E+00	1.000000000000000E+00	8.719729437928421E-01	3.862549212743552E-01	3.544993700610522E-01	3.544464111442964E-01	2.213026038655141E-01	2.213378353388820E-01	0.000000000000000E+00	0.000000000000000E+00	0.000000000000000E+00	0.000000000000000E+00	0.000000000000000E+00	0.000000000000000E+00	0.000000000000000E+00
DCN:CapB2N	0.000000000000000E+00	0.000000000000000E+00	0.000000000000000E+00	0.000000000000000E+00	8.719729437928421E-01	1.000000000000000E+00	3.869910416908685E-01	3.551762016903946E-01	3.551201932842553E-01	2.217246645781407E-01	2.217587941912052E-01	0.000000000000000E+00	0.000000000000000E+00	0.000000000000000E+00	0.000000000000000E+00	0.000000000000000E+00	0.000000000000000E+00	0.000000000000000E+00
DCN:CapB3N	0.000000000000000E+00	0.000000000000000E+00	0.000000000000000E+00	0.000000000000000E+00	3.862549212743552E-01	3.869910416908685E-01	1.000000000000000E+00	8.654458383550342E-01	8.652614111129185E-01	5.213477253862231E-01	5.214174168743916E-01	0.000000000000000E+00	0.000000000000000E+00	0.000000000000000E+00	0.000000000000000E+00	0.000000000000000E+00	0.000000000000000E+00	0.000000000000000E+00
DCN:CapNL	0.000000000000000E+00	0.000000000000000E+00	0.000000000000000E+00	0.000000000000000E+00	3.544993700610522E-01	3.551762016903946E-01	8.654458383550342E-01	1.000000000000000E+00	7.556411922155809E-01	4.885775647994030E-01	4.714640731545674E-01	0.000000000000000E+00	0.000000000000000E+00	0.000000000000000E+00	0.000000000000000E+00	0.000000000000000E+00	0.000000000000000E+00	0.000000000000000E+00
DCN:CapNR	0.000000000000000E+00	0.000000000000000E+00	0.000000000000000E+00	0.000000000000000E+00	3.544464111442964E-01	3.551201932842553E-01	8.652614111129185E-01	7.556411922155809E-01	1.000000000000000E+00	4.712969300004787E-01	4.885715452509422E-01	0.000000000000000E+00	0.000000000000000E+00	0.000000000000000E+00	0.000000000000000E+00	0.000000000000000E+00	0.000000000000000E+00	0.000000000000000E+00
DCN:QL_S_L	0.000000000000000E+00	0.000000000000000E+00	0.000000000000000E+00	0.000000000000000E+00	2.213026038655141E-01	2.217246645781407E-01	5.213477253862231E-01	4.885775647994030E-01	4.712969300004787E-01	1.000000000000000E+00	4.416934396136367E-01	0.000000000000000E+00	0.000000000000000E+00	0.000000000000000E+00	0.000000000000000E+00	0.000000000000000E+00	0.000000000000000E+00	0.000000000000000E+00
DCN:QL_S_R	0.000000000000000E+00	0.000000000000000E+00	0.000000000000000E+00	0.000000000000000E+00	2.213378353388820E-01	2.217587941912052E-01	5.214174168743916E-01	4.714640731545674E-01	4.885715452509422E-01	4.416934396136367E-01	1.000000000000000E+00	0.000000000000000E+00	0.000000000000000E+00	0.000000000000000E+00	0.000000000000000E+00	0.000000000000000E+00	0.000000000000000E+00	0.000000000000000E+00
DCP:CapB1P	0.000000000000000E+00	0.000000000000000E+00	0.000000000000000E+00	0.000000000000000E+00	0.000000000000000E+00	0.000000000000000E+00	0.000000000000000E+00	0.000000000000000E+00	0.000000000000000E+00	0.000000000000000E+00	0.000000000000000E+00	1.000000000000000E+00	4.795829932491805E-01	4.795862556732401E-01	3.281403168199133E-01	3.281709007261716E-01	3.231496366103507E-01	3.231562391561302E-01
DCP:CapB2P	0.000000000000000E+00	0.000000000000000E+00	0.000000000000000E+00	0.000000000000000E+00	0.000000000000000E+00	0.000000000000000E+00	0.000000000000000E+00	0.000000000000000E+00	0.000000000000000E+00	0.000000000000000E+00	0.000000000000000E+00	4.795829932491805E-01	1.000000000000000E+00	9.711500079184017E-01	5.822428088699115E-01	5.822621570043633E-01	5.733924277153578E-01	5.733698482346785E-01
DCP:CapB3P	0.000000000000000E+00	0.000000000000000E+00	0.000000000000000E+00	0.000000000000000E+00	0.000000000000000E+00	0.000000000000000E+00	0.000000000000000E+00	0.000000000000000E+00	0.000000000000000E+00	0.000000000000000E+00	0.000000000000000E+00	4.795862556732401E-01	9.711500079184017E-01	1.000000000000000E+00	5.822487970204940E-01	5.822668559853035E-01	5.733983303378398E-01	5.733744788331510E-01
DCP:CapPL	0.000000000000000E+00	0.000000000000000E+00	0.000000000000000E+00	0.000000000000000E+00	0.000000000000000E+00	0.000000000000000E+00	0.000000000000000E+00	0.000000000000000E+00	0.000000000000000E+00	0.000000000000000E+00	0.000000000000000E+00	3.281403168199133E-01	5.822428088699115E-01	5.822487970204940E-01	1.000000000000000E+00	4.419937659539276E-01	9.276326764096803E-01	4.348971485307828E-01
DCP:CapPR	0.000000000000000E+00	0.000000000000000E+00	0.000000000000000E+00	0.000000000000000E+00	0.000000000000000E+00	0.000000000000000E+00	0.000000000000000E+00	0.000000000000000E+00	0.000000000000000E+00	0.000000000000000E+00	0.000000000000000E+00	3.281709007261716E-01	5.822621570043633E-01	5.822668559853035E-01	4.419937659539276E-01	1.000000000000000E+00	4.349324812704910E-01	9.276121121451005E-01
DCP:QH_D_L	0.000000000000000E+00	0.000000000000000E+00	0.000000000000000E+00	0.000000000000000E+00	0.000000000000000E+00	0.000000000000000E+00	0.000000000000000E+00	0.000000000000000E+00	0.000000000000000E+00	0.000000000000000E+00	0.000000000000000E+00	3.231496366103507E-01	5.733924277153578E-01	5.733983303378398E-01	9.276326764096803E-01	4.349324812704910E-01	1.000000000000000E+00	4.279505099756166E-01
DCP:QH_D_R	0.000000000000000E+00	0.000000000000000E+00	0.000000000000000E+00	0.000000000000000E+00	0.000000000000000E+00	0.000000000000000E+00	0.000000000000000E+00	0.000000000000000E+00	0.000000000000000E+00	0.000000000000000E+00	0.000000000000000E+00	3.231562391561302E-01	5.733698482346785E-01	5.733744788331510E-01	4.348971485307828E-01	9.276121121451005E-01	4.279505099756166E-01	1.000000000000000E+00

AC Inductance Matrix
	AC:QH_S_L	AC:QH_S_R	AC:QL_D_L	AC:QL_D_R	DCN:CapB1N	DCN:CapB2N	DCN:CapB3N	DCN:CapNL	DCN:CapNR	DCN:QL_S_L	DCN:QL_S_R	DCP:CapB1P	DCP:CapB2P	DCP:CapB3P	DCP:CapPL	DCP:CapPR	DCP:QH_D_L	DCP:QH_D_R	
AC:QH_S_L	1.947341874159015E+00	4.129885914644201E-01	1.803658300385697E+00	3.791590590937539E-01	-2.536646439222263E-03	-1.014652138784739E-03	-1.475758510249125E-02	-1.239317387027790E-02	-2.970939944780007E-02	-3.065761409039239E-01	-5.166529670226072E-01	-1.840485477593686E-03	-2.347608358413291E-02	-2.090135594348868E-02	-8.387104508476193E-03	-1.807877398314354E-01	-2.245024222957297E-02	-1.975432761369069E-01
AC:QH_S_R	4.129885914644197E-01	1.950921680627797E+00	3.789381134445649E-01	1.806223945148052E+00	-2.489440255936170E-03	-9.338668266981401E-04	-1.495033039539023E-02	-3.042767079052838E-02	-1.250341132433714E-02	-5.213752263540467E-01	-3.074955794406809E-01	-1.748208343596450E-03	-2.361134724941228E-02	-2.103502581370614E-02	-1.824200420358214E-01	-8.122253098777593E-03	-1.993135110581223E-01	-2.239214413380474E-02
AC:QL_D_L	1.803658300385697E+00	3.789381134445647E-01	1.783314358723432E+00	3.359487719032422E-01	2.153598242667245E-03	3.441598965187055E-03	-1.177412714073566E-02	-1.053367675288889E-02	-2.395127322660195E-02	-1.287619140341355E-01	-4.864363443935176E-01	2.649051542554664E-03	-1.779119830781082E-02	-1.688898547829879E-02	1.813310727687658E-02	-1.680683801986442E-01	5.764338967933973E-03	-1.869408149887440E-01
AC:QL_D_R	3.791590590937542E-01	1.806223945148052E+00	3.359487719032423E-01	1.785148584661981E+00	2.188738034880127E-03	3.508788579596730E-03	-1.192399333541651E-02	-2.468986047472966E-02	-1.060802998627855E-02	-4.910432262607208E-01	-1.300839146969895E-01	2.729159941385143E-03	-1.792207548699574E-02	-1.701423307628560E-02	-1.698001421661634E-01	1.840991212108852E-02	-1.888829823543469E-01	5.793957365744586E-03
DCN:CapB1N	-2.536646439222250E-03	-2.489440255937046E-03	2.153598242667191E-03	2.188738034880154E-03	8.575973958509352E-02	7.674165753747683E-02	5.024490589729434E-02	4.542196813603466E-02	4.533576694708157E-02	5.558644108809835E-02	5.554239801470569E-02	1.403103428010389E-02	-3.601120234300707E-03	-8.511662009553712E-03	-1.984687604331434E-02	-1.988048346478961E-02	-2.028508743951705E-02	-2.033624300506658E-02
DCN:CapB2N	-1.014652138784570E-03	-9.338668266981063E-04	3.441598965188039E-03	3.508788579596312E-03	7.674165753747623E-02	8.248386873523871E-02	6.880176967373298E-02	6.332062689826405E-02	6.322823712173418E-02	7.173585276886595E-02	7.173258516643556E-02	1.489297188587839E-02	3.632067532237045E-02	3.132097240429138E-02	2.529476813853748E-02	2.527683038318342E-02	2.511011513440123E-02	2.509193368245268E-02
DCN:CapB3N	-1.475758510249059E-02	-1.495033039539050E-02	-1.177412714073605E-02	-1.192399333541676E-02	5.024490589729647E-02	6.880176967373301E-02	4.467877250192240E-01	4.711592801793195E-01	4.708497976001791E-01	5.303537203665175E-01	5.298284873962867E-01	2.366190876711661E-02	2.697814542823826E-01	3.002768381998791E-01	5.271509593523882E-01	5.269823386323903E-01	5.370486028063706E-01	5.369045207563692E-01
DCN:CapNL	-1.239317387027851E-02	-3.042767079052831E-02	-1.053367675288892E-02	-2.468986047472986E-02	4.542196813603509E-02	6.332062689826348E-02	4.711592801793205E-01	5.830598132441677E-01	4.993934017429106E-01	6.524459116329490E-01	6.010712939391962E-01	2.125916754796068E-02	2.767283440723657E-01	3.083335955597267E-01	6.663932137874619E-01	5.510947742565471E-01	6.900800007561680E-01	5.655253385525553E-01
DCN:CapNR	-2.970939944779981E-02	-1.250341132433716E-02	-2.395127322660204E-02	-1.060802998627806E-02	4.533576694707952E-02	6.322823712173324E-02	4.708497976001794E-01	4.993934017429108E-01	5.823513054338475E-01	6.014668825166385E-01	6.512263497258459E-01	2.130042267942509E-02	2.766092830704257E-01	3.081932469241855E-01	5.509958132228939E-01	6.657958301782879E-01	5.654742694788748E-01	6.895458727741504E-01
DCN:QL_S_L	-3.065761409039245E-01	-5.213752263540462E-01	-1.287619140341360E-01	-4.910432262607206E-01	5.558644108809829E-02	7.173585276886581E-02	5.303537203665183E-01	6.524459116329477E-01	6.014668825166395E-01	2.054716641522480E+00	1.048400038253639E+00	2.291946417665296E-02	3.219245760832450E-01	3.527969102455613E-01	9.948551709613536E-01	7.617902974300927E-01	1.150500018904296E+00	8.145064609698968E-01
DCN:QL_S_R	-5.166529670226064E-01	-3.074955794406807E-01	-4.864363443935192E-01	-1.300839146969886E-01	5.554239801470489E-02	7.173258516643544E-02	5.298284873962853E-01	6.010712939391960E-01	6.512263497258476E-01	1.048400038253638E+00	2.048996292472540E+00	2.305101242920931E-02	3.216878358349665E-01	3.525077957904089E-01	7.610664106620945E-01	9.934625137237658E-01	8.140651945450263E-01	1.148492060812575E+00
DCP:CapB1P	-1.840485477594305E-03	-1.748208343596237E-03	2.649051542554401E-03	2.729159941386336E-03	1.403103428010400E-02	1.489297188587650E-02	2.366190876711580E-02	2.125916754796036E-02	2.130042267942487E-02	2.291946417665273E-02	2.305101242920883E-02	1.553272069003744E-01	1.711736095220163E-01	1.725376573179904E-01	1.749515939254896E-01	1.750603090854093E-01	1.755964464068023E-01	1.756418223083880E-01
DCP:CapB2P	-2.347608358413284E-02	-2.361134724941172E-02	-1.779119830781031E-02	-1.792207548699579E-02	-3.601120234299413E-03	3.632067532237164E-02	2.697814542823834E-01	2.767283440723651E-01	2.766092830704259E-01	3.219245760832450E-01	3.216878358349662E-01	1.711736095220167E-01	9.231357403191082E-01	9.361665815293493E-01	1.044854677848638E+00	1.044782715449139E+00	1.050557263202981E+00	1.050465743649370E+00
DCP:CapB3P	-2.090135594348872E-02	-2.103502581370643E-02	-1.688898547830025E-02	-1.701423307628494E-02	-8.511662009553281E-03	3.132097240429053E-02	3.002768381998794E-01	3.083335955597270E-01	3.081932469241865E-01	3.527969102455613E-01	3.525077957904096E-01	1.725376573179912E-01	9.361665815293495E-01	9.613829093830092E-01	1.085392805885233E+00	1.085330181449068E+00	1.091088826520163E+00	1.091007575342479E+00
DCP:CapPL	-8.387104508475164E-03	-1.824200420358223E-01	1.813310727687564E-02	-1.698001421661627E-01	-1.984687604331369E-02	2.529476813853723E-02	5.271509593523870E-01	6.663932137874594E-01	5.509958132228976E-01	9.948551709613538E-01	7.610664106620947E-01	1.749515939254913E-01	1.044854677848637E+00	1.085392805885233E+00	2.372987973883674E+00	1.413899520572272E+00	2.428418414210136E+00	1.438493241758766E+00
DCP:CapPR	-1.807877398314349E-01	-8.122253098778297E-03	-1.680683801986448E-01	1.840991212108998E-02	-1.988048346478810E-02	2.527683038318337E-02	5.269823386323911E-01	5.510947742565447E-01	6.657958301782898E-01	7.617902974300910E-01	9.934625137237660E-01	1.750603090854083E-01	1.044782715449140E+00	1.085330181449067E+00	1.413899520572272E+00	2.372314332765185E+00	1.438740121518721E+00	2.427751445614907E+00
DCP:QH_D_L	-2.245024222957223E-02	-1.993135110581230E-01	5.764338967933631E-03	-1.888829823543466E-01	-2.028508743951463E-02	2.511011513440046E-02	5.370486028063701E-01	6.900800007561646E-01	5.654742694788730E-01	1.150500018904294E+00	8.140651945450271E-01	1.755964464068034E-01	1.050557263202980E+00	1.091088826520163E+00	2.428418414210138E+00	1.438740121518722E+00	2.594649915836529E+00	1.463869821708386E+00
DCP:QH_D_R	-1.975432761369064E-01	-2.239214413380570E-02	-1.869408149887456E-01	5.793957365746015E-03	-2.033624300506524E-02	2.509193368245240E-02	5.369045207563703E-01	5.655253385525532E-01	6.895458727741529E-01	8.145064609698953E-01	1.148492060812575E+00	1.756418223083906E-01	1.050465743649369E+00	1.091007575342478E+00	1.438493241758768E+00	2.427751445614909E+00	1.463869821708387E+00	2.593865485902952E+00

AC Inductance Matrix Coupling Coefficient
	AC:QH_S_L	AC:QH_S_R	AC:QL_D_L	AC:QL_D_R	DCN:CapB1N	DCN:CapB2N	DCN:CapB3N	DCN:CapNL	DCN:CapNR	DCN:QL_S_L	DCN:QL_S_R	DCP:CapB1P	DCP:CapB2P	DCP:CapB3P	DCP:CapPL	DCP:CapPR	DCP:QH_D_L	DCP:QH_D_R	
AC:QH_S_L	1.000000000000000E+00	2.118834500514375E-01	9.678748616579897E-01	2.033588843194115E-01	6.207219608960058E-03	2.531696041729546E-03	1.582135147392336E-02	1.163067410260800E-02	2.789846090891230E-02	1.532643976135930E-01	2.586468777239814E-01	3.346474555352467E-03	1.750942010841232E-02	1.527584212067792E-02	3.901603971479740E-03	8.411273557311297E-02	9.987586312478204E-03	8.789565875993192E-02
AC:QH_S_R	2.118834500514372E-01	1.000000000000000E+00	2.031582288230556E-01	9.678643487497920E-01	6.086113731406722E-03	2.327986833281515E-03	1.601327848594146E-02	2.852937362718747E-02	1.173048785407247E-02	2.604081094922641E-01	1.537971801854958E-01	3.175773384779683E-03	1.759414099872505E-02	1.535942413246941E-02	8.478223581955947E-02	3.775465313240698E-03	8.858851826302144E-02	9.954100888619312E-03
AC:QL_D_L	9.678748616579900E-01	2.031582288230555E-01	1.000000000000000E+00	1.882876866668187E-01	5.506923052282073E-03	8.973498572134314E-03	1.319058787523863E-02	1.033021782497034E-02	2.350293638938492E-02	6.726629404663866E-02	2.544728633623287E-01	5.033298521069880E-03	1.386623207439784E-02	1.289856541103864E-02	8.814760341367928E-03	8.171201964174736E-02	2.679761687244887E-03	8.691934667097004E-02
AC:QL_D_R	2.033588843194117E-01	9.678643487497921E-01	1.882876866668188E-01	1.000000000000000E+00	5.593902251578409E-03	9.143984992684420E-03	1.335161876484011E-02	2.420053105053363E-02	1.040411220006745E-02	2.563932399171664E-01	6.801674220252454E-02	5.182842802248859E-03	1.396105810155324E-02	1.298754287345018E-02	8.249983803476479E-02	8.945990117894258E-03	8.776397034903377E-02	2.692553770685946E-03
DCN:CapB1N	6.207219608960026E-03	6.086113731408866E-03	5.506923052281936E-03	5.593902251578478E-03	1.000000000000000E+00	9.124413055561386E-01	2.566845292820427E-01	2.031270058343499E-01	2.028648077030672E-01	1.324192651048434E-01	1.324989123215670E-01	1.215693773867289E-01	1.279861904342617E-02	2.964315633036121E-02	4.399493311958328E-02	4.407568782747934E-02	4.300270480454119E-02	4.311766865260909E-02
DCN:CapB2N	2.531696041729125E-03	2.327986833281431E-03	8.973498572136879E-03	9.143984992683330E-03	9.124413055561316E-01	1.000000000000000E+00	3.583970954530744E-01	2.887381304146042E-01	2.884921733408910E-01	1.742512029693035E-01	1.744863207476799E-01	1.315749131567696E-01	1.316244655926516E-01	1.112250288297049E-01	5.717397968379535E-02	5.714154603685414E-02	5.427812144795482E-02	5.424702111176370E-02
DCN:CapB3N	1.582135147392265E-02	1.601327848594176E-02	1.319058787523907E-02	1.335161876484039E-02	2.566845292820535E-01	3.583970954530745E-01	1.000000000000000E+00	9.231251401414938E-01	9.230797950543734E-01	5.535272858895962E-01	5.537504634051255E-01	8.982048436054878E-02	4.200767954172129E-01	4.581661705085332E-01	5.119606905208787E-01	5.118695883736908E-01	4.987967214463139E-01	4.987382982573172E-01
DCN:CapNL	1.163067410260857E-02	2.852937362718741E-02	1.033021782497036E-02	2.420053105053383E-02	2.031270058343518E-01	2.887381304146016E-01	9.231251401414958E-01	1.000000000000000E+00	8.570254496921451E-01	5.960902115658325E-01	5.499191537556255E-01	7.064247941088790E-02	3.771935927659649E-01	4.118282117759299E-01	5.665343441444622E-01	4.685798639081742E-01	5.610525005274448E-01	4.598559272013374E-01
DCN:CapNR	2.789846090891205E-02	1.173048785407249E-02	2.350293638938501E-02	1.040411220006697E-02	2.028648077030580E-01	2.884921733408867E-01	9.230797950543739E-01	8.570254496921454E-01	1.000000000000000E+00	5.498487267221807E-01	5.961682615046603E-01	7.082261013714780E-02	3.772605917331892E-01	4.118910857514890E-01	4.687140840848929E-01	5.664511043635234E-01	4.600244737003843E-01	5.610439861041918E-01
DCN:QL_S_L	1.532643976135933E-01	2.604081094922638E-01	6.726629404663891E-02	2.563932399171663E-01	1.324192651048433E-01	1.742512029693031E-01	5.535272858895970E-01	5.960902115658314E-01	5.498487267221817E-01	1.000000000000000E+00	5.109524343838919E-01	4.056997355850948E-02	2.337466420024986E-01	2.510155378437768E-01	4.505428726869115E-01	3.450431034780185E-01	4.982774997241739E-01	3.528132113434302E-01
DCN:QL_S_R	2.586468777239810E-01	1.537971801854958E-01	2.544728633623295E-01	6.801674220252407E-02	1.324989123215651E-01	1.744863207476796E-01	5.537504634051240E-01	5.499191537556254E-01	5.961682615046617E-01	5.109524343838914E-01	1.000000000000000E+00	4.085974502550496E-02	2.339005644954525E-01	2.511596915277374E-01	3.451470772287049E-01	4.506037294725662E-01	3.530605684761924E-01	4.981770147592972E-01
DCP:CapB1P	3.346474555353592E-03	3.175773384779295E-03	5.033298521069381E-03	5.182842802251125E-03	1.215693773867299E-01	1.315749131567530E-01	8.982048436054572E-02	7.064247941088682E-02	7.082261013714709E-02	4.056997355850908E-02	4.085974502550411E-02	1.000000000000000E+00	4.520435319317503E-01	4.464902009027355E-01	2.881684088475100E-01	2.883884136835606E-01	2.766002523059935E-01	2.767135606182207E-01
DCP:CapB2P	1.750942010841227E-02	1.759414099872464E-02	1.386623207439744E-02	1.396105810155328E-02	1.279861904342157E-02	1.316244655926559E-01	4.200767954172140E-01	3.771935927659641E-01	3.772605917331894E-01	2.337466420024986E-01	2.339005644954523E-01	4.520435319317514E-01	1.000000000000000E+00	9.937385840111438E-01	7.059522715763971E-01	7.060038673413404E-01	6.788089542561613E-01	6.788524447511418E-01
DCP:CapB3P	1.527584212067796E-02	1.535942413246962E-02	1.289856541103975E-02	1.298754287344968E-02	2.964315633035971E-02	1.112250288297019E-01	4.581661705085336E-01	4.118282117759303E-01	4.118910857514902E-01	2.510155378437768E-01	2.511596915277379E-01	4.464902009027374E-01	9.937385840111440E-01	1.000000000000000E+00	7.186062190207296E-01	7.186667716405256E-01	6.908321256066247E-01	6.908851248723140E-01
DCP:CapPL	3.901603971479262E-03	8.478223581955985E-02	8.814760341367469E-03	8.249983803476442E-02	4.399493311958184E-02	5.717397968379478E-02	5.119606905208774E-01	5.665343441444602E-01	4.687140840848960E-01	4.505428726869116E-01	3.451470772287050E-01	2.881684088475128E-01	7.059522715763968E-01	7.186062190207297E-01	1.000000000000000E+00	5.959154732199099E-01	9.786701997411859E-01	5.798108419311017E-01
DCP:CapPR	8.411273557311272E-02	3.775465313241026E-03	8.171201964174767E-02	8.945990117894969E-03	4.407568782747599E-02	5.714154603685404E-02	5.118695883736917E-01	4.685798639081722E-01	5.664511043635250E-01	3.450431034780176E-01	4.506037294725662E-01	2.883884136835591E-01	7.060038673413409E-01	7.186667716405247E-01	5.959154732199100E-01	1.000000000000000E+00	5.799050009392105E-01	9.786882624812387E-01
DCP:QH_D_L	9.987586312477877E-03	8.858851826302173E-02	2.679761687244727E-03	8.776397034903363E-02	4.300270480453604E-02	5.427812144795315E-02	4.987967214463135E-01	5.610525005274420E-01	4.600244737003828E-01	4.982774997241727E-01	3.530605684761928E-01	2.766002523059953E-01	6.788089542561604E-01	6.908321256066248E-01	9.786701997411865E-01	5.799050009392107E-01	1.000000000000000E+00	5.642731012989042E-01
DCP:QH_D_R	8.789565875993169E-02	9.954100888619737E-03	8.691934667097076E-02	2.692553770686609E-03	4.311766865260625E-02	5.424702111176310E-02	4.987382982573182E-01	4.598559272013357E-01	5.610439861041938E-01	3.528132113434296E-01	4.981770147592976E-01	2.767135606182249E-01	6.788524447511414E-01	6.908851248723138E-01	5.798108419311023E-01	9.786882624812397E-01	5.642731012989043E-01	1.000000000000000E+00

AC Resistance Matrix
	AC:QH_S_L	AC:QH_S_R	AC:QL_D_L	AC:QL_D_R	DCN:CapB1N	DCN:CapB2N	DCN:CapB3N	DCN:CapNL	DCN:CapNR	DCN:QL_S_L	DCN:QL_S_R	DCP:CapB1P	DCP:CapB2P	DCP:CapB3P	DCP:CapPL	DCP:CapPR	DCP:QH_D_L	DCP:QH_D_R	
AC:QH_S_L	2.758077347944575E-04	3.945219375255134E-05	2.462721797909976E-04	3.890931093167617E-05	3.514378448194775E-07	1.336712794844963E-07	-1.773095412781321E-06	-2.627832338201887E-06	-2.754547077104996E-06	-1.061875663130626E-05	-1.931747913635954E-05	-4.710288672579554E-07	-2.439240727183894E-06	-2.449770498828654E-06	-3.960333395018084E-06	-8.988329515603816E-06	-6.216458059331259E-06	-9.271139061529786E-06
AC:QH_S_R	3.945219375255133E-05	2.752420082852781E-04	3.889284552915980E-05	2.456295950914534E-04	3.566722020648362E-07	1.377458013435341E-07	-1.784318901018190E-06	-2.784884930478000E-06	-2.635693408932316E-06	-1.941130438484306E-05	-1.071475249788817E-05	-4.658757282360479E-07	-2.449172151963988E-06	-2.462097552163919E-06	-9.030975901816650E-06	-3.989410112418213E-06	-9.318925473820092E-06	-6.266047385831764E-06
AC:QL_D_L	2.462721797909976E-04	3.889284552915980E-05	2.697422267170915E-04	3.795763163202926E-05	3.271955552669103E-07	1.368738442860682E-07	-1.603421988853990E-06	-2.172784849868088E-06	-2.547794680312577E-06	-5.970495494472786E-06	-1.776513298361977E-05	-1.828001268840229E-07	-1.955779598362418E-06	-2.020959150964995E-06	-2.433656305515211E-06	-8.146405570667478E-06	-3.804376449147681E-06	-8.766378114688730E-06
AC:QL_D_R	3.890931093167619E-05	2.456295950914535E-04	3.795763163202931E-05	2.691717078244319E-04	3.312182570585752E-07	1.400471599003359E-07	-1.620291076150940E-06	-2.582698312639499E-06	-2.189819508210576E-06	-1.782892996678098E-05	-6.079802026744458E-06	-1.751459836452594E-07	-1.966122498618249E-06	-2.034221968372284E-06	-8.181754416469306E-06	-2.473240891092585E-06	-8.811706014290383E-06	-3.856579059675702E-06
DCN:CapB1N	3.514378448195550E-07	3.566722020648294E-07	3.271955552668680E-07	3.312182570586015E-07	3.217595437716945E-05	2.808017401727859E-05	2.207721180484365E-05	2.185719524532822E-05	2.185914154899026E-05	2.117801064880495E-05	2.118158427265283E-05	8.371608993178956E-07	-1.664277831093895E-08	-1.418095400733204E-07	-6.722168795555164E-07	-6.679086397315024E-07	-6.444540912181405E-07	-6.434549930817926E-07
DCN:CapB2N	1.336712794845526E-07	1.377458013435129E-07	1.368738442860305E-07	1.400471599003570E-07	2.808017401727845E-05	3.211488056882659E-05	2.344922459409012E-05	2.333753670854226E-05	2.333869712003642E-05	2.302533063830567E-05	2.302724053706553E-05	1.010183386773868E-06	1.398708626617138E-06	1.413206130741021E-06	1.491835789791420E-06	1.495597383862690E-06	1.535713308490939E-06	1.536357561788882E-06
DCN:CapB3N	-1.773095412781297E-06	-1.784318901018245E-06	-1.603421988854012E-06	-1.620291076150897E-06	2.207721180484359E-05	2.344922459409012E-05	1.173855061368110E-04	1.126524927205111E-04	1.126476610846907E-04	1.133459433527776E-04	1.133282212995276E-04	2.097692609028016E-06	1.132133830489768E-05	1.269768236047955E-05	1.959458196882701E-05	1.959478117364360E-05	2.044907066579705E-05	2.044309893784264E-05
DCN:CapNL	-2.627832338201869E-06	-2.784884930477991E-06	-2.172784849868134E-06	-2.582698312639506E-06	2.185719524532816E-05	2.333753670854236E-05	1.126524927205112E-04	1.408104898952365E-04	1.088682892915287E-04	1.205112840427716E-04	1.148415386793789E-04	2.083760774558426E-06	1.252163361245306E-05	1.403889155638163E-05	2.433604136594752E-05	2.107775374252411E-05	2.611946457886022E-05	2.193138294654635E-05
DCN:CapNR	-2.754547077104995E-06	-2.635693408932293E-06	-2.547794680312577E-06	-2.189819508210576E-06	2.185914154899032E-05	2.333869712003645E-05	1.126476610846906E-04	1.088682892915287E-04	1.408538364486390E-04	1.148524901851749E-04	1.204801266529223E-04	2.083423759835355E-06	1.251787933965434E-05	1.403457752229592E-05	2.107316278824138E-05	2.432795739942275E-05	2.193217090690629E-05	2.610309876824033E-05
DCN:QL_S_L	-1.061875663130623E-05	-1.941130438484307E-05	-5.970495494472787E-06	-1.782892996678090E-05	2.117801064880503E-05	2.302533063830571E-05	1.133459433527776E-04	1.205112840427715E-04	1.148524901851750E-04	3.728726268514082E-04	1.786910533591753E-04	2.861471251963544E-06	1.737566780513755E-05	1.908490285966182E-05	4.024788521884780E-05	3.135892144216496E-05	4.567643392283744E-05	3.420332645033042E-05
DCN:QL_S_R	-1.931747913635950E-05	-1.071475249788820E-05	-1.776513298361978E-05	-6.079802026744435E-06	2.118158427265293E-05	2.302724053706558E-05	1.133282212995276E-04	1.148415386793788E-04	1.204801266529223E-04	1.786910533591753E-04	3.725990445705007E-04	2.869295126805672E-06	1.736231896784775E-05	1.906966635516812E-05	3.135721710007551E-05	4.017352769722322E-05	3.418303187698324E-05	4.560824431207973E-05
DCP:CapB1P	-4.710288672579258E-07	-4.658757282359937E-07	-1.828001268840695E-07	-1.751459836452636E-07	8.371608993181802E-07	1.010183386773927E-06	2.097692609028127E-06	2.083760774558378E-06	2.083423759835212E-06	2.861471251963509E-06	2.869295126805607E-06	6.044908561106259E-05	4.638218749285661E-05	4.644982695287620E-05	4.671271750749503E-05	4.671675506196204E-05	4.688536086613506E-05	4.688851390023213E-05
DCP:CapB2P	-2.439240727183891E-06	-2.449172151964023E-06	-1.955779598362466E-06	-1.966122498618256E-06	-1.664277831099316E-08	1.398708626617098E-06	1.132133830489770E-05	1.252163361245299E-05	1.251787933965432E-05	1.737566780513754E-05	1.736231896784783E-05	4.638218749285674E-05	1.511452459495483E-04	1.481871660341588E-04	1.367800535288292E-04	1.367678617766065E-04	1.376298365730982E-04	1.376151706513733E-04
DCP:CapB3P	-2.449770498828670E-06	-2.462097552163960E-06	-2.020959150965076E-06	-2.034221968372307E-06	-1.418095400735372E-07	1.413206130740957E-06	1.269768236047951E-05	1.403889155638165E-05	1.403457752229607E-05	1.908490285966187E-05	1.906966635516815E-05	4.644982695287609E-05	1.481871660341590E-04	1.534446672269606E-04	1.387287066014954E-04	1.387160289155461E-04	1.395949979099741E-04	1.395788756839636E-04
DCP:CapPL	-3.960333395018132E-06	-9.030975901816598E-06	-2.433656305515265E-06	-8.181754416469359E-06	-6.722168795552589E-07	1.491835789791510E-06	1.959458196882699E-05	2.433604136594755E-05	2.107316278824135E-05	4.024788521884782E-05	3.135721710007542E-05	4.671271750749509E-05	1.367800535288291E-04	1.387287066014955E-04	3.321652458770201E-04	1.590840019003404E-04	3.181921315416245E-04	1.603943413012221E-04
DCP:CapPR	-8.988329515603879E-06	-3.989410112418197E-06	-8.146405570667499E-06	-2.473240891092563E-06	-6.679086397314075E-07	1.495597383862680E-06	1.959478117364348E-05	2.107775374252424E-05	2.432795739942288E-05	3.135892144216503E-05	4.017352769722322E-05	4.671675506196223E-05	1.367678617766064E-04	1.387160289155462E-04	1.590840019003406E-04	3.320728550222131E-04	1.603923080218763E-04	3.181106061317876E-04
DCP:QH_D_L	-6.216458059331259E-06	-9.318925473820141E-06	-3.804376449147692E-06	-8.811706014290342E-06	-6.444540912182178E-07	1.535713308490861E-06	2.044907066579702E-05	2.611946457886009E-05	2.193217090690639E-05	4.567643392283743E-05	3.418303187698317E-05	4.688536086613493E-05	1.376298365730982E-04	1.395949979099740E-04	3.181921315416245E-04	1.603923080218764E-04	3.488631385005163E-04	1.616241656839075E-04
DCP:QH_D_R	-9.271139061529771E-06	-6.266047385831826E-06	-8.766378114688882E-06	-3.856579059675698E-06	-6.434549930817714E-07	1.536357561788917E-06	2.044309893784274E-05	2.193138294654632E-05	2.610309876824040E-05	3.420332645033054E-05	4.560824431207974E-05	4.688851390023196E-05	1.376151706513734E-04	1.395788756839636E-04	1.603943413012220E-04	3.181106061317876E-04	1.616241656839078E-04	3.488092835731758E-04

AC Resistance Matrix Coupling Coefficient
	AC:QH_S_L	AC:QH_S_R	AC:QL_D_L	AC:QL_D_R	DCN:CapB1N	DCN:CapB2N	DCN:CapB3N	DCN:CapNL	DCN:CapNR	DCN:QL_S_L	DCN:QL_S_R	DCP:CapB1P	DCP:CapB2P	DCP:CapB3P	DCP:CapPL	DCP:CapPR	DCP:QH_D_L	DCP:QH_D_R	
AC:QH_S_L	1.000000000000000E+00	1.431893038292433E-01	9.028958659707084E-01	1.428024353563518E-01	3.730607745040116E-03	1.420305368918121E-03	9.854206231884934E-03	1.333450588353834E-02	1.397534823144691E-02	3.311236460931054E-02	6.025961639468402E-02	3.647954688396771E-03	1.194687160139678E-02	1.190820438021542E-02	1.308432828061478E-02	2.970017967837146E-02	2.004067039997768E-02	2.989068425439402E-02
AC:QH_S_R	1.431893038292433E-01	1.000000000000000E+00	1.427374357902341E-01	9.024198264279033E-01	3.790060873293992E-03	1.465101980024340E-03	9.926768147676245E-03	1.414595888289052E-02	1.338607307014134E-02	6.059225417570235E-02	3.345830348906925E-02	3.611751465798323E-03	1.200783489658239E-02	1.198041873272092E-02	2.986759330434914E-02	1.319576695872960E-02	3.007328969143269E-02	2.022284709862364E-02
AC:QL_D_L	9.028958659707084E-01	1.427374357902341E-01	1.000000000000000E+00	1.408672163375370E-01	3.512102705047913E-03	1.470594171596136E-03	9.010857620690349E-03	1.114871338350871E-02	1.307090376476283E-02	1.882589597699742E-02	5.603677399023810E-02	1.431552091423747E-03	9.686083230608794E-03	9.933611396463694E-03	8.130320767549619E-03	2.721916953213158E-02	1.240170720074545E-02	2.857930821555937E-02
AC:QL_D_R	1.428024353563519E-01	9.024198264279036E-01	1.408672163375372E-01	1.000000000000000E+00	3.559047987634900E-03	1.506282551366155E-03	9.115302730110974E-03	1.326604508944927E-02	1.124628992341043E-02	5.627692027647268E-02	1.919790615312977E-02	1.373063459955311E-03	9.747620712236818E-03	1.000939286025560E-02	2.736242846816077E-02	8.272466654161932E-03	2.875529004515098E-02	1.258616776252684E-02
DCN:CapB1N	3.730607745040939E-03	3.790060873293920E-03	3.512102705047458E-03	3.559047987635182E-03	1.000000000000000E+00	8.735362267739059E-01	3.592288988526899E-01	3.247216224840351E-01	3.247005643286714E-01	1.933477811333785E-01	1.934513891872800E-01	1.898227886309821E-02	2.386507830434059E-04	2.018198271670718E-03	6.502293959669201E-03	6.461519429331262E-03	6.082732593084514E-03	6.073771353881833E-03
DCN:CapB2N	1.420305368918720E-03	1.465101980024115E-03	1.470594171595731E-03	1.506282551366381E-03	8.735362267739016E-01	1.000000000000000E+00	3.819162102754035E-01	3.470438508702286E-01	3.470077002786569E-01	2.104129515766025E-01	2.105076453428798E-01	2.292726223743189E-02	2.007598451236993E-02	2.013151492254260E-02	1.444410945835017E-02	1.448254388389990E-02	1.450873172693979E-02	1.451593881885509E-02
DCN:CapB3N	9.854206231884800E-03	9.926768147676547E-03	9.010857620690467E-03	9.115302730110734E-03	3.592288988526891E-01	3.819162102754034E-01	1.000000000000000E+00	8.762258530013320E-01	8.760534418385861E-01	5.417744148830343E-01	5.418885388526743E-01	2.490231610480403E-02	8.499498154897603E-02	9.461093195694040E-02	9.923198271071845E-02	9.924679510719418E-02	1.010505764956683E-01	1.010288651135632E-01
DCN:CapNL	1.333450588353825E-02	1.414595888289048E-02	1.114871338350895E-02	1.326604508944931E-02	3.247216224840342E-01	3.470438508702299E-01	8.762258530013325E-01	1.000000000000000E+00	7.730357052586383E-01	5.259324383768901E-01	5.013726385411627E-01	2.258580040144256E-02	8.583140891260946E-02	9.550792611296441E-02	1.125266357610329E-01	9.747430189064682E-02	1.178471878691313E-01	9.895881723317725E-02
DCN:CapNR	1.397534823144690E-02	1.338607307014122E-02	1.307090376476283E-02	1.124628992341043E-02	3.247005643286724E-01	3.470077002786575E-01	8.760534418385855E-01	7.730357052586380E-01	1.000000000000000E+00	5.011593352125185E-01	5.259085200758528E-01	2.257867251428225E-02	8.579247069452901E-02	9.546388484037532E-02	9.742452263819877E-02	1.124875915841211E-01	9.893950642775289E-02	1.177643146204184E-01
DCN:QL_S_L	3.311236460931045E-02	6.059225417570238E-02	1.882589597699742E-02	5.627692027647242E-02	1.933477811333792E-01	2.104129515766029E-01	5.417744148830346E-01	5.259324383768897E-01	5.011593352125189E-01	1.000000000000000E+00	4.794040397314885E-01	1.905962133140240E-02	7.319206630246959E-02	7.978730624060595E-02	1.143630473767778E-01	8.911774278733686E-02	1.266439352784722E-01	9.484055281087038E-02
DCN:QL_S_R	6.025961639468391E-02	3.345830348906933E-02	5.603677399023812E-02	1.919790615312969E-02	1.934513891872808E-01	2.105076453428802E-01	5.418885388526746E-01	5.013726385411622E-01	5.259085200758529E-01	4.794040397314885E-01	1.000000000000000E+00	1.911874956018985E-02	7.316268178737165E-02	7.975287105447505E-02	8.913321035679202E-02	1.142095480517226E-01	9.481175154407985E-02	1.265110523609175E-01
DCP:CapB1P	3.647954688396542E-03	3.611751465797902E-03	1.431552091424112E-03	1.373063459955344E-03	1.898227886310466E-02	2.292726223743324E-02	2.490231610480535E-02	2.258580040144205E-02	2.257867251428071E-02	1.905962133140216E-02	1.911874956018942E-02	1.000000000000000E+00	4.852428148751471E-01	4.822956363848207E-01	3.296576586555850E-01	3.297320124150116E-01	3.228604541489907E-01	3.229070914440660E-01
DCP:CapB2P	1.194687160139677E-02	1.200783489658256E-02	9.686083230609032E-03	9.747620712236857E-03	2.386507830441833E-04	2.007598451236935E-02	8.499498154897617E-02	8.583140891260899E-02	8.579247069452890E-02	7.319206630246952E-02	7.316268178737199E-02	4.852428148751484E-01	1.000000000000000E+00	9.730551306472850E-01	6.104476528061754E-01	6.104781484882533E-01	5.993600702351838E-01	5.993424648780195E-01
DCP:CapB3P	1.190820438021549E-02	1.198041873272112E-02	9.933611396464091E-03	1.000939286025571E-02	2.018198271673804E-03	2.013151492254169E-02	9.461093195694005E-02	9.550792611296453E-02	9.546388484037638E-02	7.978730624060618E-02	7.975287105447518E-02	4.822956363848195E-01	9.730551306472858E-01	1.000000000000000E+00	6.144879092769521E-01	6.145172235491263E-01	6.033459681786301E-01	6.033228560967537E-01
DCP:CapPL	1.308432828061494E-02	2.986759330434897E-02	8.130320767549801E-03	2.736242846816095E-02	6.502293959666710E-03	1.444410945835104E-02	9.923198271071836E-02	1.125266357610330E-01	9.742452263819863E-02	1.143630473767778E-01	8.913321035679175E-02	3.296576586555854E-01	6.104476528061749E-01	6.144879092769526E-01	1.000000000000000E+00	4.789969236147794E-01	9.347270240142860E-01	4.712137226047189E-01
DCP:CapPR	2.970017967837166E-02	1.319576695872954E-02	2.721916953213165E-02	8.272466654161859E-03	6.461519429330344E-03	1.448254388389980E-02	9.924679510719357E-02	9.747430189064743E-02	1.124875915841217E-01	8.911774278733706E-02	1.142095480517226E-01	3.297320124150129E-01	6.104781484882530E-01	6.145172235491265E-01	4.789969236147801E-01	1.000000000000000E+00	4.712369181346086E-01	9.346896712189139E-01
DCP:QH_D_L	2.004067039997768E-02	3.007328969143284E-02	1.240170720074549E-02	2.875529004515084E-02	6.082732593085244E-03	1.450873172693906E-02	1.010505764956682E-01	1.178471878691307E-01	9.893950642775334E-02	1.266439352784722E-01	9.481175154407967E-02	3.228604541489898E-01	5.993600702351837E-01	6.033459681786296E-01	9.347270240142860E-01	4.712369181346090E-01	1.000000000000000E+00	4.633239355657565E-01
DCP:QH_D_R	2.989068425439397E-02	2.022284709862384E-02	2.857930821555986E-02	1.258616776252683E-02	6.073771353881633E-03	1.451593881885542E-02	1.010288651135637E-01	9.895881723317713E-02	1.177643146204187E-01	9.484055281087073E-02	1.265110523609175E-01	3.229070914440649E-01	5.993424648780196E-01	6.033228560967535E-01	4.712137226047186E-01	9.346896712189140E-01	4.633239355657574E-01	1.000000000000000E+00

