Design Variation:  h_23='1.2mm' h_34='0.10000000000000001mm' h_diel='0.10000000000000001mm' r_anti='0.34999999999999998mm' t_L1='0.070000000000000007mm' t_L2='0.070000000000000007mm' t_L3='0.070000000000000007mm' t_L4='0.070000000000000007mm' t_pad='0.035000000000000003mm' via_r='0.14999999999999999mm' z_L1='0.17000000000000001mm' z_L3b='-1.2699999999999998mm' z_L3t='-1.2mm' z_L4b='-1.4399999999999999mm' z_L4t='-1.3699999999999999mm' z_top='0.24000000000000002mm'
Setup1:Sweep1
Problem Type:  DC RL, AC RL
R Units:ohm, L Units:nH
Reduce Matrix:  Original
Frequency:  500kHz

DC Inductance Matrix
	AC:QH_S_L	AC:QH_S_R	AC:QL_D_L	AC:QL_D_R	DCN:CapB1N	DCN:CapB2N	DCN:CapB3N	DCN:CapNL	DCN:CapNR	DCN:QL_S_L	DCN:QL_S_R	DCP:CapB1P	DCP:CapB2P	DCP:CapB3P	DCP:CapPL	DCP:CapPR	DCP:QH_D_L	DCP:QH_D_R	
AC:QH_S_L	2.616060046052188E+00	5.507061337262714E-01	2.325732313709410E+00	4.254552557118878E-01	1.436894410584490E-02	-1.423891776769946E-02	-3.298237319602008E-01	-3.857115001772160E-01	-4.425242114289178E-01	-1.105204720633256E+00	-1.660272498423622E+00	-2.307408127643835E-02	-2.777483469233012E-01	-3.142243200735677E-01	-4.674899195054016E-01	-8.404769308405093E-01	-5.914954385302269E-01	-9.320880503163694E-01
AC:QH_S_R	5.507061337262714E-01	2.607854417434932E+00	4.258574110693559E-01	2.316772245826313E+00	1.442398351164451E-02	-1.417719602672969E-02	-3.296236253990040E-01	-4.420579934257641E-01	-3.857027570462644E-01	-1.657585515981295E+00	-1.108122318905317E+00	-2.298404181186539E-02	-2.775844970104727E-01	-3.140496307062182E-01	-8.392366090678973E-01	-4.679434877698012E-01	-9.308772356493148E-01	-5.920900611408673E-01
AC:QL_D_L	2.325732313709410E+00	4.258574110693559E-01	2.224774331578053E+00	3.185334324495775E-01	1.152939691990505E-02	-1.027303059988345E-02	-2.482531214863168E-01	-2.791477667102878E-01	-3.443416842963421E-01	-6.242763261003815E-01	-1.382119912604517E+00	-1.708881796908541E-02	-2.099823720470943E-01	-2.375468265544434E-01	-2.886105549858606E-01	-6.923603611389764E-01	-3.661896607229181E-01	-7.684534970170481E-01
AC:QL_D_R	4.254552557118878E-01	2.316772245826313E+00	3.185334324495775E-01	2.215583663922452E+00	1.157908690589017E-02	-1.020678570615810E-02	-2.479345334252193E-01	-3.437399971463886E-01	-2.789720602821103E-01	-1.379026193494250E+00	-6.265140182355217E-01	-1.698685880563770E-02	-2.097332230892382E-01	-2.372745822016784E-01	-6.908941974325242E-01	-2.888573807541508E-01	-7.669815852396464E-01	-3.665335302584896E-01
DCN:CapB1N	1.436894410584490E-02	1.442398351164451E-02	1.152939691990505E-02	1.157908690589017E-02	1.152496782290188E-01	1.026900224817094E-01	5.669613769951823E-02	5.046057237218788E-02	5.046756072802659E-02	2.946098007442072E-02	2.949346539416656E-02	3.569424845152278E-02	-1.722546879902566E-04	-5.911347336558180E-03	-3.003135806895981E-02	-2.995040237344039E-02	-3.334872735201377E-02	-3.327646963522808E-02
DCN:CapB2N	-1.423891776769946E-02	-1.417719602672969E-02	-1.027303059988345E-02	-1.020678570615810E-02	1.026900224817094E-01	1.128982453199248E-01	1.415769650751525E-01	1.447804501058822E-01	1.447987070332291E-01	1.712946587783732E-01	1.713369867756707E-01	4.083499407187202E-02	9.319846075965192E-02	9.569543973212877E-02	1.152652762098883E-01	1.153410091271787E-01	1.197113541189828E-01	1.197783156105349E-01
DCN:CapB3N	-3.298237319602008E-01	-3.296236253990040E-01	-2.482531214863168E-01	-2.479345334252193E-01	5.669613769951823E-02	1.415769650751525E-01	1.115820002882194E+00	1.250266114216238E+00	1.250351987439570E+00	1.838061057536232E+00	1.838240296710670E+00	9.539629013035843E-02	7.929977083604034E-01	9.075652713196989E-01	1.524275547536790E+00	1.524255338641548E+00	1.623924473642010E+00	1.623873379433443E+00
DCN:CapNL	-3.857115001772160E-01	-4.420579934257641E-01	-2.791477667102878E-01	-3.437399971463886E-01	5.046057237218788E-02	1.447804501058822E-01	1.250266114216238E+00	1.517827931713311E+00	1.394978567384814E+00	2.276496973597894E+00	2.123967011701221E+00	1.021031947671087E-01	8.861806621608168E-01	1.015283987559125E+00	1.880368418652557E+00	1.690735066999155E+00	2.025567315762628E+00	1.807023789630547E+00
DCN:CapNR	-4.425242114289178E-01	-3.857027570462644E-01	-3.443416842963421E-01	-2.789720602821103E-01	5.046756072802659E-02	1.447987070332291E-01	1.250351987439570E+00	1.394978567384814E+00	1.518195484488156E+00	2.123939280255455E+00	2.277065907886919E+00	1.021379876511444E-01	8.862513416939594E-01	1.015365928692522E+00	1.690896045721438E+00	1.880548093673910E+00	1.807219108774164E+00	2.025756004332549E+00
DCN:QL_S_L	-1.105204720633256E+00	-1.657585515981295E+00	-6.242763261003815E-01	-1.379026193494250E+00	2.946098007442072E-02	1.712946587783732E-01	1.838061057536232E+00	2.276496973597894E+00	2.123939280255455E+00	5.458407180572558E+00	3.914985999856515E+00	1.431990076951580E-01	1.359631663279275E+00	1.552251211261804E+00	3.245539268048500E+00	2.726025045796838E+00	3.692170761159999E+00	3.016123753913461E+00
DCN:QL_S_R	-1.660272498423622E+00	-1.108122318905317E+00	-1.382119912604517E+00	-6.265140182355217E-01	2.949346539416656E-02	1.713369867756707E-01	1.838240296710670E+00	2.123967011701221E+00	2.277065907886919E+00	3.914985999856515E+00	5.458707853861087E+00	1.432956965003588E-01	1.359745199673968E+00	1.552373131439055E+00	2.726598882126225E+00	3.245679232487799E+00	3.016717726410326E+00	3.692248576523131E+00
DCP:CapB1P	-2.307408127643835E-02	-2.298404181186539E-02	-1.708881796908541E-02	-1.698685880563770E-02	3.569424845152278E-02	4.083499407187202E-02	9.539629013035843E-02	1.021031947671087E-01	1.021379876511444E-01	1.431990076951580E-01	1.432956965003588E-01	2.022628296834892E-01	2.500309622635710E-01	2.551282280932992E-01	2.896914163198758E-01	2.898540358825423E-01	2.963419629392916E-01	2.965035332919677E-01
DCP:CapB2P	-2.777483469233012E-01	-2.775844970104727E-01	-2.099823720470943E-01	-2.097332230892382E-01	-1.722546879902566E-04	9.319846075965192E-02	7.929977083604034E-01	8.861806621608168E-01	8.862513416939594E-01	1.359631663279275E+00	1.359745199673968E+00	2.500309622635710E-01	1.363137457482617E+00	1.436838686009960E+00	1.855556543666609E+00	1.855536833781156E+00	1.932886146587994E+00	1.932831856564874E+00
DCP:CapB3P	-3.142243200735677E-01	-3.140496307062182E-01	-2.375468265544434E-01	-2.372745822016784E-01	-5.911347336558180E-03	9.569543973212877E-02	9.075652713196989E-01	1.015283987559125E+00	1.015365928692522E+00	1.552251211261804E+00	1.552373131439055E+00	2.551282280932992E-01	1.436838686009960E+00	1.534756473903597E+00	2.016829265962245E+00	2.016787397667042E+00	2.104989116053956E+00	2.104911199864585E+00
DCP:CapPL	-4.674899195054016E-01	-8.392366090678973E-01	-2.886105549858606E-01	-6.908941974325242E-01	-3.003135806895981E-02	1.152652762098883E-01	1.524275547536790E+00	1.880368418652557E+00	1.690896045721438E+00	3.245539268048500E+00	2.726598882126225E+00	2.896914163198758E-01	1.855556543666609E+00	2.016829265962245E+00	4.031319463007873E+00	2.879196903055622E+00	4.256095636396783E+00	3.045682370894672E+00
DCP:CapPR	-8.404769308405093E-01	-4.679434877698012E-01	-6.923603611389764E-01	-2.888573807541508E-01	-2.995040237344039E-02	1.153410091271787E-01	1.524255338641548E+00	1.690735066999155E+00	1.880548093673910E+00	2.726025045796838E+00	3.245679232487799E+00	2.898540358825423E-01	1.855536833781156E+00	2.016787397667042E+00	2.879196903055622E+00	4.031092023801706E+00	3.045678002202070E+00	4.255774197378384E+00
DCP:QH_D_L	-5.914954385302269E-01	-9.308772356493148E-01	-3.661896607229181E-01	-7.669815852396464E-01	-3.334872735201377E-02	1.197113541189828E-01	1.623924473642010E+00	2.025567315762628E+00	1.807219108774164E+00	3.692170761159999E+00	3.016717726410326E+00	2.963419629392916E-01	1.932886146587994E+00	2.104989116053956E+00	4.256095636396783E+00	3.045678002202070E+00	4.639022126562501E+00	3.226698860259223E+00
DCP:QH_D_R	-9.320880503163694E-01	-5.920900611408673E-01	-7.684534970170481E-01	-3.665335302584896E-01	-3.327646963522808E-02	1.197783156105349E-01	1.623873379433443E+00	1.807023789630547E+00	2.025756004332549E+00	3.016123753913461E+00	3.692248576523131E+00	2.965035332919677E-01	1.932831856564874E+00	2.104911199864585E+00	3.045682370894672E+00	4.255774197378384E+00	3.226698860259223E+00	4.638694297394266E+00

DC Inductance Matrix Coupling Coefficient
	AC:QH_S_L	AC:QH_S_R	AC:QL_D_L	AC:QL_D_R	DCN:CapB1N	DCN:CapB2N	DCN:CapB3N	DCN:CapNL	DCN:CapNR	DCN:QL_S_L	DCN:QL_S_R	DCP:CapB1P	DCP:CapB2P	DCP:CapB3P	DCP:CapPL	DCP:CapPR	DCP:QH_D_L	DCP:QH_D_R	
AC:QH_S_L	1.000000000000000E+00	2.108406701413021E-01	9.640351971169729E-01	1.767201053391770E-01	2.616863927261209E-02	2.620049713487131E-02	1.930460750448728E-01	1.935652814679297E-01	2.220492625238166E-01	2.924730892754150E-01	4.393499629989397E-01	3.172068261982054E-02	1.470814161837780E-01	1.568181059492979E-01	1.439543486874358E-01	2.588156819667839E-01	1.697908661491274E-01	2.675686392764268E-01
AC:QH_S_R	2.108406701413021E-01	1.000000000000000E+00	1.767988986311451E-01	9.638236817507805E-01	2.631017185136526E-02	2.612793437552053E-02	1.932322401574875E-01	2.221909193904014E-01	1.938417062232954E-01	4.393405675382569E-01	2.936980780847317E-01	3.164657334228005E-02	1.472257277099435E-01	1.569773084507346E-01	2.588326989908561E-01	1.443246057213151E-01	2.676316774812523E-01	1.702347523262147E-01
AC:QL_D_L	9.640351971169729E-01	1.767988986311451E-01	1.000000000000000E+00	1.434722673652941E-01	2.276898900781453E-02	2.049802427334401E-02	1.575631534167246E-01	1.519077407597187E-01	1.873625416416788E-01	1.791434437031808E-01	3.966046625417722E-01	2.547481282240491E-02	1.205785421778607E-01	1.285542720151117E-01	9.637083450656751E-02	2.311946909421508E-01	1.139855694860065E-01	2.392085687444219E-01
AC:QL_D_R	1.767201053391770E-01	9.638236817507805E-01	1.434722673652941E-01	1.000000000000000E+00	2.291449948843673E-02	2.040804125521975E-02	1.576869935423877E-01	1.874453717110297E-01	1.521082553056551E-01	3.965477347764383E-01	1.801531207515205E-01	2.537528685336252E-02	1.206850091917915E-01	1.286729930614790E-01	2.311765937692763E-01	9.665582575715567E-02	2.392366088918756E-01	1.143330414190790E-01
DCN:CapB1N	2.616863927261209E-02	2.631017185136526E-02	2.276898900781453E-02	2.291449948843673E-02	1.000000000000000E+00	9.002534453128912E-01	1.581017009979750E-01	1.206482540139162E-01	1.206503554763496E-01	3.714448700727965E-02	3.718442046296182E-02	2.337869914099995E-01	4.345916357693146E-04	1.405551880162050E-02	4.405868225518948E-02	4.394115258013941E-02	4.560854129483052E-02	4.551132798035890E-02
DCN:CapB2N	2.620049713487131E-02	2.612793437552053E-02	2.049802427334401E-02	2.040804125521975E-02	9.002534453128912E-01	1.000000000000000E+00	3.988888813792799E-01	3.497478521363002E-01	3.497496110041075E-01	2.182062874890495E-01	2.182541965254918E-01	2.702283201119112E-01	2.375720349641804E-01	2.298941442937558E-01	1.708564158179327E-01	1.709734969292171E-01	1.654163849173564E-01	1.655147602585302E-01
DCN:CapB3N	1.930460750448728E-01	1.932322401574875E-01	1.575631534167246E-01	1.576869935423877E-01	1.581017009979750E-01	3.988888813792799E-01	1.000000000000000E+00	9.607139991337038E-01	9.606636760592607E-01	7.447832446715926E-01	7.448353583374157E-01	2.008058565965696E-01	6.429912086611718E-01	6.935233066701877E-01	7.186919887102219E-01	7.187027344596733E-01	7.137654692467484E-01	7.137682323843881E-01
DCN:CapNL	1.935652814679297E-01	2.221909193904014E-01	1.519077407597187E-01	1.874453717110297E-01	1.206482540139162E-01	3.497478521363002E-01	9.607139991337038E-01	1.000000000000000E+00	9.189511320389440E-01	7.909023066904846E-01	7.378899086951834E-01	1.842765282033201E-01	6.160857625341547E-01	6.652065693254052E-01	7.601653515380186E-01	6.835226866546233E-01	7.633473256247593E-01	6.810119358021574E-01
DCN:CapNR	2.220492625238166E-01	1.938417062232954E-01	1.873625416416788E-01	1.521082553056551E-01	1.206503554763496E-01	3.497496110041075E-01	9.606636760592607E-01	9.189511320389440E-01	1.000000000000000E+00	7.378112693580562E-01	7.909824133276541E-01	1.843170071499899E-01	6.160603128127218E-01	6.651797224374101E-01	6.834857323382015E-01	7.601673997855117E-01	6.809790328415397E-01	7.633529899410189E-01
DCN:QL_S_L	2.924730892754150E-01	4.393405675382569E-01	1.791434437031808E-01	3.965477347764383E-01	3.714448700727965E-02	2.182062874890495E-01	7.447832446715926E-01	7.909023066904846E-01	7.378112693580562E-01	1.000000000000000E+00	7.172198862049339E-01	1.362852968067740E-01	4.984464178112601E-01	5.363018630041576E-01	6.918792335127822E-01	5.811463581812382E-01	7.337288436106115E-01	5.994021771733181E-01
DCN:QL_S_R	4.393499629989397E-01	2.936980780847317E-01	3.966046625417722E-01	1.801531207515205E-01	3.718442046296182E-02	2.182541965254918E-01	7.448353583374157E-01	7.378899086951834E-01	7.909824133276541E-01	7.172198862049339E-01	1.000000000000000E+00	1.363735614553291E-01	4.984743118092151E-01	5.363292148592054E-01	5.812362856348868E-01	6.919095333706851E-01	5.994825242916031E-01	7.337500260867135E-01
DCP:CapB1P	3.172068261982054E-02	3.164657334228005E-02	2.547481282240491E-02	2.537528685336252E-02	2.337869914099995E-01	2.702283201119112E-01	2.008058565965696E-01	1.842765282033201E-01	1.843170071499899E-01	1.362852968067740E-01	1.363735614553291E-01	1.000000000000000E+00	4.761742725192885E-01	4.579106416044052E-01	3.208144933212718E-01	3.210036392897169E-01	3.059298768653683E-01	3.061074908532684E-01
DCP:CapB2P	1.470814161837780E-01	1.472257277099435E-01	1.205785421778607E-01	1.206850091917915E-01	4.345916357693146E-04	2.375720349641804E-01	6.429912086611718E-01	6.160857625341547E-01	6.160603128127218E-01	4.984464178112601E-01	4.984743118092151E-01	4.761742725192885E-01	1.000000000000000E+00	9.933869482423773E-01	7.915543854895311E-01	7.915683072163467E-01	7.686404319965343E-01	7.686460024895515E-01
DCP:CapB3P	1.568181059492979E-01	1.569773084507346E-01	1.285542720151117E-01	1.286729930614790E-01	1.405551880162050E-02	2.298941442937558E-01	6.935233066701877E-01	6.652065693254052E-01	6.651797224374101E-01	5.363018630041576E-01	5.363292148592054E-01	4.579106416044052E-01	9.933869482423773E-01	1.000000000000000E+00	8.108224969633109E-01	8.108285377300443E-01	7.888908077870171E-01	7.888894819946732E-01
DCP:CapPL	1.439543486874358E-01	2.588326989908561E-01	9.637083450656751E-02	2.311765937692763E-01	4.405868225518948E-02	1.708564158179327E-01	7.186919887102219E-01	7.601653515380186E-01	6.834857323382015E-01	6.918792335127822E-01	5.812362856348868E-01	3.208144933212718E-01	7.915543854895311E-01	8.108224969633109E-01	1.000000000000000E+00	7.142272281467460E-01	9.841800300961202E-01	7.043088178478327E-01
DCP:CapPR	2.588156819667839E-01	1.443246057213151E-01	2.311946909421508E-01	9.665582575715567E-02	4.394115258013941E-02	1.709734969292171E-01	7.187027344596733E-01	6.835226866546233E-01	7.601673997855117E-01	5.811463581812382E-01	6.919095333706851E-01	3.210036392897169E-01	7.915683072163467E-01	8.108285377300443E-01	7.142272281467460E-01	1.000000000000000E+00	7.043027892153577E-01	9.841682374240235E-01
DCP:QH_D_L	1.697908661491274E-01	2.676316774812523E-01	1.139855694860065E-01	2.392366088918756E-01	4.560854129483052E-02	1.654163849173564E-01	7.137654692467484E-01	7.633473256247593E-01	6.809790328415397E-01	7.337288436106115E-01	5.994825242916031E-01	3.059298768653683E-01	7.686404319965343E-01	7.888908077870171E-01	9.841800300961202E-01	7.043027892153577E-01	1.000000000000000E+00	6.955804025097544E-01
DCP:QH_D_R	2.675686392764268E-01	1.702347523262147E-01	2.392085687444219E-01	1.143330414190790E-01	4.551132798035890E-02	1.655147602585302E-01	7.137682323843881E-01	6.810119358021574E-01	7.633529899410189E-01	5.994021771733181E-01	7.337500260867135E-01	3.061074908532684E-01	7.686460024895515E-01	7.888894819946732E-01	7.043088178478327E-01	9.841682374240235E-01	6.955804025097544E-01	1.000000000000000E+00

DC Resistance Matrix
	AC:QH_S_L	AC:QH_S_R	AC:QL_D_L	AC:QL_D_R	DCN:CapB1N	DCN:CapB2N	DCN:CapB3N	DCN:CapNL	DCN:CapNR	DCN:QL_S_L	DCN:QL_S_R	DCP:CapB1P	DCP:CapB2P	DCP:CapB3P	DCP:CapPL	DCP:CapPR	DCP:QH_D_L	DCP:QH_D_R	
AC:QH_S_L	2.516540265272447E-04	4.016959440756515E-05	2.259991531232501E-04	4.016844334214811E-05	0.000000000000000E+00	0.000000000000000E+00	0.000000000000000E+00	0.000000000000000E+00	0.000000000000000E+00	0.000000000000000E+00	0.000000000000000E+00	0.000000000000000E+00	0.000000000000000E+00	0.000000000000000E+00	0.000000000000000E+00	0.000000000000000E+00	0.000000000000000E+00	0.000000000000000E+00
AC:QH_S_R	4.016959440756515E-05	2.512350022856362E-04	4.016815504921577E-05	2.255436203019120E-04	0.000000000000000E+00	0.000000000000000E+00	0.000000000000000E+00	0.000000000000000E+00	0.000000000000000E+00	0.000000000000000E+00	0.000000000000000E+00	0.000000000000000E+00	0.000000000000000E+00	0.000000000000000E+00	0.000000000000000E+00	0.000000000000000E+00	0.000000000000000E+00	0.000000000000000E+00
AC:QL_D_L	2.259991531232501E-04	4.016815504921577E-05	2.516033905513049E-04	4.016700402627715E-05	0.000000000000000E+00	0.000000000000000E+00	0.000000000000000E+00	0.000000000000000E+00	0.000000000000000E+00	0.000000000000000E+00	0.000000000000000E+00	0.000000000000000E+00	0.000000000000000E+00	0.000000000000000E+00	0.000000000000000E+00	0.000000000000000E+00	0.000000000000000E+00	0.000000000000000E+00
AC:QL_D_R	4.016844334214811E-05	2.255436203019120E-04	4.016700402627715E-05	2.512445438381522E-04	0.000000000000000E+00	0.000000000000000E+00	0.000000000000000E+00	0.000000000000000E+00	0.000000000000000E+00	0.000000000000000E+00	0.000000000000000E+00	0.000000000000000E+00	0.000000000000000E+00	0.000000000000000E+00	0.000000000000000E+00	0.000000000000000E+00	0.000000000000000E+00	0.000000000000000E+00
DCN:CapB1N	0.000000000000000E+00	0.000000000000000E+00	0.000000000000000E+00	0.000000000000000E+00	3.084602596418730E-05	2.688820205683548E-05	2.194112223647212E-05	2.186625592933078E-05	2.186704839355553E-05	2.176356728506576E-05	2.176361406887969E-05	0.000000000000000E+00	0.000000000000000E+00	0.000000000000000E+00	0.000000000000000E+00	0.000000000000000E+00	0.000000000000000E+00	0.000000000000000E+00
DCN:CapB2N	0.000000000000000E+00	0.000000000000000E+00	0.000000000000000E+00	0.000000000000000E+00	2.688820205683548E-05	3.082607901254339E-05	2.197582847378946E-05	2.190091962507363E-05	2.190153150861192E-05	2.179802261574699E-05	2.179795456068964E-05	0.000000000000000E+00	0.000000000000000E+00	0.000000000000000E+00	0.000000000000000E+00	0.000000000000000E+00	0.000000000000000E+00	0.000000000000000E+00
DCN:CapB3N	0.000000000000000E+00	0.000000000000000E+00	0.000000000000000E+00	0.000000000000000E+00	2.194112223647212E-05	2.197582847378946E-05	1.046093256400834E-04	9.830700027996611E-05	9.830429875129935E-05	9.441839918749049E-05	9.441619251953723E-05	0.000000000000000E+00	0.000000000000000E+00	0.000000000000000E+00	0.000000000000000E+00	0.000000000000000E+00	0.000000000000000E+00	0.000000000000000E+00
DCN:CapNL	0.000000000000000E+00	0.000000000000000E+00	0.000000000000000E+00	0.000000000000000E+00	2.186625592933078E-05	2.190091962507363E-05	9.830700027996611E-05	1.233441903197299E-04	9.322125526046228E-05	9.608084599701852E-05	9.270084672155290E-05	0.000000000000000E+00	0.000000000000000E+00	0.000000000000000E+00	0.000000000000000E+00	0.000000000000000E+00	0.000000000000000E+00	0.000000000000000E+00
DCN:CapNR	0.000000000000000E+00	0.000000000000000E+00	0.000000000000000E+00	0.000000000000000E+00	2.186704839355553E-05	2.190153150861192E-05	9.830429875129935E-05	9.322125526046228E-05	1.233899947065881E-04	9.269974345296832E-05	9.608241057819459E-05	0.000000000000000E+00	0.000000000000000E+00	0.000000000000000E+00	0.000000000000000E+00	0.000000000000000E+00	0.000000000000000E+00	0.000000000000000E+00
DCN:QL_S_L	0.000000000000000E+00	0.000000000000000E+00	0.000000000000000E+00	0.000000000000000E+00	2.176356728506576E-05	2.179802261574699E-05	9.441839918749049E-05	9.608084599701852E-05	9.269974345296832E-05	3.135363492964575E-04	1.384652025395243E-04	0.000000000000000E+00	0.000000000000000E+00	0.000000000000000E+00	0.000000000000000E+00	0.000000000000000E+00	0.000000000000000E+00	0.000000000000000E+00
DCN:QL_S_R	0.000000000000000E+00	0.000000000000000E+00	0.000000000000000E+00	0.000000000000000E+00	2.176361406887969E-05	2.179795456068964E-05	9.441619251953723E-05	9.270084672155290E-05	9.608241057819459E-05	1.384652025395243E-04	3.134378904295742E-04	0.000000000000000E+00	0.000000000000000E+00	0.000000000000000E+00	0.000000000000000E+00	0.000000000000000E+00	0.000000000000000E+00	0.000000000000000E+00
DCP:CapB1P	0.000000000000000E+00	0.000000000000000E+00	0.000000000000000E+00	0.000000000000000E+00	0.000000000000000E+00	0.000000000000000E+00	0.000000000000000E+00	0.000000000000000E+00	0.000000000000000E+00	0.000000000000000E+00	0.000000000000000E+00	5.834017712208299E-05	4.311657830112267E-05	4.311644015924943E-05	4.291088658350199E-05	4.290984991116241E-05	4.291120473412750E-05	4.291016630546278E-05
DCP:CapB2P	0.000000000000000E+00	0.000000000000000E+00	0.000000000000000E+00	0.000000000000000E+00	0.000000000000000E+00	0.000000000000000E+00	0.000000000000000E+00	0.000000000000000E+00	0.000000000000000E+00	0.000000000000000E+00	0.000000000000000E+00	4.311657830112267E-05	1.385457746664395E-04	1.345473838059914E-04	1.173342492548627E-04	1.173243785019183E-04	1.173361299522763E-04	1.173262728472489E-04
DCP:CapB3P	0.000000000000000E+00	0.000000000000000E+00	0.000000000000000E+00	0.000000000000000E+00	0.000000000000000E+00	0.000000000000000E+00	0.000000000000000E+00	0.000000000000000E+00	0.000000000000000E+00	0.000000000000000E+00	0.000000000000000E+00	4.311644015924943E-05	1.345473838059914E-04	1.385430019709027E-04	1.173342818797449E-04	1.173241513220789E-04	1.173361637020933E-04	1.173260463554471E-04
DCP:CapPL	0.000000000000000E+00	0.000000000000000E+00	0.000000000000000E+00	0.000000000000000E+00	0.000000000000000E+00	0.000000000000000E+00	0.000000000000000E+00	0.000000000000000E+00	0.000000000000000E+00	0.000000000000000E+00	0.000000000000000E+00	4.291088658350199E-05	1.173342492548627E-04	1.173342818797449E-04	2.931217506194827E-04	1.295427826110374E-04	2.761106926214078E-04	1.294417464413116E-04
DCP:CapPR	0.000000000000000E+00	0.000000000000000E+00	0.000000000000000E+00	0.000000000000000E+00	0.000000000000000E+00	0.000000000000000E+00	0.000000000000000E+00	0.000000000000000E+00	0.000000000000000E+00	0.000000000000000E+00	0.000000000000000E+00	4.290984991116241E-05	1.173243785019183E-04	1.173241513220789E-04	1.295427826110374E-04	2.930529580827975E-04	1.294428484602213E-04	2.760598491390684E-04
DCP:QH_D_L	0.000000000000000E+00	0.000000000000000E+00	0.000000000000000E+00	0.000000000000000E+00	0.000000000000000E+00	0.000000000000000E+00	0.000000000000000E+00	0.000000000000000E+00	0.000000000000000E+00	0.000000000000000E+00	0.000000000000000E+00	4.291120473412750E-05	1.173361299522763E-04	1.173361637020933E-04	2.761106926214078E-04	1.294428484602213E-04	3.022500128526917E-04	1.293422742831991E-04
DCP:QH_D_R	0.000000000000000E+00	0.000000000000000E+00	0.000000000000000E+00	0.000000000000000E+00	0.000000000000000E+00	0.000000000000000E+00	0.000000000000000E+00	0.000000000000000E+00	0.000000000000000E+00	0.000000000000000E+00	0.000000000000000E+00	4.291016630546278E-05	1.173262728472489E-04	1.173260463554471E-04	1.294417464413116E-04	2.760598491390684E-04	1.293422742831991E-04	3.022230343666757E-04

DC Resistance Matrix Coupling Coefficient
	AC:QH_S_L	AC:QH_S_R	AC:QL_D_L	AC:QL_D_R	DCN:CapB1N	DCN:CapB2N	DCN:CapB3N	DCN:CapNL	DCN:CapNR	DCN:QL_S_L	DCN:QL_S_R	DCP:CapB1P	DCP:CapB2P	DCP:CapB3P	DCP:CapPL	DCP:CapPR	DCP:QH_D_L	DCP:QH_D_R	
AC:QH_S_L	1.000000000000000E+00	1.597553577450195E-01	8.981453490707169E-01	1.597477464638994E-01	0.000000000000000E+00	0.000000000000000E+00	0.000000000000000E+00	0.000000000000000E+00	0.000000000000000E+00	0.000000000000000E+00	0.000000000000000E+00	0.000000000000000E+00	0.000000000000000E+00	0.000000000000000E+00	0.000000000000000E+00	0.000000000000000E+00	0.000000000000000E+00	0.000000000000000E+00
AC:QH_S_R	1.597553577450195E-01	1.000000000000000E+00	1.597657076353914E-01	8.977225922227346E-01	0.000000000000000E+00	0.000000000000000E+00	0.000000000000000E+00	0.000000000000000E+00	0.000000000000000E+00	0.000000000000000E+00	0.000000000000000E+00	0.000000000000000E+00	0.000000000000000E+00	0.000000000000000E+00	0.000000000000000E+00	0.000000000000000E+00	0.000000000000000E+00	0.000000000000000E+00
AC:QL_D_L	8.981453490707169E-01	1.597657076353914E-01	1.000000000000000E+00	1.597580958660735E-01	0.000000000000000E+00	0.000000000000000E+00	0.000000000000000E+00	0.000000000000000E+00	0.000000000000000E+00	0.000000000000000E+00	0.000000000000000E+00	0.000000000000000E+00	0.000000000000000E+00	0.000000000000000E+00	0.000000000000000E+00	0.000000000000000E+00	0.000000000000000E+00	0.000000000000000E+00
AC:QL_D_R	1.597477464638994E-01	8.977225922227346E-01	1.597580958660735E-01	1.000000000000000E+00	0.000000000000000E+00	0.000000000000000E+00	0.000000000000000E+00	0.000000000000000E+00	0.000000000000000E+00	0.000000000000000E+00	0.000000000000000E+00	0.000000000000000E+00	0.000000000000000E+00	0.000000000000000E+00	0.000000000000000E+00	0.000000000000000E+00	0.000000000000000E+00	0.000000000000000E+00
DCN:CapB1N	0.000000000000000E+00	0.000000000000000E+00	0.000000000000000E+00	0.000000000000000E+00	1.000000000000000E+00	8.719729437928421E-01	3.862549212743552E-01	3.544993700610522E-01	3.544464111442964E-01	2.213026038655141E-01	2.213378353388820E-01	0.000000000000000E+00	0.000000000000000E+00	0.000000000000000E+00	0.000000000000000E+00	0.000000000000000E+00	0.000000000000000E+00	0.000000000000000E+00
DCN:CapB2N	0.000000000000000E+00	0.000000000000000E+00	0.000000000000000E+00	0.000000000000000E+00	8.719729437928421E-01	1.000000000000000E+00	3.869910416908685E-01	3.551762016903946E-01	3.551201932842553E-01	2.217246645781407E-01	2.217587941912052E-01	0.000000000000000E+00	0.000000000000000E+00	0.000000000000000E+00	0.000000000000000E+00	0.000000000000000E+00	0.000000000000000E+00	0.000000000000000E+00
DCN:CapB3N	0.000000000000000E+00	0.000000000000000E+00	0.000000000000000E+00	0.000000000000000E+00	3.862549212743552E-01	3.869910416908685E-01	1.000000000000000E+00	8.654458383550342E-01	8.652614111129185E-01	5.213477253862231E-01	5.214174168743916E-01	0.000000000000000E+00	0.000000000000000E+00	0.000000000000000E+00	0.000000000000000E+00	0.000000000000000E+00	0.000000000000000E+00	0.000000000000000E+00
DCN:CapNL	0.000000000000000E+00	0.000000000000000E+00	0.000000000000000E+00	0.000000000000000E+00	3.544993700610522E-01	3.551762016903946E-01	8.654458383550342E-01	1.000000000000000E+00	7.556411922155809E-01	4.885775647994030E-01	4.714640731545674E-01	0.000000000000000E+00	0.000000000000000E+00	0.000000000000000E+00	0.000000000000000E+00	0.000000000000000E+00	0.000000000000000E+00	0.000000000000000E+00
DCN:CapNR	0.000000000000000E+00	0.000000000000000E+00	0.000000000000000E+00	0.000000000000000E+00	3.544464111442964E-01	3.551201932842553E-01	8.652614111129185E-01	7.556411922155809E-01	1.000000000000000E+00	4.712969300004787E-01	4.885715452509422E-01	0.000000000000000E+00	0.000000000000000E+00	0.000000000000000E+00	0.000000000000000E+00	0.000000000000000E+00	0.000000000000000E+00	0.000000000000000E+00
DCN:QL_S_L	0.000000000000000E+00	0.000000000000000E+00	0.000000000000000E+00	0.000000000000000E+00	2.213026038655141E-01	2.217246645781407E-01	5.213477253862231E-01	4.885775647994030E-01	4.712969300004787E-01	1.000000000000000E+00	4.416934396136367E-01	0.000000000000000E+00	0.000000000000000E+00	0.000000000000000E+00	0.000000000000000E+00	0.000000000000000E+00	0.000000000000000E+00	0.000000000000000E+00
DCN:QL_S_R	0.000000000000000E+00	0.000000000000000E+00	0.000000000000000E+00	0.000000000000000E+00	2.213378353388820E-01	2.217587941912052E-01	5.214174168743916E-01	4.714640731545674E-01	4.885715452509422E-01	4.416934396136367E-01	1.000000000000000E+00	0.000000000000000E+00	0.000000000000000E+00	0.000000000000000E+00	0.000000000000000E+00	0.000000000000000E+00	0.000000000000000E+00	0.000000000000000E+00
DCP:CapB1P	0.000000000000000E+00	0.000000000000000E+00	0.000000000000000E+00	0.000000000000000E+00	0.000000000000000E+00	0.000000000000000E+00	0.000000000000000E+00	0.000000000000000E+00	0.000000000000000E+00	0.000000000000000E+00	0.000000000000000E+00	1.000000000000000E+00	4.795829932491805E-01	4.795862556732401E-01	3.281403168199133E-01	3.281709007261716E-01	3.231496366103507E-01	3.231562391561302E-01
DCP:CapB2P	0.000000000000000E+00	0.000000000000000E+00	0.000000000000000E+00	0.000000000000000E+00	0.000000000000000E+00	0.000000000000000E+00	0.000000000000000E+00	0.000000000000000E+00	0.000000000000000E+00	0.000000000000000E+00	0.000000000000000E+00	4.795829932491805E-01	1.000000000000000E+00	9.711500079184017E-01	5.822428088699115E-01	5.822621570043633E-01	5.733924277153578E-01	5.733698482346785E-01
DCP:CapB3P	0.000000000000000E+00	0.000000000000000E+00	0.000000000000000E+00	0.000000000000000E+00	0.000000000000000E+00	0.000000000000000E+00	0.000000000000000E+00	0.000000000000000E+00	0.000000000000000E+00	0.000000000000000E+00	0.000000000000000E+00	4.795862556732401E-01	9.711500079184017E-01	1.000000000000000E+00	5.822487970204940E-01	5.822668559853035E-01	5.733983303378398E-01	5.733744788331510E-01
DCP:CapPL	0.000000000000000E+00	0.000000000000000E+00	0.000000000000000E+00	0.000000000000000E+00	0.000000000000000E+00	0.000000000000000E+00	0.000000000000000E+00	0.000000000000000E+00	0.000000000000000E+00	0.000000000000000E+00	0.000000000000000E+00	3.281403168199133E-01	5.822428088699115E-01	5.822487970204940E-01	1.000000000000000E+00	4.419937659539276E-01	9.276326764096803E-01	4.348971485307828E-01
DCP:CapPR	0.000000000000000E+00	0.000000000000000E+00	0.000000000000000E+00	0.000000000000000E+00	0.000000000000000E+00	0.000000000000000E+00	0.000000000000000E+00	0.000000000000000E+00	0.000000000000000E+00	0.000000000000000E+00	0.000000000000000E+00	3.281709007261716E-01	5.822621570043633E-01	5.822668559853035E-01	4.419937659539276E-01	1.000000000000000E+00	4.349324812704910E-01	9.276121121451005E-01
DCP:QH_D_L	0.000000000000000E+00	0.000000000000000E+00	0.000000000000000E+00	0.000000000000000E+00	0.000000000000000E+00	0.000000000000000E+00	0.000000000000000E+00	0.000000000000000E+00	0.000000000000000E+00	0.000000000000000E+00	0.000000000000000E+00	3.231496366103507E-01	5.733924277153578E-01	5.733983303378398E-01	9.276326764096803E-01	4.349324812704910E-01	1.000000000000000E+00	4.279505099756166E-01
DCP:QH_D_R	0.000000000000000E+00	0.000000000000000E+00	0.000000000000000E+00	0.000000000000000E+00	0.000000000000000E+00	0.000000000000000E+00	0.000000000000000E+00	0.000000000000000E+00	0.000000000000000E+00	0.000000000000000E+00	0.000000000000000E+00	3.231562391561302E-01	5.733698482346785E-01	5.733744788331510E-01	4.348971485307828E-01	9.276121121451005E-01	4.279505099756166E-01	1.000000000000000E+00

AC Inductance Matrix
	AC:QH_S_L	AC:QH_S_R	AC:QL_D_L	AC:QL_D_R	DCN:CapB1N	DCN:CapB2N	DCN:CapB3N	DCN:CapNL	DCN:CapNR	DCN:QL_S_L	DCN:QL_S_R	DCP:CapB1P	DCP:CapB2P	DCP:CapB3P	DCP:CapPL	DCP:CapPR	DCP:QH_D_L	DCP:QH_D_R	
AC:QH_S_L	1.252796801049029E+00	3.985600880052398E-01	1.184254723647695E+00	3.707525409145392E-01	5.672577257540601E-05	-2.399217347865566E-04	-8.115135486437544E-03	5.197663414207208E-04	-2.274722042401405E-02	-1.070740487570419E-01	-1.946360423487560E-01	-7.759302651652784E-04	-9.091280310102179E-03	-9.512287807173433E-03	3.710125414252489E-02	-8.946405498264913E-02	4.645139411775256E-02	-1.102212671671891E-01
AC:QH_S_R	3.985600880052397E-01	1.254586136393460E+00	3.706651298116324E-01	1.186097040857573E+00	5.090654942794224E-05	-2.430408755806545E-04	-8.160989598029281E-03	-2.285946245631992E-02	4.563140612253938E-04	-1.955542738371426E-01	-1.070704888494362E-01	-7.743400339936929E-04	-9.084852214563576E-03	-9.508538630922570E-03	-8.967203351826251E-02	3.726280933401849E-02	-1.107008482599968E-01	4.666590455254720E-02
AC:QL_D_L	1.184254723647695E+00	3.706651298116323E-01	1.205561050498011E+00	3.459496104401608E-01	-2.133375593741565E-05	-3.255904183309864E-04	-6.195593894578608E-03	1.006795854285686E-03	-1.893046599540980E-02	-2.193108120933406E-02	-1.737649836504492E-01	-2.518923890848745E-04	-6.686893286560797E-03	-7.226316358977425E-03	4.302132102451103E-02	-8.107741122854333E-02	4.990176437606127E-02	-9.886518680041122E-02
AC:QL_D_R	3.707525409145391E-01	1.186097040857573E+00	3.459496104401608E-01	1.207404342342701E+00	-1.889843683262773E-05	-3.299496408574059E-04	-6.240539375351984E-03	-1.903531605328569E-02	9.341554854834890E-04	-1.746755173227273E-01	-2.193914190421630E-02	-2.498767149495305E-04	-6.688603482493723E-03	-7.224360964742700E-03	-8.131260455748404E-02	4.312852359557954E-02	-9.933240976928814E-02	5.001037036416533E-02
DCN:CapB1N	5.672577257540735E-05	5.090654942803808E-05	-2.133375593739584E-05	-1.889843683258796E-05	4.067098378297748E-02	3.610901716698056E-02	3.507376843463880E-02	3.379869493099895E-02	3.379349633588927E-02	3.353647582271149E-02	3.355182771892050E-02	3.938204002704530E-03	3.359802693618499E-03	3.167836356191896E-03	-1.132432377822073E-03	-1.139317827827579E-03	-1.684134786335172E-03	-1.683547135697524E-03
DCN:CapB2N	-2.399217347865549E-04	-2.430408755805852E-04	-3.255904183309947E-04	-3.299496408574914E-04	3.610901716698069E-02	3.892040766773052E-02	3.819194347275366E-02	3.762415023818571E-02	3.762742156536092E-02	3.798896409800995E-02	3.799697848831973E-02	2.390979770181871E-03	9.732136440594631E-03	9.361423214323985E-03	8.089415586625964E-03	8.088084632243416E-03	8.246786573391420E-03	8.249845975307646E-03
DCN:CapB3N	-8.115135486437582E-03	-8.160989598029288E-03	-6.195593894578606E-03	-6.240539375352061E-03	3.507376843463881E-02	3.819194347275356E-02	2.113404192525206E-01	2.148160904047555E-01	2.147765671189951E-01	2.262690812261930E-01	2.262179320547520E-01	1.013626392593306E-03	8.328941952023775E-02	9.403352955361977E-02	1.742306693521411E-01	1.742175127162651E-01	1.755120036281201E-01	1.754865500478173E-01
DCN:CapNL	5.197663414207656E-04	-2.285946245631992E-02	1.006795854285701E-03	-1.903531605328567E-02	3.379869493099900E-02	3.762415023818576E-02	2.148160904047557E-01	2.700563407255432E-01	2.218620708101283E-01	2.792546442417940E-01	2.446160294624408E-01	1.695290413656127E-03	8.409513136394839E-02	9.458520883851544E-02	2.222166834849713E-01	1.872778486583576E-01	2.231237283751839E-01	1.909788700535548E-01
DCN:CapNR	-2.274722042401400E-02	4.563140612252824E-04	-1.893046599540976E-02	9.341554854835670E-04	3.379349633588929E-02	3.762742156536102E-02	2.147765671189949E-01	2.218620708101283E-01	2.699195895887866E-01	2.446718531262044E-01	2.791100407514225E-01	1.697264005161391E-03	8.408927423989783E-02	9.457418125839111E-02	1.872818762008867E-01	2.221579904777847E-01	1.910288269391380E-01	2.230798560128889E-01
DCN:QL_S_L	-1.070740487570418E-01	-1.955542738371426E-01	-2.193108120933404E-02	-1.746755173227272E-01	3.353647582271157E-02	3.798896409800995E-02	2.262690812261927E-01	2.792546442417939E-01	2.446718531262043E-01	8.575162210593791E-01	3.841274587520302E-01	2.853812777838278E-03	9.940404955153025E-02	1.107156188907361E-01	3.232901126005245E-01	2.504215883386857E-01	3.902890151657402E-01	2.688115326878303E-01
DCN:QL_S_R	-1.946360423487561E-01	-1.070704888494363E-01	-1.737649836504492E-01	-2.193914190421629E-02	3.355182771892051E-02	3.799697848831973E-02	2.262179320547520E-01	2.446160294624409E-01	2.791100407514227E-01	3.841274587520307E-01	8.564263692547983E-01	2.851608824431838E-03	9.938231697106421E-02	1.106873307344487E-01	2.502865788945738E-01	3.230502670935509E-01	2.688452965768453E-01	3.894367865712520E-01
DCP:CapB1P	-7.759302651651178E-04	-7.743400339936391E-04	-2.518923890848007E-04	-2.498767149495041E-04	3.938204002704387E-03	2.390979770181901E-03	1.013626392593202E-03	1.695290413656242E-03	1.697264005161438E-03	2.853812777838245E-03	2.851608824431830E-03	8.889116826087337E-02	7.793665905924356E-02	7.815819150374659E-02	8.256065955196250E-02	8.256692710602750E-02	8.249540250561144E-02	8.249720009335729E-02
DCP:CapB2P	-9.091280310102163E-03	-9.084852214563463E-03	-6.686893286560741E-03	-6.688603482493762E-03	3.359802693618827E-03	9.732136440594761E-03	8.328941952023779E-02	8.409513136394822E-02	8.408927423989782E-02	9.940404955153025E-02	9.938231697106376E-02	7.793665905924325E-02	5.819120912180148E-01	5.831180725435864E-01	6.075582858772210E-01	6.075845031087719E-01	6.074953113629631E-01	6.075086601435895E-01
DCP:CapB3P	-9.512287807173484E-03	-9.508538630922877E-03	-7.226316358977357E-03	-7.224360964742569E-03	3.167836356191756E-03	9.361423214323809E-03	9.403352955361954E-02	9.458520883851551E-02	9.457418125839140E-02	1.107156188907363E-01	1.106873307344485E-01	7.815819150374666E-02	5.831180725435864E-01	5.916614418865477E-01	6.182975374703213E-01	6.183201139451879E-01	6.184708335788893E-01	6.184830863999856E-01
DCP:CapPL	3.710125414252489E-02	-8.967203351826261E-02	4.302132102451096E-02	-8.131260455748382E-02	-1.132432377822135E-03	8.089415586625995E-03	1.742306693521407E-01	2.222166834849715E-01	1.872818762008869E-01	3.232901126005248E-01	2.502865788945735E-01	8.256065955196247E-02	6.075582858772218E-01	6.182975374703210E-01	1.445622037419917E+00	8.419861035961473E-01	1.450520599553668E+00	8.523956194292430E-01
DCP:CapPR	-8.946405498264901E-02	3.726280933401834E-02	-8.107741122854333E-02	4.312852359557982E-02	-1.139317827827561E-03	8.088084632243650E-03	1.742175127162651E-01	1.872778486583578E-01	2.221579904777843E-01	2.504215883386857E-01	3.230502670935505E-01	8.256692710602720E-02	6.075845031087724E-01	6.183201139451877E-01	8.419861035961468E-01	1.445693940830142E+00	8.525111521924508E-01	1.450478999580733E+00
DCP:QH_D_L	4.645139411775260E-02	-1.107008482599968E-01	4.990176437606127E-02	-9.933240976928827E-02	-1.684134786335057E-03	8.246786573391339E-03	1.755120036281201E-01	2.231237283751838E-01	1.910288269391379E-01	3.902890151657404E-01	2.688452965768451E-01	8.249540250561156E-02	6.074953113629623E-01	6.184708335788899E-01	1.450520599553668E+00	8.525111521924502E-01	1.527892267661205E+00	8.653896229034630E-01
DCP:QH_D_R	-1.102212671671893E-01	4.666590455254736E-02	-9.886518680041113E-02	5.001037036416520E-02	-1.683547135697533E-03	8.249845975307412E-03	1.754865500478169E-01	1.909788700535547E-01	2.230798560128893E-01	2.688115326878304E-01	3.894367865712519E-01	8.249720009335762E-02	6.075086601435893E-01	6.184830863999858E-01	8.523956194292437E-01	1.450478999580733E+00	8.653896229034622E-01	1.527361596878115E+00

AC Inductance Matrix Coupling Coefficient
	AC:QH_S_L	AC:QH_S_R	AC:QL_D_L	AC:QL_D_R	DCN:CapB1N	DCN:CapB2N	DCN:CapB3N	DCN:CapNL	DCN:CapNR	DCN:QL_S_L	DCN:QL_S_R	DCP:CapB1P	DCP:CapB2P	DCP:CapB3P	DCP:CapPL	DCP:CapPR	DCP:QH_D_L	DCP:QH_D_R	
AC:QH_S_L	1.000000000000000E+00	3.179093097744101E-01	9.636297593635467E-01	3.014515015838535E-01	2.513030518707612E-04	1.086527154807694E-03	1.577117950360679E-02	8.935948253631685E-04	3.911747518026663E-02	1.033053313218675E-01	1.879048249996420E-01	2.325161198449671E-03	1.064770572856623E-02	1.104861983104467E-02	2.756899232532953E-02	6.647679615827316E-02	3.357469439817293E-02	7.968088487050790E-02
AC:QH_S_R	3.179093097744101E-01	1.000000000000000E+00	3.013955845892383E-01	9.637038935653327E-01	2.253622031172200E-04	1.099867549364667E-03	1.584897936359966E-02	3.927250306722950E-02	7.841450534127630E-04	1.885366985015564E-01	1.032938650398615E-01	2.318740588187318E-03	1.063258673749614E-02	1.103638645241564E-02	6.658545877374679E-02	2.766859916911206E-02	7.995660402257243E-02	3.371153384564178E-02
AC:QL_D_L	9.636297593635467E-01	3.013955845892382E-01	1.000000000000000E+00	2.867423730219541E-01	9.634526584824015E-05	1.503101545344879E-03	1.227430912514176E-02	1.764491721504775E-03	3.318558655332502E-02	2.156970805101411E-02	1.710104478540384E-01	7.694690115379055E-04	7.983642800655550E-03	8.556294665720089E-03	3.258830390014374E-02	6.141395816903553E-02	3.676841684024975E-02	7.285810206081693E-02
AC:QL_D_R	3.014515015838534E-01	9.637038935653325E-01	2.867423730219541E-01	1.000000000000000E+00	8.528196095331803E-05	1.522062909564862E-03	1.235391129757279E-02	3.333546641711507E-02	1.636347733286794E-03	1.716660836667250E-01	2.157487335830512E-02	7.627287451574963E-04	7.979586617239420E-03	8.547447399348354E-03	6.154660839772448E-02	3.264375007801169E-02	7.313381657721219E-02	3.682669718458020E-02
DCN:CapB1N	2.513030518707672E-04	2.253622031176443E-04	9.634526584815066E-05	8.528196095313858E-05	1.000000000000000E+00	9.075794184478225E-01	3.783108605676013E-01	3.225005079942602E-01	3.225325763886606E-01	1.795783232001691E-01	1.797748060855357E-01	6.549777748289091E-02	2.183950267723538E-02	2.042131790466492E-02	4.670276131375710E-03	4.698555638607112E-03	6.755976669134376E-03	6.754792430476034E-03
DCN:CapB2N	1.086527154807687E-03	1.099867549364354E-03	1.503101545344917E-03	1.522062909565256E-03	9.075794184478255E-01	1.000000000000000E+00	4.211063460451843E-01	3.669871183551001E-01	3.671119878397483E-01	2.079445722032742E-01	2.081207380462612E-01	4.064975237139941E-02	6.466820524484278E-02	6.169025356650974E-02	3.410366684962220E-02	3.409720779592583E-02	3.381813849527295E-02	3.383656098871324E-02
DCN:CapB3N	1.577117950360686E-02	1.584897936359967E-02	1.227430912514175E-02	1.235391129757294E-02	3.783108605676015E-01	4.211063460451833E-01	1.000000000000000E+00	8.991835157990190E-01	8.992457869486540E-01	5.315116144460716E-01	5.317294693886642E-01	7.395325957411053E-03	2.375034170557842E-01	2.659223386894632E-01	3.152143226924360E-01	3.151826816977384E-01	3.088653396818896E-01	3.088741906483736E-01
DCN:CapNL	8.935948253632456E-04	3.927250306722950E-02	1.764491721504802E-03	3.333546641711504E-02	3.225005079942607E-01	3.669871183551006E-01	8.991835157990195E-01	1.000000000000000E+00	8.217480279013002E-01	5.802992953165607E-01	5.086425734580888E-01	1.094177071526761E-02	2.121362919796699E-01	2.366243336477269E-01	3.556494097166402E-01	2.997236702260086E-01	3.473539184838456E-01	2.973631829496065E-01
DCN:CapNR	3.911747518026655E-02	7.841450534125714E-04	3.318558655332495E-02	1.636347733286930E-03	3.225325763886610E-01	3.671119878397494E-01	8.992457869486530E-01	8.217480279013004E-01	1.000000000000000E+00	5.085640263936512E-01	5.805147277738733E-01	1.095728332737917E-02	2.121752443991996E-01	2.366566725836418E-01	2.998134893944814E-01	3.556366867247243E-01	2.974646344078750E-01	3.474339226353926E-01
DCN:QL_S_L	1.033053313218674E-01	1.885366985015564E-01	2.156970805101410E-02	1.716660836667249E-01	1.795783232001695E-01	2.079445722032742E-01	5.315116144460710E-01	5.802992953165605E-01	5.085640263936509E-01	1.000000000000000E+00	4.482385099490532E-01	1.033653546709521E-02	1.407194777065107E-01	1.554358119842590E-01	2.903647353733156E-01	2.249118891113876E-01	3.409720569557597E-01	2.348852750386364E-01
DCN:QL_S_R	1.879048249996421E-01	1.032938650398616E-01	1.710104478540384E-01	2.157487335830511E-02	1.797748060855358E-01	2.081207380462612E-01	5.317294693886641E-01	5.086425734580889E-01	5.805147277738736E-01	4.482385099490537E-01	1.000000000000000E+00	1.033512247731663E-02	1.407782011643559E-01	1.554949414902925E-01	2.249392105922820E-01	2.903266538535696E-01	2.350233763588727E-01	3.405030640213497E-01
DCP:CapB1P	2.325161198449189E-03	2.318740588187157E-03	7.694690115376798E-04	7.627287451574156E-04	6.549777748288854E-02	4.064975237139993E-02	7.395325957410295E-03	1.094177071526836E-02	1.095728332737948E-02	1.033653546709509E-02	1.033512247731661E-02	1.000000000000000E+00	3.426760776074774E-01	3.408070428222841E-01	2.303119469672408E-01	2.303237030580650E-01	2.238484401106574E-01	2.238922025372471E-01
DCP:CapB2P	1.064770572856621E-02	1.063258673749601E-02	7.983642800655482E-03	7.979586617239466E-03	2.183950267723751E-02	6.466820524484364E-02	2.375034170557843E-01	2.121362919796695E-01	2.121752443991996E-01	1.407194777065107E-01	1.407782011643552E-01	3.426760776074760E-01	1.000000000000000E+00	9.937821167454784E-01	6.624176223137598E-01	6.624297328208901E-01	6.442699467197429E-01	6.443960197815252E-01
DCP:CapB3P	1.104861983104473E-02	1.103638645241599E-02	8.556294665720008E-03	8.547447399348200E-03	2.042131790466402E-02	6.169025356650859E-02	2.659223386894626E-01	2.366243336477271E-01	2.366566725836426E-01	1.554358119842593E-01	1.554949414902922E-01	3.408070428222844E-01	9.937821167454784E-01	1.000000000000000E+00	6.685493993888024E-01	6.685571843694962E-01	6.504834078176209E-01	6.506092901667182E-01
DCP:CapPL	2.756899232532954E-02	6.658545877374686E-02	3.258830390014369E-02	6.154660839772430E-02	4.670276131375968E-03	3.410366684962232E-02	3.152143226924353E-01	3.556494097166404E-01	2.998134893944817E-01	2.903647353733158E-01	2.249392105922818E-01	2.303119469672407E-01	6.624176223137607E-01	6.685493993888021E-01	1.000000000000000E+00	5.824241350238838E-01	9.760007564088062E-01	5.736445815336946E-01
DCP:CapPR	6.647679615827308E-02	2.766859916911195E-02	6.141395816903553E-02	3.264375007801191E-02	4.698555638607037E-03	3.409720779592681E-02	3.151826816977384E-01	2.997236702260088E-01	3.556366867247236E-01	2.249118891113876E-01	2.903266538535693E-01	2.303237030580642E-01	6.624297328208908E-01	6.685571843694960E-01	5.824241350238835E-01	1.000000000000000E+00	5.736084257057527E-01	9.761180228446046E-01
DCP:QH_D_L	3.357469439817296E-02	7.995660402257240E-02	3.676841684024975E-02	7.313381657721228E-02	6.755976669133917E-03	3.381813849527261E-02	3.088653396818897E-01	3.473539184838453E-01	2.974646344078748E-01	3.409720569557599E-01	2.350233763588725E-01	2.238484401106578E-01	6.442699467197421E-01	6.504834078176215E-01	9.760007564088065E-01	5.736084257057522E-01	1.000000000000000E+00	5.664927854286596E-01
DCP:QH_D_R	7.968088487050802E-02	3.371153384564189E-02	7.285810206081686E-02	3.682669718458011E-02	6.754792430476070E-03	3.383656098871228E-02	3.088741906483728E-01	2.973631829496063E-01	3.474339226353932E-01	2.348852750386365E-01	3.405030640213496E-01	2.238922025372480E-01	6.443960197815248E-01	6.506092901667184E-01	5.736445815336950E-01	9.761180228446046E-01	5.664927854286591E-01	1.000000000000000E+00

AC Resistance Matrix
	AC:QH_S_L	AC:QH_S_R	AC:QL_D_L	AC:QL_D_R	DCN:CapB1N	DCN:CapB2N	DCN:CapB3N	DCN:CapNL	DCN:CapNR	DCN:QL_S_L	DCN:QL_S_R	DCP:CapB1P	DCP:CapB2P	DCP:CapB3P	DCP:CapPL	DCP:CapPR	DCP:QH_D_L	DCP:QH_D_R	
AC:QH_S_L	6.378732568128174E-04	6.624492672472360E-05	5.847587255350151E-04	5.927765137080379E-05	-1.055597404317052E-06	-5.648057156925491E-07	-8.378686653550917E-06	-8.753626199704732E-06	-1.136185563963762E-05	-9.874378435724666E-05	-1.534249422112464E-04	-8.723618495354640E-07	-8.946464706092457E-06	-8.634337243577068E-06	-2.612637257556944E-05	-3.087826992141717E-05	-2.756416256711806E-05	-3.511684063290949E-05
AC:QH_S_R	6.624492672472346E-05	6.394277395213860E-04	5.923338347867866E-05	5.861198919990753E-04	-1.062690715767145E-06	-5.563598991008352E-07	-8.539281797854214E-06	-1.171383854629757E-05	-8.920566870896472E-06	-1.552258341289927E-04	-9.897306223371641E-05	-8.460218794893812E-07	-9.045354851492631E-06	-8.745073817734631E-06	-3.149036973608569E-05	-2.604407322720153E-05	-3.576530474035265E-05	-2.741831485920625E-05
AC:QL_D_L	5.847587255350151E-04	5.923338347867815E-05	5.994036635037208E-04	5.078490357926598E-05	1.066241438012322E-06	1.228280210624872E-06	-5.750061166523592E-06	-6.084246094574504E-06	-8.306980715604383E-06	-5.550759053460351E-05	-1.395111929962143E-04	3.564696961443650E-07	-6.357458063009331E-06	-6.615034943161955E-06	-1.630512580122635E-05	-2.790814431221467E-05	-2.383003136044014E-05	-3.058339949171129E-05
AC:QL_D_R	5.927765137080385E-05	5.861198919990752E-04	5.078490357926564E-05	6.006909978282156E-04	1.090168998129135E-06	1.247992236732129E-06	-5.841713272742286E-06	-8.580197678457124E-06	-6.177680558757551E-06	-1.413150084278373E-04	-5.584660716700542E-05	3.587887725009482E-07	-6.473804354829850E-06	-6.735039238277807E-06	-2.855509937899235E-05	-1.617528762603285E-05	-3.123071638508859E-05	-2.371245301429709E-05
DCN:CapB1N	-1.055597404316922E-06	-1.062690715767262E-06	1.066241438012108E-06	1.090168998129346E-06	5.989680552113155E-05	5.084751942950816E-05	4.544026024912497E-05	3.999101512062449E-05	3.993462935813670E-05	4.292427255931417E-05	4.293628188955086E-05	3.223551561334480E-06	1.121475389414098E-06	6.265759065088598E-07	-8.608760977619036E-06	-8.632722637207846E-06	-1.306768234342333E-05	-1.308332881368970E-05
DCN:CapB2N	-5.648057156922819E-07	-5.563598991007353E-07	1.228280210624782E-06	1.247992236731935E-06	5.084751942950825E-05	5.423965199213259E-05	4.635348645260866E-05	4.112395527001942E-05	4.107417998288335E-05	4.446217668594239E-05	4.447457230052581E-05	2.995492552490733E-07	1.323851732678614E-05	1.211544745797932E-05	5.421044852553871E-06	5.414756579886380E-06	2.224345719839923E-06	2.232175793285717E-06
DCN:CapB3N	-8.378686653551498E-06	-8.539281797854143E-06	-5.750061166523182E-06	-5.841713272742482E-06	4.544026024912513E-05	4.635348645260866E-05	2.500568695438449E-04	2.488421968840526E-04	2.486610004195022E-04	2.701356642888870E-04	2.699126813462037E-04	-3.473596782479644E-06	7.179243817079695E-05	8.125613991287947E-05	1.629107011118127E-04	1.628092156835541E-04	1.634841964196690E-04	1.634346969115494E-04
DCN:CapNL	-8.753626199704577E-06	-1.171383854629751E-05	-6.084246094574169E-06	-8.580197678456933E-06	3.999101512062415E-05	4.112395527001945E-05	2.488421968840525E-04	2.944721076545432E-04	2.552499426083183E-04	2.950012094171994E-04	2.845519329216596E-04	-7.920353017823936E-08	7.025418255695203E-05	7.970006616385135E-05	2.019287305458912E-04	1.735179569226914E-04	2.040222434840216E-04	1.771602109419022E-04
DCN:CapNR	-1.136185563963696E-05	-8.920566870896543E-06	-8.306980715605125E-06	-6.177680558757680E-06	3.993462935813671E-05	4.107417998288313E-05	2.486610004195019E-04	2.552499426083179E-04	2.941175349820738E-04	2.846548742409048E-04	2.943499837424864E-04	-4.715150506600833E-08	7.018988213418846E-05	7.962583732470328E-05	1.734925984192396E-04	2.015788054912257E-04	1.771108398429615E-04	2.037573525524203E-04
DCN:QL_S_L	-9.874378435724646E-05	-1.552258341289927E-04	-5.550759053460358E-05	-1.413150084278371E-04	4.292427255931402E-05	4.446217668594209E-05	2.701356642888867E-04	2.950012094171994E-04	2.846548742409052E-04	9.936392047745445E-04	4.946242161751674E-04	1.755561999749350E-06	8.988076911392195E-05	9.950232487018393E-05	3.071201970416421E-04	2.410848787355317E-04	3.392821719488407E-04	2.547882001293131E-04
DCN:QL_S_R	-1.534249422112464E-04	-9.897306223371651E-05	-1.395111929962142E-04	-5.584660716700571E-05	4.293628188955073E-05	4.447457230052560E-05	2.699126813462039E-04	2.845519329216599E-04	2.943499837424869E-04	4.946242161751679E-04	9.910457409016069E-04	1.766361789358883E-06	8.976332298931444E-05	9.935753261581945E-05	2.407590064165543E-04	3.066759761038941E-04	2.545422956356301E-04	3.387374952123363E-04
DCP:CapB1P	-8.723618495357461E-07	-8.460218794899818E-07	3.564696961444039E-07	3.587887725011557E-07	3.223551561334914E-06	2.995492552489763E-07	-3.473596782479346E-06	-7.920353017789377E-08	-4.715150506573050E-08	1.755561999749672E-06	1.766361789359330E-06	9.818835274608633E-05	8.504906172530970E-05	8.587865663629049E-05	9.310378675961853E-05	9.314305621002821E-05	9.530354267246071E-05	9.532533221031267E-05
DCP:CapB2P	-8.946464706091870E-06	-9.045354851492244E-06	-6.357458063010090E-06	-6.473804354830109E-06	1.121475389414068E-06	1.323851732678643E-05	7.179243817079584E-05	7.025418255695209E-05	7.018988213418897E-05	8.988076911392186E-05	8.976332298931479E-05	8.504906172531046E-05	3.361678973443015E-04	3.357613432676274E-04	3.564797030888492E-04	3.564018231792627E-04	3.550859282150380E-04	3.549908826403474E-04
DCP:CapB3P	-8.634337243577857E-06	-8.745073817735136E-06	-6.615034943161664E-06	-6.735039238277512E-06	6.265759065087243E-07	1.211544745797931E-05	8.125613991288025E-05	7.970006616385142E-05	7.962583732470322E-05	9.950232487018453E-05	9.935753261581910E-05	8.587865663628924E-05	3.357613432676294E-04	3.456047302357025E-04	3.686497735196083E-04	3.685668892899171E-04	3.680626174113153E-04	3.679768514019017E-04
DCP:CapPL	-2.612637257557011E-05	-3.149036973608659E-05	-1.630512580122603E-05	-2.855509937899180E-05	-8.608760977619138E-06	5.421044852554236E-06	1.629107011118120E-04	2.019287305458913E-04	1.734925984192405E-04	3.071201970416427E-04	2.407590064165536E-04	9.310378675961758E-05	3.564797030888510E-04	3.686497735196088E-04	8.327186194626789E-04	4.302969278730231E-04	8.327520224590246E-04	4.406103140022324E-04
DCP:CapPR	-3.087826992141669E-05	-2.604407322720199E-05	-2.790814431221560E-05	-1.617528762603254E-05	-8.632722637207636E-06	5.414756579885580E-06	1.628092156835549E-04	1.735179569226910E-04	2.015788054912254E-04	2.410848787355323E-04	3.066759761038937E-04	9.314305621002760E-05	3.564018231792605E-04	3.685668892899189E-04	4.302969278730227E-04	8.322123640406101E-04	4.406872275997098E-04	8.323797379942011E-04
DCP:QH_D_L	-2.756416256711755E-05	-3.576530474035267E-05	-2.383003136044115E-05	-3.123071638508925E-05	-1.306768234342361E-05	2.224345719839357E-06	1.634841964196691E-04	2.040222434840216E-04	1.771108398429612E-04	3.392821719488407E-04	2.545422956356294E-04	9.530354267246083E-05	3.550859282150364E-04	3.680626174113155E-04	8.327520224590246E-04	4.406872275997080E-04	9.025410014721419E-04	4.521674666692515E-04
DCP:QH_D_R	-3.511684063291050E-05	-2.741831485920631E-05	-3.058339949171050E-05	-2.371245301429753E-05	-1.308332881369025E-05	2.232175793285859E-06	1.634346969115488E-04	1.771602109419024E-04	2.037573525524213E-04	2.547882001293133E-04	3.387374952123356E-04	9.532533221031210E-05	3.549908826403495E-04	3.679768514019004E-04	4.406103140022331E-04	8.323797379942010E-04	4.521674666692501E-04	9.025160260610712E-04

AC Resistance Matrix Coupling Coefficient
	AC:QH_S_L	AC:QH_S_R	AC:QL_D_L	AC:QL_D_R	DCN:CapB1N	DCN:CapB2N	DCN:CapB3N	DCN:CapNL	DCN:CapNR	DCN:QL_S_L	DCN:QL_S_R	DCP:CapB1P	DCP:CapB2P	DCP:CapB3P	DCP:CapPL	DCP:CapPR	DCP:QH_D_L	DCP:QH_D_R	
AC:QH_S_L	1.000000000000000E+00	1.037264919900339E-01	9.456922220645794E-01	9.576310723183058E-02	5.400441749151157E-03	3.036501070571692E-03	2.097922094173996E-02	2.019755119643863E-02	2.623140851480188E-02	1.240304190482179E-01	1.929665007361378E-01	3.485776038966612E-03	1.931995617143277E-02	1.838958680826497E-02	3.584782252495564E-02	4.238075410937192E-02	3.632822135069910E-02	4.628292291311043E-02
AC:QH_S_R	1.037264919900337E-01	1.000000000000000E+00	9.567778395801117E-02	9.457256382582209E-01	5.430118654982290E-03	2.987456815035290E-03	2.135532642599286E-02	2.699488085399010E-02	2.057009313314529E-02	1.947394354134062E-01	1.243295670850450E-01	3.376415390744257E-03	1.950975221896846E-02	1.860278232584629E-02	4.315517535575732E-02	3.570229132858476E-02	4.707959553654341E-02	3.609254957913036E-02
AC:QL_D_L	9.456922220645794E-01	9.567778395801035E-02	1.000000000000000E+00	8.463487828755129E-02	5.627221754108677E-03	6.812073278768299E-03	1.485228837791086E-02	1.448188162141142E-02	1.978440742791385E-02	7.192474323365858E-02	1.810099741163020E-01	1.469375967279081E-03	1.416268802594065E-02	1.453391470624389E-02	2.307891138767016E-02	3.951428989151556E-02	3.239898815758259E-02	4.158135140924362E-02
AC:QL_D_R	9.576310723183067E-02	9.457256382582206E-01	8.463487828755072E-02	1.000000000000000E+00	5.747333986724992E-03	6.913976114043099E-03	1.507284662851020E-02	2.040091514681345E-02	1.469736322039697E-02	1.829145983322802E-01	7.238096721329285E-02	1.477349656309055E-03	1.440641395952802E-02	1.478171176497492E-02	4.037466914202014E-02	2.287754236889819E-02	4.241533626192004E-02	3.220501163359260E-02
DCN:CapB1N	5.400441749150493E-03	5.430118654982891E-03	5.627221754107546E-03	5.747333986726104E-03	1.000000000000000E+00	8.920916889977696E-01	3.712954136097986E-01	3.011192468561219E-01	3.008758768041883E-01	1.759489802793237E-01	1.762283412542590E-01	4.203420169185689E-02	7.903324216011734E-03	4.354938454017916E-03	3.854691992399272E-02	3.866596694473284E-02	5.620348792062854E-02	5.627156124222044E-02
DCN:CapB2N	3.036501070570255E-03	2.987456815034754E-03	6.812073278767797E-03	6.913976114042023E-03	8.920916889977711E-01	1.000000000000000E+00	3.980196951785305E-01	3.253976023135630E-01	3.251995948713691E-01	1.915216672250001E-01	1.918255638209397E-01	4.104684769430461E-03	9.803988250821999E-02	8.848938409425097E-02	2.550794169353337E-02	2.548610151578167E-02	1.005334001410613E-02	1.008886906488605E-02
DCN:CapB3N	2.097922094174141E-02	2.135532642599268E-02	1.485228837790980E-02	1.507284662851070E-02	3.712954136097999E-01	3.980196951785305E-01	1.000000000000000E+00	9.170279009489479E-01	9.169123511405116E-01	5.419362112991908E-01	5.421969183162924E-01	2.216817911315903E-02	2.476174170002291E-01	2.764056736069438E-01	3.570105745653019E-01	3.568966794230463E-01	3.441302988887467E-01	3.440308637159271E-01
DCN:CapNL	2.019755119643827E-02	2.699488085398997E-02	1.448188162141062E-02	2.040091514681299E-02	3.011192468561193E-01	3.253976023135632E-01	9.170279009489475E-01	1.000000000000000E+00	8.673274907789706E-01	5.453651156368003E-01	5.267355227734906E-01	4.657924764649421E-04	2.232913933039769E-01	2.498312497960608E-01	4.077809139220949E-01	3.505139130329518E-01	3.957509501355708E-01	3.436502349012966E-01
DCN:CapNR	2.623140851480037E-02	2.057009313314545E-02	1.978440742791562E-02	1.469736322039727E-02	3.008758768041884E-01	3.251995948713673E-01	9.169123511405106E-01	8.673274907789692E-01	1.000000000000000E+00	5.265550796703408E-01	5.452010802963416E-01	2.774630232567044E-04	2.232214554637283E-01	2.497489750436973E-01	3.505672606580130E-01	4.074434370514038E-01	3.437567331498230E-01	3.954807682964020E-01
DCN:QL_S_L	1.240304190482176E-01	1.947394354134062E-01	7.192474323365868E-02	1.829145983322799E-01	1.759489802793231E-01	1.915216672249989E-01	5.419362112991902E-01	5.453651156368003E-01	5.265550796703415E-01	1.000000000000000E+00	4.984414675536391E-01	5.620459533773675E-03	1.555157223260123E-01	1.697966157065432E-01	3.376329945883563E-01	2.651175821470480E-01	3.582722820965639E-01	2.690527840813653E-01
DCN:QL_S_R	1.929665007361379E-01	1.243295670850451E-01	1.810099741163018E-01	7.238096721329322E-02	1.762283412542585E-01	1.918255638209388E-01	5.421969183162928E-01	5.267355227734911E-01	5.452010802963427E-01	4.984414675536396E-01	1.000000000000000E+00	5.662429716902389E-03	1.555155973814667E-01	1.697712355137965E-01	2.650248240696713E-01	3.376881529597971E-01	2.691408604641887E-01	3.581697970793717E-01
DCP:CapB1P	3.485776038967739E-03	3.376415390746654E-03	1.469375967279241E-03	1.477349656309910E-03	4.203420169186255E-02	4.104684769429132E-03	2.216817911315713E-02	4.657924764629097E-04	2.774630232550696E-04	5.620459533774706E-03	5.662429716903823E-03	1.000000000000000E+00	4.681245535081479E-01	4.661926436912086E-01	3.256028670257141E-01	3.258392631341022E-01	3.201441625577319E-01	3.202217887599774E-01
DCP:CapB2P	1.931995617143151E-02	1.950975221896763E-02	1.416268802594234E-02	1.440641395952860E-02	7.903324216011519E-03	9.803988250822217E-02	2.476174170002252E-01	2.232913933039771E-01	2.232214554637299E-01	1.555157223260121E-01	1.555155973814673E-01	4.681245535081521E-01	1.000000000000000E+00	9.850601171307328E-01	6.737636096668997E-01	6.738212705656247E-01	6.446468616703689E-01	6.444832267829268E-01
DCP:CapB3P	1.838958680826665E-02	1.860278232584736E-02	1.453391470624325E-02	1.478171176497427E-02	4.354938454016974E-03	8.848938409425090E-02	2.764056736069465E-01	2.498312497960610E-01	2.497489750436971E-01	1.697966157065442E-01	1.697712355137959E-01	4.661926436912018E-01	9.850601171307388E-01	1.000000000000000E+00	6.871870943649935E-01	6.872415304961736E-01	6.590197058231285E-01	6.588752573162294E-01
DCP:CapPL	3.584782252495655E-02	4.315517535575856E-02	2.307891138766971E-02	4.037466914201936E-02	3.854691992399318E-02	2.550794169353509E-02	3.570105745653002E-01	4.077809139220950E-01	3.505672606580148E-01	3.376329945883570E-01	2.650248240696707E-01	3.256028670257108E-01	6.737636096669031E-01	6.871870943649944E-01	1.000000000000000E+00	5.168946365090953E-01	9.605790002821810E-01	5.082507873619087E-01
DCP:CapPR	4.238075410937125E-02	3.570229132858539E-02	3.951428989151688E-02	2.287754236889775E-02	3.866596694473189E-02	2.548610151577791E-02	3.568966794230481E-01	3.505139130329509E-01	4.074434370514032E-01	2.651175821470486E-01	3.376881529597967E-01	3.258392631341001E-01	6.738212705656207E-01	6.872415304961769E-01	5.168946365090947E-01	1.000000000000000E+00	5.084870669835404E-01	9.604548564580901E-01
DCP:QH_D_L	3.632822135069843E-02	4.707959553654344E-02	3.239898815758396E-02	4.241533626192093E-02	5.620348792062974E-02	1.005334001410357E-02	3.441302988887469E-01	3.957509501355709E-01	3.437567331498225E-01	3.582722820965639E-01	2.691408604641879E-01	3.201441625577323E-01	6.446468616703659E-01	6.590197058231291E-01	9.605790002821810E-01	5.084870669835382E-01	1.000000000000000E+00	5.010007548963316E-01
DCP:QH_D_R	4.628292291311176E-02	3.609254957913044E-02	4.158135140924255E-02	3.220501163359320E-02	5.627156124222282E-02	1.008886906488669E-02	3.440308637159257E-01	3.436502349012972E-01	3.954807682964039E-01	2.690527840813656E-01	3.581697970793710E-01	3.202217887599754E-01	6.444832267829307E-01	6.588752573162271E-01	5.082507873619094E-01	9.604548564580900E-01	5.010007548963300E-01	1.000000000000000E+00

