Design Variation:  h_23='1.2mm' h_34='0.10000000000000001mm' h_diel='0.10000000000000001mm' r_anti='0.34999999999999998mm' t_L1='0.070000000000000007mm' t_L2='0.070000000000000007mm' t_L3='0.070000000000000007mm' t_L4='0.070000000000000007mm' t_pad='0.035000000000000003mm' via_r='0.14999999999999999mm' z_L1='0.17000000000000001mm' z_L3b='-1.2699999999999998mm' z_L3t='-1.2mm' z_L4b='-1.4399999999999999mm' z_L4t='-1.3699999999999999mm' z_top='0.24000000000000002mm'
Setup1:Sweep1
Problem Type:  DC RL, AC RL
R Units:ohm, L Units:nH
Reduce Matrix:  Original
Frequency:  100kHz

DC Inductance Matrix
	AC:QH_S_L	AC:QH_S_R	AC:QL_D_L	AC:QL_D_R	DCN:CapB1N	DCN:CapB2N	DCN:CapB3N	DCN:CapNL	DCN:CapNR	DCN:QL_S_L	DCN:QL_S_R	DCP:CapB1P	DCP:CapB2P	DCP:CapB3P	DCP:CapPL	DCP:CapPR	DCP:QH_D_L	DCP:QH_D_R	
AC:QH_S_L	2.616060046052188E+00	5.507061337262714E-01	2.325732313709410E+00	4.254552557118878E-01	1.436894410584490E-02	-1.423891776769946E-02	-3.298237319602008E-01	-3.857115001772160E-01	-4.425242114289178E-01	-1.105204720633256E+00	-1.660272498423622E+00	-2.307408127643835E-02	-2.777483469233012E-01	-3.142243200735677E-01	-4.674899195054016E-01	-8.404769308405093E-01	-5.914954385302269E-01	-9.320880503163694E-01
AC:QH_S_R	5.507061337262714E-01	2.607854417434932E+00	4.258574110693559E-01	2.316772245826313E+00	1.442398351164451E-02	-1.417719602672969E-02	-3.296236253990040E-01	-4.420579934257641E-01	-3.857027570462644E-01	-1.657585515981295E+00	-1.108122318905317E+00	-2.298404181186539E-02	-2.775844970104727E-01	-3.140496307062182E-01	-8.392366090678973E-01	-4.679434877698012E-01	-9.308772356493148E-01	-5.920900611408673E-01
AC:QL_D_L	2.325732313709410E+00	4.258574110693559E-01	2.224774331578053E+00	3.185334324495775E-01	1.152939691990505E-02	-1.027303059988345E-02	-2.482531214863168E-01	-2.791477667102878E-01	-3.443416842963421E-01	-6.242763261003815E-01	-1.382119912604517E+00	-1.708881796908541E-02	-2.099823720470943E-01	-2.375468265544434E-01	-2.886105549858606E-01	-6.923603611389764E-01	-3.661896607229181E-01	-7.684534970170481E-01
AC:QL_D_R	4.254552557118878E-01	2.316772245826313E+00	3.185334324495775E-01	2.215583663922452E+00	1.157908690589017E-02	-1.020678570615810E-02	-2.479345334252193E-01	-3.437399971463886E-01	-2.789720602821103E-01	-1.379026193494250E+00	-6.265140182355217E-01	-1.698685880563770E-02	-2.097332230892382E-01	-2.372745822016784E-01	-6.908941974325242E-01	-2.888573807541508E-01	-7.669815852396464E-01	-3.665335302584896E-01
DCN:CapB1N	1.436894410584490E-02	1.442398351164451E-02	1.152939691990505E-02	1.157908690589017E-02	1.152496782290188E-01	1.026900224817094E-01	5.669613769951823E-02	5.046057237218788E-02	5.046756072802659E-02	2.946098007442072E-02	2.949346539416656E-02	3.569424845152278E-02	-1.722546879902566E-04	-5.911347336558180E-03	-3.003135806895981E-02	-2.995040237344039E-02	-3.334872735201377E-02	-3.327646963522808E-02
DCN:CapB2N	-1.423891776769946E-02	-1.417719602672969E-02	-1.027303059988345E-02	-1.020678570615810E-02	1.026900224817094E-01	1.128982453199248E-01	1.415769650751525E-01	1.447804501058822E-01	1.447987070332291E-01	1.712946587783732E-01	1.713369867756707E-01	4.083499407187202E-02	9.319846075965192E-02	9.569543973212877E-02	1.152652762098883E-01	1.153410091271787E-01	1.197113541189828E-01	1.197783156105349E-01
DCN:CapB3N	-3.298237319602008E-01	-3.296236253990040E-01	-2.482531214863168E-01	-2.479345334252193E-01	5.669613769951823E-02	1.415769650751525E-01	1.115820002882194E+00	1.250266114216238E+00	1.250351987439570E+00	1.838061057536232E+00	1.838240296710670E+00	9.539629013035843E-02	7.929977083604034E-01	9.075652713196989E-01	1.524275547536790E+00	1.524255338641548E+00	1.623924473642010E+00	1.623873379433443E+00
DCN:CapNL	-3.857115001772160E-01	-4.420579934257641E-01	-2.791477667102878E-01	-3.437399971463886E-01	5.046057237218788E-02	1.447804501058822E-01	1.250266114216238E+00	1.517827931713311E+00	1.394978567384814E+00	2.276496973597894E+00	2.123967011701221E+00	1.021031947671087E-01	8.861806621608168E-01	1.015283987559125E+00	1.880368418652557E+00	1.690735066999155E+00	2.025567315762628E+00	1.807023789630547E+00
DCN:CapNR	-4.425242114289178E-01	-3.857027570462644E-01	-3.443416842963421E-01	-2.789720602821103E-01	5.046756072802659E-02	1.447987070332291E-01	1.250351987439570E+00	1.394978567384814E+00	1.518195484488156E+00	2.123939280255455E+00	2.277065907886919E+00	1.021379876511444E-01	8.862513416939594E-01	1.015365928692522E+00	1.690896045721438E+00	1.880548093673910E+00	1.807219108774164E+00	2.025756004332549E+00
DCN:QL_S_L	-1.105204720633256E+00	-1.657585515981295E+00	-6.242763261003815E-01	-1.379026193494250E+00	2.946098007442072E-02	1.712946587783732E-01	1.838061057536232E+00	2.276496973597894E+00	2.123939280255455E+00	5.458407180572558E+00	3.914985999856515E+00	1.431990076951580E-01	1.359631663279275E+00	1.552251211261804E+00	3.245539268048500E+00	2.726025045796838E+00	3.692170761159999E+00	3.016123753913461E+00
DCN:QL_S_R	-1.660272498423622E+00	-1.108122318905317E+00	-1.382119912604517E+00	-6.265140182355217E-01	2.949346539416656E-02	1.713369867756707E-01	1.838240296710670E+00	2.123967011701221E+00	2.277065907886919E+00	3.914985999856515E+00	5.458707853861087E+00	1.432956965003588E-01	1.359745199673968E+00	1.552373131439055E+00	2.726598882126225E+00	3.245679232487799E+00	3.016717726410326E+00	3.692248576523131E+00
DCP:CapB1P	-2.307408127643835E-02	-2.298404181186539E-02	-1.708881796908541E-02	-1.698685880563770E-02	3.569424845152278E-02	4.083499407187202E-02	9.539629013035843E-02	1.021031947671087E-01	1.021379876511444E-01	1.431990076951580E-01	1.432956965003588E-01	2.022628296834892E-01	2.500309622635710E-01	2.551282280932992E-01	2.896914163198758E-01	2.898540358825423E-01	2.963419629392916E-01	2.965035332919677E-01
DCP:CapB2P	-2.777483469233012E-01	-2.775844970104727E-01	-2.099823720470943E-01	-2.097332230892382E-01	-1.722546879902566E-04	9.319846075965192E-02	7.929977083604034E-01	8.861806621608168E-01	8.862513416939594E-01	1.359631663279275E+00	1.359745199673968E+00	2.500309622635710E-01	1.363137457482617E+00	1.436838686009960E+00	1.855556543666609E+00	1.855536833781156E+00	1.932886146587994E+00	1.932831856564874E+00
DCP:CapB3P	-3.142243200735677E-01	-3.140496307062182E-01	-2.375468265544434E-01	-2.372745822016784E-01	-5.911347336558180E-03	9.569543973212877E-02	9.075652713196989E-01	1.015283987559125E+00	1.015365928692522E+00	1.552251211261804E+00	1.552373131439055E+00	2.551282280932992E-01	1.436838686009960E+00	1.534756473903597E+00	2.016829265962245E+00	2.016787397667042E+00	2.104989116053956E+00	2.104911199864585E+00
DCP:CapPL	-4.674899195054016E-01	-8.392366090678973E-01	-2.886105549858606E-01	-6.908941974325242E-01	-3.003135806895981E-02	1.152652762098883E-01	1.524275547536790E+00	1.880368418652557E+00	1.690896045721438E+00	3.245539268048500E+00	2.726598882126225E+00	2.896914163198758E-01	1.855556543666609E+00	2.016829265962245E+00	4.031319463007873E+00	2.879196903055622E+00	4.256095636396783E+00	3.045682370894672E+00
DCP:CapPR	-8.404769308405093E-01	-4.679434877698012E-01	-6.923603611389764E-01	-2.888573807541508E-01	-2.995040237344039E-02	1.153410091271787E-01	1.524255338641548E+00	1.690735066999155E+00	1.880548093673910E+00	2.726025045796838E+00	3.245679232487799E+00	2.898540358825423E-01	1.855536833781156E+00	2.016787397667042E+00	2.879196903055622E+00	4.031092023801706E+00	3.045678002202070E+00	4.255774197378384E+00
DCP:QH_D_L	-5.914954385302269E-01	-9.308772356493148E-01	-3.661896607229181E-01	-7.669815852396464E-01	-3.334872735201377E-02	1.197113541189828E-01	1.623924473642010E+00	2.025567315762628E+00	1.807219108774164E+00	3.692170761159999E+00	3.016717726410326E+00	2.963419629392916E-01	1.932886146587994E+00	2.104989116053956E+00	4.256095636396783E+00	3.045678002202070E+00	4.639022126562501E+00	3.226698860259223E+00
DCP:QH_D_R	-9.320880503163694E-01	-5.920900611408673E-01	-7.684534970170481E-01	-3.665335302584896E-01	-3.327646963522808E-02	1.197783156105349E-01	1.623873379433443E+00	1.807023789630547E+00	2.025756004332549E+00	3.016123753913461E+00	3.692248576523131E+00	2.965035332919677E-01	1.932831856564874E+00	2.104911199864585E+00	3.045682370894672E+00	4.255774197378384E+00	3.226698860259223E+00	4.638694297394266E+00

DC Inductance Matrix Coupling Coefficient
	AC:QH_S_L	AC:QH_S_R	AC:QL_D_L	AC:QL_D_R	DCN:CapB1N	DCN:CapB2N	DCN:CapB3N	DCN:CapNL	DCN:CapNR	DCN:QL_S_L	DCN:QL_S_R	DCP:CapB1P	DCP:CapB2P	DCP:CapB3P	DCP:CapPL	DCP:CapPR	DCP:QH_D_L	DCP:QH_D_R	
AC:QH_S_L	1.000000000000000E+00	2.108406701413021E-01	9.640351971169729E-01	1.767201053391770E-01	2.616863927261209E-02	2.620049713487131E-02	1.930460750448728E-01	1.935652814679297E-01	2.220492625238166E-01	2.924730892754150E-01	4.393499629989397E-01	3.172068261982054E-02	1.470814161837780E-01	1.568181059492979E-01	1.439543486874358E-01	2.588156819667839E-01	1.697908661491274E-01	2.675686392764268E-01
AC:QH_S_R	2.108406701413021E-01	1.000000000000000E+00	1.767988986311451E-01	9.638236817507805E-01	2.631017185136526E-02	2.612793437552053E-02	1.932322401574875E-01	2.221909193904014E-01	1.938417062232954E-01	4.393405675382569E-01	2.936980780847317E-01	3.164657334228005E-02	1.472257277099435E-01	1.569773084507346E-01	2.588326989908561E-01	1.443246057213151E-01	2.676316774812523E-01	1.702347523262147E-01
AC:QL_D_L	9.640351971169729E-01	1.767988986311451E-01	1.000000000000000E+00	1.434722673652941E-01	2.276898900781453E-02	2.049802427334401E-02	1.575631534167246E-01	1.519077407597187E-01	1.873625416416788E-01	1.791434437031808E-01	3.966046625417722E-01	2.547481282240491E-02	1.205785421778607E-01	1.285542720151117E-01	9.637083450656751E-02	2.311946909421508E-01	1.139855694860065E-01	2.392085687444219E-01
AC:QL_D_R	1.767201053391770E-01	9.638236817507805E-01	1.434722673652941E-01	1.000000000000000E+00	2.291449948843673E-02	2.040804125521975E-02	1.576869935423877E-01	1.874453717110297E-01	1.521082553056551E-01	3.965477347764383E-01	1.801531207515205E-01	2.537528685336252E-02	1.206850091917915E-01	1.286729930614790E-01	2.311765937692763E-01	9.665582575715567E-02	2.392366088918756E-01	1.143330414190790E-01
DCN:CapB1N	2.616863927261209E-02	2.631017185136526E-02	2.276898900781453E-02	2.291449948843673E-02	1.000000000000000E+00	9.002534453128912E-01	1.581017009979750E-01	1.206482540139162E-01	1.206503554763496E-01	3.714448700727965E-02	3.718442046296182E-02	2.337869914099995E-01	4.345916357693146E-04	1.405551880162050E-02	4.405868225518948E-02	4.394115258013941E-02	4.560854129483052E-02	4.551132798035890E-02
DCN:CapB2N	2.620049713487131E-02	2.612793437552053E-02	2.049802427334401E-02	2.040804125521975E-02	9.002534453128912E-01	1.000000000000000E+00	3.988888813792799E-01	3.497478521363002E-01	3.497496110041075E-01	2.182062874890495E-01	2.182541965254918E-01	2.702283201119112E-01	2.375720349641804E-01	2.298941442937558E-01	1.708564158179327E-01	1.709734969292171E-01	1.654163849173564E-01	1.655147602585302E-01
DCN:CapB3N	1.930460750448728E-01	1.932322401574875E-01	1.575631534167246E-01	1.576869935423877E-01	1.581017009979750E-01	3.988888813792799E-01	1.000000000000000E+00	9.607139991337038E-01	9.606636760592607E-01	7.447832446715926E-01	7.448353583374157E-01	2.008058565965696E-01	6.429912086611718E-01	6.935233066701877E-01	7.186919887102219E-01	7.187027344596733E-01	7.137654692467484E-01	7.137682323843881E-01
DCN:CapNL	1.935652814679297E-01	2.221909193904014E-01	1.519077407597187E-01	1.874453717110297E-01	1.206482540139162E-01	3.497478521363002E-01	9.607139991337038E-01	1.000000000000000E+00	9.189511320389440E-01	7.909023066904846E-01	7.378899086951834E-01	1.842765282033201E-01	6.160857625341547E-01	6.652065693254052E-01	7.601653515380186E-01	6.835226866546233E-01	7.633473256247593E-01	6.810119358021574E-01
DCN:CapNR	2.220492625238166E-01	1.938417062232954E-01	1.873625416416788E-01	1.521082553056551E-01	1.206503554763496E-01	3.497496110041075E-01	9.606636760592607E-01	9.189511320389440E-01	1.000000000000000E+00	7.378112693580562E-01	7.909824133276541E-01	1.843170071499899E-01	6.160603128127218E-01	6.651797224374101E-01	6.834857323382015E-01	7.601673997855117E-01	6.809790328415397E-01	7.633529899410189E-01
DCN:QL_S_L	2.924730892754150E-01	4.393405675382569E-01	1.791434437031808E-01	3.965477347764383E-01	3.714448700727965E-02	2.182062874890495E-01	7.447832446715926E-01	7.909023066904846E-01	7.378112693580562E-01	1.000000000000000E+00	7.172198862049339E-01	1.362852968067740E-01	4.984464178112601E-01	5.363018630041576E-01	6.918792335127822E-01	5.811463581812382E-01	7.337288436106115E-01	5.994021771733181E-01
DCN:QL_S_R	4.393499629989397E-01	2.936980780847317E-01	3.966046625417722E-01	1.801531207515205E-01	3.718442046296182E-02	2.182541965254918E-01	7.448353583374157E-01	7.378899086951834E-01	7.909824133276541E-01	7.172198862049339E-01	1.000000000000000E+00	1.363735614553291E-01	4.984743118092151E-01	5.363292148592054E-01	5.812362856348868E-01	6.919095333706851E-01	5.994825242916031E-01	7.337500260867135E-01
DCP:CapB1P	3.172068261982054E-02	3.164657334228005E-02	2.547481282240491E-02	2.537528685336252E-02	2.337869914099995E-01	2.702283201119112E-01	2.008058565965696E-01	1.842765282033201E-01	1.843170071499899E-01	1.362852968067740E-01	1.363735614553291E-01	1.000000000000000E+00	4.761742725192885E-01	4.579106416044052E-01	3.208144933212718E-01	3.210036392897169E-01	3.059298768653683E-01	3.061074908532684E-01
DCP:CapB2P	1.470814161837780E-01	1.472257277099435E-01	1.205785421778607E-01	1.206850091917915E-01	4.345916357693146E-04	2.375720349641804E-01	6.429912086611718E-01	6.160857625341547E-01	6.160603128127218E-01	4.984464178112601E-01	4.984743118092151E-01	4.761742725192885E-01	1.000000000000000E+00	9.933869482423773E-01	7.915543854895311E-01	7.915683072163467E-01	7.686404319965343E-01	7.686460024895515E-01
DCP:CapB3P	1.568181059492979E-01	1.569773084507346E-01	1.285542720151117E-01	1.286729930614790E-01	1.405551880162050E-02	2.298941442937558E-01	6.935233066701877E-01	6.652065693254052E-01	6.651797224374101E-01	5.363018630041576E-01	5.363292148592054E-01	4.579106416044052E-01	9.933869482423773E-01	1.000000000000000E+00	8.108224969633109E-01	8.108285377300443E-01	7.888908077870171E-01	7.888894819946732E-01
DCP:CapPL	1.439543486874358E-01	2.588326989908561E-01	9.637083450656751E-02	2.311765937692763E-01	4.405868225518948E-02	1.708564158179327E-01	7.186919887102219E-01	7.601653515380186E-01	6.834857323382015E-01	6.918792335127822E-01	5.812362856348868E-01	3.208144933212718E-01	7.915543854895311E-01	8.108224969633109E-01	1.000000000000000E+00	7.142272281467460E-01	9.841800300961202E-01	7.043088178478327E-01
DCP:CapPR	2.588156819667839E-01	1.443246057213151E-01	2.311946909421508E-01	9.665582575715567E-02	4.394115258013941E-02	1.709734969292171E-01	7.187027344596733E-01	6.835226866546233E-01	7.601673997855117E-01	5.811463581812382E-01	6.919095333706851E-01	3.210036392897169E-01	7.915683072163467E-01	8.108285377300443E-01	7.142272281467460E-01	1.000000000000000E+00	7.043027892153577E-01	9.841682374240235E-01
DCP:QH_D_L	1.697908661491274E-01	2.676316774812523E-01	1.139855694860065E-01	2.392366088918756E-01	4.560854129483052E-02	1.654163849173564E-01	7.137654692467484E-01	7.633473256247593E-01	6.809790328415397E-01	7.337288436106115E-01	5.994825242916031E-01	3.059298768653683E-01	7.686404319965343E-01	7.888908077870171E-01	9.841800300961202E-01	7.043027892153577E-01	1.000000000000000E+00	6.955804025097544E-01
DCP:QH_D_R	2.675686392764268E-01	1.702347523262147E-01	2.392085687444219E-01	1.143330414190790E-01	4.551132798035890E-02	1.655147602585302E-01	7.137682323843881E-01	6.810119358021574E-01	7.633529899410189E-01	5.994021771733181E-01	7.337500260867135E-01	3.061074908532684E-01	7.686460024895515E-01	7.888894819946732E-01	7.043088178478327E-01	9.841682374240235E-01	6.955804025097544E-01	1.000000000000000E+00

DC Resistance Matrix
	AC:QH_S_L	AC:QH_S_R	AC:QL_D_L	AC:QL_D_R	DCN:CapB1N	DCN:CapB2N	DCN:CapB3N	DCN:CapNL	DCN:CapNR	DCN:QL_S_L	DCN:QL_S_R	DCP:CapB1P	DCP:CapB2P	DCP:CapB3P	DCP:CapPL	DCP:CapPR	DCP:QH_D_L	DCP:QH_D_R	
AC:QH_S_L	2.516540265272447E-04	4.016959440756515E-05	2.259991531232501E-04	4.016844334214811E-05	0.000000000000000E+00	0.000000000000000E+00	0.000000000000000E+00	0.000000000000000E+00	0.000000000000000E+00	0.000000000000000E+00	0.000000000000000E+00	0.000000000000000E+00	0.000000000000000E+00	0.000000000000000E+00	0.000000000000000E+00	0.000000000000000E+00	0.000000000000000E+00	0.000000000000000E+00
AC:QH_S_R	4.016959440756515E-05	2.512350022856362E-04	4.016815504921577E-05	2.255436203019120E-04	0.000000000000000E+00	0.000000000000000E+00	0.000000000000000E+00	0.000000000000000E+00	0.000000000000000E+00	0.000000000000000E+00	0.000000000000000E+00	0.000000000000000E+00	0.000000000000000E+00	0.000000000000000E+00	0.000000000000000E+00	0.000000000000000E+00	0.000000000000000E+00	0.000000000000000E+00
AC:QL_D_L	2.259991531232501E-04	4.016815504921577E-05	2.516033905513049E-04	4.016700402627715E-05	0.000000000000000E+00	0.000000000000000E+00	0.000000000000000E+00	0.000000000000000E+00	0.000000000000000E+00	0.000000000000000E+00	0.000000000000000E+00	0.000000000000000E+00	0.000000000000000E+00	0.000000000000000E+00	0.000000000000000E+00	0.000000000000000E+00	0.000000000000000E+00	0.000000000000000E+00
AC:QL_D_R	4.016844334214811E-05	2.255436203019120E-04	4.016700402627715E-05	2.512445438381522E-04	0.000000000000000E+00	0.000000000000000E+00	0.000000000000000E+00	0.000000000000000E+00	0.000000000000000E+00	0.000000000000000E+00	0.000000000000000E+00	0.000000000000000E+00	0.000000000000000E+00	0.000000000000000E+00	0.000000000000000E+00	0.000000000000000E+00	0.000000000000000E+00	0.000000000000000E+00
DCN:CapB1N	0.000000000000000E+00	0.000000000000000E+00	0.000000000000000E+00	0.000000000000000E+00	3.084602596418730E-05	2.688820205683548E-05	2.194112223647212E-05	2.186625592933078E-05	2.186704839355553E-05	2.176356728506576E-05	2.176361406887969E-05	0.000000000000000E+00	0.000000000000000E+00	0.000000000000000E+00	0.000000000000000E+00	0.000000000000000E+00	0.000000000000000E+00	0.000000000000000E+00
DCN:CapB2N	0.000000000000000E+00	0.000000000000000E+00	0.000000000000000E+00	0.000000000000000E+00	2.688820205683548E-05	3.082607901254339E-05	2.197582847378946E-05	2.190091962507363E-05	2.190153150861192E-05	2.179802261574699E-05	2.179795456068964E-05	0.000000000000000E+00	0.000000000000000E+00	0.000000000000000E+00	0.000000000000000E+00	0.000000000000000E+00	0.000000000000000E+00	0.000000000000000E+00
DCN:CapB3N	0.000000000000000E+00	0.000000000000000E+00	0.000000000000000E+00	0.000000000000000E+00	2.194112223647212E-05	2.197582847378946E-05	1.046093256400834E-04	9.830700027996611E-05	9.830429875129935E-05	9.441839918749049E-05	9.441619251953723E-05	0.000000000000000E+00	0.000000000000000E+00	0.000000000000000E+00	0.000000000000000E+00	0.000000000000000E+00	0.000000000000000E+00	0.000000000000000E+00
DCN:CapNL	0.000000000000000E+00	0.000000000000000E+00	0.000000000000000E+00	0.000000000000000E+00	2.186625592933078E-05	2.190091962507363E-05	9.830700027996611E-05	1.233441903197299E-04	9.322125526046228E-05	9.608084599701852E-05	9.270084672155290E-05	0.000000000000000E+00	0.000000000000000E+00	0.000000000000000E+00	0.000000000000000E+00	0.000000000000000E+00	0.000000000000000E+00	0.000000000000000E+00
DCN:CapNR	0.000000000000000E+00	0.000000000000000E+00	0.000000000000000E+00	0.000000000000000E+00	2.186704839355553E-05	2.190153150861192E-05	9.830429875129935E-05	9.322125526046228E-05	1.233899947065881E-04	9.269974345296832E-05	9.608241057819459E-05	0.000000000000000E+00	0.000000000000000E+00	0.000000000000000E+00	0.000000000000000E+00	0.000000000000000E+00	0.000000000000000E+00	0.000000000000000E+00
DCN:QL_S_L	0.000000000000000E+00	0.000000000000000E+00	0.000000000000000E+00	0.000000000000000E+00	2.176356728506576E-05	2.179802261574699E-05	9.441839918749049E-05	9.608084599701852E-05	9.269974345296832E-05	3.135363492964575E-04	1.384652025395243E-04	0.000000000000000E+00	0.000000000000000E+00	0.000000000000000E+00	0.000000000000000E+00	0.000000000000000E+00	0.000000000000000E+00	0.000000000000000E+00
DCN:QL_S_R	0.000000000000000E+00	0.000000000000000E+00	0.000000000000000E+00	0.000000000000000E+00	2.176361406887969E-05	2.179795456068964E-05	9.441619251953723E-05	9.270084672155290E-05	9.608241057819459E-05	1.384652025395243E-04	3.134378904295742E-04	0.000000000000000E+00	0.000000000000000E+00	0.000000000000000E+00	0.000000000000000E+00	0.000000000000000E+00	0.000000000000000E+00	0.000000000000000E+00
DCP:CapB1P	0.000000000000000E+00	0.000000000000000E+00	0.000000000000000E+00	0.000000000000000E+00	0.000000000000000E+00	0.000000000000000E+00	0.000000000000000E+00	0.000000000000000E+00	0.000000000000000E+00	0.000000000000000E+00	0.000000000000000E+00	5.834017712208299E-05	4.311657830112267E-05	4.311644015924943E-05	4.291088658350199E-05	4.290984991116241E-05	4.291120473412750E-05	4.291016630546278E-05
DCP:CapB2P	0.000000000000000E+00	0.000000000000000E+00	0.000000000000000E+00	0.000000000000000E+00	0.000000000000000E+00	0.000000000000000E+00	0.000000000000000E+00	0.000000000000000E+00	0.000000000000000E+00	0.000000000000000E+00	0.000000000000000E+00	4.311657830112267E-05	1.385457746664395E-04	1.345473838059914E-04	1.173342492548627E-04	1.173243785019183E-04	1.173361299522763E-04	1.173262728472489E-04
DCP:CapB3P	0.000000000000000E+00	0.000000000000000E+00	0.000000000000000E+00	0.000000000000000E+00	0.000000000000000E+00	0.000000000000000E+00	0.000000000000000E+00	0.000000000000000E+00	0.000000000000000E+00	0.000000000000000E+00	0.000000000000000E+00	4.311644015924943E-05	1.345473838059914E-04	1.385430019709027E-04	1.173342818797449E-04	1.173241513220789E-04	1.173361637020933E-04	1.173260463554471E-04
DCP:CapPL	0.000000000000000E+00	0.000000000000000E+00	0.000000000000000E+00	0.000000000000000E+00	0.000000000000000E+00	0.000000000000000E+00	0.000000000000000E+00	0.000000000000000E+00	0.000000000000000E+00	0.000000000000000E+00	0.000000000000000E+00	4.291088658350199E-05	1.173342492548627E-04	1.173342818797449E-04	2.931217506194827E-04	1.295427826110374E-04	2.761106926214078E-04	1.294417464413116E-04
DCP:CapPR	0.000000000000000E+00	0.000000000000000E+00	0.000000000000000E+00	0.000000000000000E+00	0.000000000000000E+00	0.000000000000000E+00	0.000000000000000E+00	0.000000000000000E+00	0.000000000000000E+00	0.000000000000000E+00	0.000000000000000E+00	4.290984991116241E-05	1.173243785019183E-04	1.173241513220789E-04	1.295427826110374E-04	2.930529580827975E-04	1.294428484602213E-04	2.760598491390684E-04
DCP:QH_D_L	0.000000000000000E+00	0.000000000000000E+00	0.000000000000000E+00	0.000000000000000E+00	0.000000000000000E+00	0.000000000000000E+00	0.000000000000000E+00	0.000000000000000E+00	0.000000000000000E+00	0.000000000000000E+00	0.000000000000000E+00	4.291120473412750E-05	1.173361299522763E-04	1.173361637020933E-04	2.761106926214078E-04	1.294428484602213E-04	3.022500128526917E-04	1.293422742831991E-04
DCP:QH_D_R	0.000000000000000E+00	0.000000000000000E+00	0.000000000000000E+00	0.000000000000000E+00	0.000000000000000E+00	0.000000000000000E+00	0.000000000000000E+00	0.000000000000000E+00	0.000000000000000E+00	0.000000000000000E+00	0.000000000000000E+00	4.291016630546278E-05	1.173262728472489E-04	1.173260463554471E-04	1.294417464413116E-04	2.760598491390684E-04	1.293422742831991E-04	3.022230343666757E-04

DC Resistance Matrix Coupling Coefficient
	AC:QH_S_L	AC:QH_S_R	AC:QL_D_L	AC:QL_D_R	DCN:CapB1N	DCN:CapB2N	DCN:CapB3N	DCN:CapNL	DCN:CapNR	DCN:QL_S_L	DCN:QL_S_R	DCP:CapB1P	DCP:CapB2P	DCP:CapB3P	DCP:CapPL	DCP:CapPR	DCP:QH_D_L	DCP:QH_D_R	
AC:QH_S_L	1.000000000000000E+00	1.597553577450195E-01	8.981453490707169E-01	1.597477464638994E-01	0.000000000000000E+00	0.000000000000000E+00	0.000000000000000E+00	0.000000000000000E+00	0.000000000000000E+00	0.000000000000000E+00	0.000000000000000E+00	0.000000000000000E+00	0.000000000000000E+00	0.000000000000000E+00	0.000000000000000E+00	0.000000000000000E+00	0.000000000000000E+00	0.000000000000000E+00
AC:QH_S_R	1.597553577450195E-01	1.000000000000000E+00	1.597657076353914E-01	8.977225922227346E-01	0.000000000000000E+00	0.000000000000000E+00	0.000000000000000E+00	0.000000000000000E+00	0.000000000000000E+00	0.000000000000000E+00	0.000000000000000E+00	0.000000000000000E+00	0.000000000000000E+00	0.000000000000000E+00	0.000000000000000E+00	0.000000000000000E+00	0.000000000000000E+00	0.000000000000000E+00
AC:QL_D_L	8.981453490707169E-01	1.597657076353914E-01	1.000000000000000E+00	1.597580958660735E-01	0.000000000000000E+00	0.000000000000000E+00	0.000000000000000E+00	0.000000000000000E+00	0.000000000000000E+00	0.000000000000000E+00	0.000000000000000E+00	0.000000000000000E+00	0.000000000000000E+00	0.000000000000000E+00	0.000000000000000E+00	0.000000000000000E+00	0.000000000000000E+00	0.000000000000000E+00
AC:QL_D_R	1.597477464638994E-01	8.977225922227346E-01	1.597580958660735E-01	1.000000000000000E+00	0.000000000000000E+00	0.000000000000000E+00	0.000000000000000E+00	0.000000000000000E+00	0.000000000000000E+00	0.000000000000000E+00	0.000000000000000E+00	0.000000000000000E+00	0.000000000000000E+00	0.000000000000000E+00	0.000000000000000E+00	0.000000000000000E+00	0.000000000000000E+00	0.000000000000000E+00
DCN:CapB1N	0.000000000000000E+00	0.000000000000000E+00	0.000000000000000E+00	0.000000000000000E+00	1.000000000000000E+00	8.719729437928421E-01	3.862549212743552E-01	3.544993700610522E-01	3.544464111442964E-01	2.213026038655141E-01	2.213378353388820E-01	0.000000000000000E+00	0.000000000000000E+00	0.000000000000000E+00	0.000000000000000E+00	0.000000000000000E+00	0.000000000000000E+00	0.000000000000000E+00
DCN:CapB2N	0.000000000000000E+00	0.000000000000000E+00	0.000000000000000E+00	0.000000000000000E+00	8.719729437928421E-01	1.000000000000000E+00	3.869910416908685E-01	3.551762016903946E-01	3.551201932842553E-01	2.217246645781407E-01	2.217587941912052E-01	0.000000000000000E+00	0.000000000000000E+00	0.000000000000000E+00	0.000000000000000E+00	0.000000000000000E+00	0.000000000000000E+00	0.000000000000000E+00
DCN:CapB3N	0.000000000000000E+00	0.000000000000000E+00	0.000000000000000E+00	0.000000000000000E+00	3.862549212743552E-01	3.869910416908685E-01	1.000000000000000E+00	8.654458383550342E-01	8.652614111129185E-01	5.213477253862231E-01	5.214174168743916E-01	0.000000000000000E+00	0.000000000000000E+00	0.000000000000000E+00	0.000000000000000E+00	0.000000000000000E+00	0.000000000000000E+00	0.000000000000000E+00
DCN:CapNL	0.000000000000000E+00	0.000000000000000E+00	0.000000000000000E+00	0.000000000000000E+00	3.544993700610522E-01	3.551762016903946E-01	8.654458383550342E-01	1.000000000000000E+00	7.556411922155809E-01	4.885775647994030E-01	4.714640731545674E-01	0.000000000000000E+00	0.000000000000000E+00	0.000000000000000E+00	0.000000000000000E+00	0.000000000000000E+00	0.000000000000000E+00	0.000000000000000E+00
DCN:CapNR	0.000000000000000E+00	0.000000000000000E+00	0.000000000000000E+00	0.000000000000000E+00	3.544464111442964E-01	3.551201932842553E-01	8.652614111129185E-01	7.556411922155809E-01	1.000000000000000E+00	4.712969300004787E-01	4.885715452509422E-01	0.000000000000000E+00	0.000000000000000E+00	0.000000000000000E+00	0.000000000000000E+00	0.000000000000000E+00	0.000000000000000E+00	0.000000000000000E+00
DCN:QL_S_L	0.000000000000000E+00	0.000000000000000E+00	0.000000000000000E+00	0.000000000000000E+00	2.213026038655141E-01	2.217246645781407E-01	5.213477253862231E-01	4.885775647994030E-01	4.712969300004787E-01	1.000000000000000E+00	4.416934396136367E-01	0.000000000000000E+00	0.000000000000000E+00	0.000000000000000E+00	0.000000000000000E+00	0.000000000000000E+00	0.000000000000000E+00	0.000000000000000E+00
DCN:QL_S_R	0.000000000000000E+00	0.000000000000000E+00	0.000000000000000E+00	0.000000000000000E+00	2.213378353388820E-01	2.217587941912052E-01	5.214174168743916E-01	4.714640731545674E-01	4.885715452509422E-01	4.416934396136367E-01	1.000000000000000E+00	0.000000000000000E+00	0.000000000000000E+00	0.000000000000000E+00	0.000000000000000E+00	0.000000000000000E+00	0.000000000000000E+00	0.000000000000000E+00
DCP:CapB1P	0.000000000000000E+00	0.000000000000000E+00	0.000000000000000E+00	0.000000000000000E+00	0.000000000000000E+00	0.000000000000000E+00	0.000000000000000E+00	0.000000000000000E+00	0.000000000000000E+00	0.000000000000000E+00	0.000000000000000E+00	1.000000000000000E+00	4.795829932491805E-01	4.795862556732401E-01	3.281403168199133E-01	3.281709007261716E-01	3.231496366103507E-01	3.231562391561302E-01
DCP:CapB2P	0.000000000000000E+00	0.000000000000000E+00	0.000000000000000E+00	0.000000000000000E+00	0.000000000000000E+00	0.000000000000000E+00	0.000000000000000E+00	0.000000000000000E+00	0.000000000000000E+00	0.000000000000000E+00	0.000000000000000E+00	4.795829932491805E-01	1.000000000000000E+00	9.711500079184017E-01	5.822428088699115E-01	5.822621570043633E-01	5.733924277153578E-01	5.733698482346785E-01
DCP:CapB3P	0.000000000000000E+00	0.000000000000000E+00	0.000000000000000E+00	0.000000000000000E+00	0.000000000000000E+00	0.000000000000000E+00	0.000000000000000E+00	0.000000000000000E+00	0.000000000000000E+00	0.000000000000000E+00	0.000000000000000E+00	4.795862556732401E-01	9.711500079184017E-01	1.000000000000000E+00	5.822487970204940E-01	5.822668559853035E-01	5.733983303378398E-01	5.733744788331510E-01
DCP:CapPL	0.000000000000000E+00	0.000000000000000E+00	0.000000000000000E+00	0.000000000000000E+00	0.000000000000000E+00	0.000000000000000E+00	0.000000000000000E+00	0.000000000000000E+00	0.000000000000000E+00	0.000000000000000E+00	0.000000000000000E+00	3.281403168199133E-01	5.822428088699115E-01	5.822487970204940E-01	1.000000000000000E+00	4.419937659539276E-01	9.276326764096803E-01	4.348971485307828E-01
DCP:CapPR	0.000000000000000E+00	0.000000000000000E+00	0.000000000000000E+00	0.000000000000000E+00	0.000000000000000E+00	0.000000000000000E+00	0.000000000000000E+00	0.000000000000000E+00	0.000000000000000E+00	0.000000000000000E+00	0.000000000000000E+00	3.281709007261716E-01	5.822621570043633E-01	5.822668559853035E-01	4.419937659539276E-01	1.000000000000000E+00	4.349324812704910E-01	9.276121121451005E-01
DCP:QH_D_L	0.000000000000000E+00	0.000000000000000E+00	0.000000000000000E+00	0.000000000000000E+00	0.000000000000000E+00	0.000000000000000E+00	0.000000000000000E+00	0.000000000000000E+00	0.000000000000000E+00	0.000000000000000E+00	0.000000000000000E+00	3.231496366103507E-01	5.733924277153578E-01	5.733983303378398E-01	9.276326764096803E-01	4.349324812704910E-01	1.000000000000000E+00	4.279505099756166E-01
DCP:QH_D_R	0.000000000000000E+00	0.000000000000000E+00	0.000000000000000E+00	0.000000000000000E+00	0.000000000000000E+00	0.000000000000000E+00	0.000000000000000E+00	0.000000000000000E+00	0.000000000000000E+00	0.000000000000000E+00	0.000000000000000E+00	3.231562391561302E-01	5.733698482346785E-01	5.733744788331510E-01	4.348971485307828E-01	9.276121121451005E-01	4.279505099756166E-01	1.000000000000000E+00

AC Inductance Matrix
	AC:QH_S_L	AC:QH_S_R	AC:QL_D_L	AC:QL_D_R	DCN:CapB1N	DCN:CapB2N	DCN:CapB3N	DCN:CapNL	DCN:CapNR	DCN:QL_S_L	DCN:QL_S_R	DCP:CapB1P	DCP:CapB2P	DCP:CapB3P	DCP:CapPL	DCP:CapPR	DCP:QH_D_L	DCP:QH_D_R	
AC:QH_S_L	1.418150922227621E+00	4.106677910796313E-01	1.339553452936577E+00	3.801493646940845E-01	-8.983573212288178E-04	-7.190987136754852E-04	-1.140737854626543E-02	-2.650675987771870E-03	-2.665760060500098E-02	-1.476495660700596E-01	-2.560993577767637E-01	-8.398682453561647E-04	-1.213856176591831E-02	-1.231102267502464E-02	2.694617292799143E-02	-9.941351155528531E-02	3.677503138981802E-02	-1.219209398121266E-01
AC:QH_S_R	4.106677910796308E-01	1.420923761347807E+00	3.800556711755991E-01	1.342307377025129E+00	-9.123745674654247E-04	-7.228347378286606E-04	-1.153005155208320E-02	-2.692277558101230E-02	-2.797018840385080E-03	-2.577915537045318E-01	-1.477011864449740E-01	-8.253763948148316E-04	-1.217102119427732E-02	-1.234944997360368E-02	-9.988277795929033E-02	2.715819550096078E-02	-1.226717297465363E-01	3.707638838679597E-02
AC:QL_D_L	1.339553452936578E+00	3.800556711755993E-01	1.355863002528379E+00	3.518409123174309E-01	5.074197452585413E-04	5.136531029586943E-04	-8.310771029809849E-03	-6.527941125195438E-04	-2.169330210154168E-02	-4.450174532530889E-02	-2.296448739421511E-01	-9.854715268124820E-05	-8.910954629090006E-03	-9.511505696802463E-03	3.677375143577148E-02	-9.029203443666049E-02	4.078620581246321E-02	-1.087612146323770E-01
AC:QL_D_R	3.801493646940849E-01	1.342307377025129E+00	3.518409123174308E-01	1.358551950820708E+00	5.213050813855750E-04	5.203830765496175E-04	-8.384553264638802E-03	-2.189768268431746E-02	-7.562865908632685E-04	-2.313598905277016E-01	-4.462290691725763E-02	-1.021217670352701E-04	-8.965679315835164E-03	-9.563828017054176E-03	-9.081034749032239E-02	3.696486943452083E-02	-1.094985498472880E-01	4.097171183415044E-02
DCN:CapB1N	-8.983573212288043E-04	-9.123745674654166E-04	5.074197452588490E-04	5.213050813853468E-04	5.455939614957356E-02	4.794265549882853E-02	4.575094568424477E-02	4.243675114279526E-02	4.239689512922644E-02	4.448684605578192E-02	4.450340468984768E-02	3.817878770416790E-03	2.218441188683887E-03	1.897530034133023E-03	-4.914734909065778E-03	-4.937127957157958E-03	-7.820648911943430E-03	-7.829873787020110E-03
DCN:CapB2N	-7.190987136753120E-04	-7.228347378287745E-04	5.136531029587728E-04	5.203830765496999E-04	4.794265549882852E-02	5.099570847963812E-02	4.878921985497035E-02	4.581434478572266E-02	4.578443263884140E-02	4.820681522353188E-02	4.822166042105944E-02	8.423724569230869E-04	1.527958997053877E-02	1.424662636624841E-02	9.983492385182344E-03	9.976846824843072E-03	8.064511065443048E-03	8.069454285962199E-03
DCN:CapB3N	-1.140737854626536E-02	-1.153005155208305E-02	-8.310771029809708E-03	-8.384553264638786E-03	4.575094568424456E-02	4.878921985497061E-02	2.690688647300378E-01	2.749971089955862E-01	2.748740063959220E-01	2.975938220986774E-01	2.974385259921835E-01	-2.370224558022920E-03	1.092415311600595E-01	1.236816483457724E-01	2.411305931178258E-01	2.410647645966205E-01	2.428298297764278E-01	2.427898349412985E-01
DCN:CapNL	-2.650675987772054E-03	-2.692277558101213E-02	-6.527941125193931E-04	-2.189768268431748E-02	4.243675114279533E-02	4.581434478572254E-02	2.749971089955862E-01	3.383623655386317E-01	2.875605332562045E-01	3.574902238962521E-01	3.211922329509958E-01	1.516209132981835E-04	1.100174973336493E-01	1.242115743088049E-01	3.053195667186940E-01	2.583667930145901E-01	3.067787318017516E-01	2.634638840839738E-01
DCN:CapNR	-2.665760060500121E-02	-2.797018840385279E-03	-2.169330210154176E-02	-7.562865908631877E-04	4.239689512922627E-02	4.578443263884122E-02	2.748740063959219E-01	2.875605332562047E-01	3.380481281987068E-01	3.212891552574858E-01	3.570444014724394E-01	1.729534717803218E-04	1.099885714642336E-01	1.241748030807024E-01	2.583667248347322E-01	3.051067183100253E-01	2.634824129203157E-01	3.066329235175856E-01
DCN:QL_S_L	-1.476495660700597E-01	-2.577915537045318E-01	-4.450174532530864E-02	-2.313598905277016E-01	4.448684605578181E-02	4.820681522353176E-02	2.975938220986773E-01	3.574902238962522E-01	3.212891552574856E-01	1.140981637300593E+00	5.281687210300952E-01	1.681888252011453E-03	1.315712897455915E-01	1.463536670409929E-01	4.470582080061952E-01	3.480138398692216E-01	5.256317251900327E-01	3.706573602634309E-01
DCN:QL_S_R	-2.560993577767640E-01	-1.477011864449743E-01	-2.296448739421511E-01	-4.462290691725744E-02	4.450340468984763E-02	4.822166042105941E-02	2.974385259921835E-01	3.211922329509957E-01	3.570444014724390E-01	5.281687210300952E-01	1.138825703632617E+00	1.681309410873497E-03	1.314996016420422E-01	1.462629875284952E-01	3.477266536681715E-01	4.466612779856598E-01	3.705960747781374E-01	5.245649957209839E-01
DCP:CapB1P	-8.398682453562349E-04	-8.253763948147345E-04	-9.854715268117877E-05	-1.021217670354588E-04	3.817878770416165E-03	8.423724569229280E-04	-2.370224558022711E-03	1.516209132984476E-04	1.729534717802406E-04	1.681888252011528E-03	1.681309410873539E-03	1.063540019746950E-01	9.661762940218824E-02	9.736325967317519E-02	1.040095853123435E-01	1.040339936451289E-01	1.052218400776517E-01	1.052330206535191E-01
DCP:CapB2P	-1.213856176591819E-02	-1.217102119427736E-02	-8.910954629090086E-03	-8.965679315835282E-03	2.218441188684081E-03	1.527958997053877E-02	1.092415311600592E-01	1.100174973336496E-01	1.099885714642336E-01	1.315712897455916E-01	1.314996016420424E-01	9.661762940218833E-02	6.665362764833925E-01	6.687590115546084E-01	7.084647031351459E-01	7.084648358378882E-01	7.085404693968983E-01	7.085175134121510E-01
DCP:CapB3P	-1.231102267502497E-02	-1.234944997360349E-02	-9.511505696802069E-03	-9.563828017054122E-03	1.897530034132753E-03	1.424662636624837E-02	1.236816483457723E-01	1.242115743088048E-01	1.241748030807031E-01	1.463536670409929E-01	1.462629875284950E-01	9.736325967317477E-02	6.687590115546079E-01	6.793151740560264E-01	7.239648909411421E-01	7.239595655186843E-01	7.248009373480998E-01	7.247854133656721E-01
DCP:CapPL	2.694617292799135E-02	-9.988277795929036E-02	3.677375143577196E-02	-9.081034749032252E-02	-4.914734909065649E-03	9.983492385182062E-03	2.411305931178258E-01	3.053195667186940E-01	2.583667248347323E-01	4.470582080061950E-01	3.477266536681710E-01	1.040095853123437E-01	7.084647031351453E-01	7.239648909411424E-01	1.672849981623429E+00	9.647175196297912E-01	1.684830465744762E+00	9.795229641384583E-01
DCP:CapPR	-9.941351155528497E-02	2.715819550096076E-02	-9.029203443666003E-02	3.696486943452103E-02	-4.937127957158048E-03	9.976846824842881E-03	2.410647645966200E-01	2.583667930145909E-01	3.051067183100249E-01	3.480138398692216E-01	4.466612779856596E-01	1.040339936451296E-01	7.084648358378881E-01	7.239595655186841E-01	9.647175196297916E-01	1.672721646990377E+00	9.796771966022852E-01	1.684649979378393E+00
DCP:QH_D_L	3.677503138981814E-02	-1.226717297465359E-01	4.078620581246346E-02	-1.094985498472878E-01	-7.820648911943711E-03	8.064511065442889E-03	2.428298297764272E-01	3.067787318017516E-01	2.634824129203153E-01	5.256317251900320E-01	3.705960747781374E-01	1.052218400776516E-01	7.085404693968983E-01	7.248009373480994E-01	1.684830465744762E+00	9.796771966022852E-01	1.779836003074092E+00	9.967619792605886E-01
DCP:QH_D_R	-1.219209398121268E-01	3.707638838679623E-02	-1.087612146323765E-01	4.097171183415028E-02	-7.829873787020230E-03	8.069454285962332E-03	2.427898349412985E-01	2.634638840839737E-01	3.066329235175856E-01	3.706573602634306E-01	5.245649957209837E-01	1.052330206535186E-01	7.085175134121506E-01	7.247854133656725E-01	9.795229641384576E-01	1.684649979378393E+00	9.967619792605897E-01	1.779313010643210E+00

AC Inductance Matrix Coupling Coefficient
	AC:QH_S_L	AC:QH_S_R	AC:QL_D_L	AC:QL_D_R	DCN:CapB1N	DCN:CapB2N	DCN:CapB3N	DCN:CapNL	DCN:CapNR	DCN:QL_S_L	DCN:QL_S_R	DCP:CapB1P	DCP:CapB2P	DCP:CapB3P	DCP:CapPL	DCP:CapPR	DCP:QH_D_L	DCP:QH_D_R	
AC:QH_S_L	1.000000000000000E+00	2.892970652165972E-01	9.660306752338897E-01	2.738765938262120E-01	3.229632510010855E-03	2.673994262858499E-03	1.846685352728690E-02	3.826523561023574E-03	3.850087176715260E-02	1.160731101921175E-01	2.015202221077143E-01	2.162584157628394E-03	1.248515996695845E-02	1.254287942838451E-02	1.749473501242971E-02	6.454644830928859E-02	2.314737952748464E-02	7.675221163712835E-02
AC:QH_S_R	2.892970652165969E-01	1.000000000000000E+00	2.738129119405073E-01	9.661141953973319E-01	3.276823162902090E-03	2.685262904439990E-03	1.864722183976452E-02	3.882785654873215E-02	4.035717291153615E-03	2.024622076498842E-01	1.161100909199317E-01	2.123194289930335E-03	1.250632570104843E-02	1.256974794162252E-02	6.478533759075691E-02	1.761585323270657E-02	7.713813010013588E-02	2.331770788261904E-02
AC:QL_D_L	9.660306752338901E-01	2.738129119405075E-01	1.000000000000000E+00	2.592389822480295E-01	1.865626406806928E-03	1.953418048213631E-03	1.375946946904763E-02	9.637786413364682E-04	3.204265482034248E-02	3.577913290304786E-02	1.848077672589664E-01	2.595130831377834E-04	9.373557153603324E-03	9.910731475500374E-03	2.441751893243825E-02	5.995559189471712E-02	2.625520463041607E-02	7.002287962483168E-02
AC:QL_D_R	2.738765938262123E-01	9.661141953973322E-01	2.592389822480294E-01	1.000000000000000E+00	1.914780762248023E-03	1.977052601263532E-03	1.386788014765443E-02	3.229750742290510E-02	1.115986670432327E-03	1.858277709204326E-01	3.587493335820069E-02	2.686601651676742E-04	9.421784795945624E-03	9.955383045785214E-03	6.023774620369122E-02	2.452105845967751E-02	7.041744262644757E-02	2.635237773962684E-02
DCN:CapB1N	3.229632510010807E-03	3.276823162902061E-03	1.865626406808060E-03	1.914780762247184E-03	1.000000000000000E+00	9.089091869186655E-01	3.776013817236812E-01	3.123318863707445E-01	3.121835447533797E-01	1.783025326464865E-01	1.785376564040870E-01	5.011992798445911E-02	1.163325497471751E-02	9.856397804426950E-03	1.626809958873422E-02	1.634284896037478E-02	2.509678085886681E-02	2.513007627901260E-02
DCN:CapB2N	2.673994262857856E-03	2.685262904440413E-03	1.953418048213929E-03	1.977052601263845E-03	9.089091869186654E-01	1.000000000000000E+00	4.165099068122715E-01	3.487736278085755E-01	3.487078740245063E-01	1.998491467608355E-01	2.000998279129502E-01	1.143827214055040E-02	8.287680299572721E-02	7.654371945324050E-02	3.418118998348395E-02	3.415974743538250E-02	2.676832727822496E-02	2.678867130641256E-02
DCN:CapB3N	1.846685352728678E-02	1.864722183976428E-02	1.375946946904739E-02	1.386788014765440E-02	3.776013817236794E-01	4.165099068122737E-01	1.000000000000000E+00	9.113923496894304E-01	9.114076751707099E-01	5.370971656510359E-01	5.373247764452947E-01	1.401137807950849E-02	2.579551245541086E-01	2.892929722978735E-01	3.594116028399098E-01	3.593272670362486E-01	3.508975358786178E-01	3.508912992247459E-01
DCN:CapNL	3.826523561023838E-03	3.882785654873190E-02	9.637786413362458E-04	3.229750742290512E-02	3.123318863707450E-01	3.487736278085745E-01	9.113923496894306E-01	1.000000000000000E+00	8.502545922912931E-01	5.753522503816108E-01	5.174225810628730E-01	7.992656777373832E-04	2.316641541076490E-01	2.590808911205257E-01	4.058215573870083E-01	3.434265204575502E-01	3.953158501957757E-01	3.395501186910787E-01
DCN:CapNR	3.850087176715293E-02	4.035717291153903E-03	3.204265482034260E-02	1.115986670432208E-03	3.121835447533783E-01	3.487078740245049E-01	9.114076751707093E-01	8.502545922912941E-01	1.000000000000000E+00	5.173297706864194E-01	5.754456739416602E-01	9.121433541078700E-04	2.317108648277638E-01	2.591245460908089E-01	3.435728316092108E-01	4.057426527739806E-01	3.396818721323581E-01	3.953696595399557E-01
DCN:QL_S_L	1.160731101921176E-01	2.024622076498842E-01	3.577913290304768E-02	1.858277709204326E-01	1.783025326464860E-01	1.998491467608351E-01	5.370971656510357E-01	5.753522503816109E-01	5.173297706864191E-01	1.000000000000000E+00	4.633452552880603E-01	4.828151523512961E-03	1.508724382069504E-01	1.662373561620553E-01	3.235908609317235E-01	2.519099659774592E-01	3.688520898632983E-01	2.601399927175354E-01
DCN:QL_S_R	2.015202221077145E-01	1.161100909199319E-01	1.848077672589664E-01	3.587493335820054E-02	1.785376564040869E-01	2.000998279129501E-01	5.373247764452945E-01	5.174225810628729E-01	5.754456739416596E-01	4.633452552880603E-01	1.000000000000000E+00	4.831056261748533E-03	1.509328981666729E-01	1.662915386590006E-01	2.519305604630440E-01	3.236218492463120E-01	2.603048086441165E-01	3.685059454529704E-01
DCP:CapB1P	2.162584157628575E-03	2.123194289930085E-03	2.595130831376005E-04	2.686601651681706E-04	5.011992798445090E-02	1.143827214054824E-02	1.401137807950726E-02	7.992656777387756E-04	9.121433541074419E-04	4.828151523513178E-03	4.831056261748653E-03	1.000000000000000E+00	3.628837858089152E-01	3.622284265074996E-01	2.465857347714195E-01	2.466530633220337E-01	2.418460397916792E-01	2.419072816669711E-01
DCP:CapB2P	1.248515996695833E-02	1.250632570104847E-02	9.373557153603407E-03	9.421784795945749E-03	1.163325497471853E-02	8.287680299572721E-02	2.579551245541081E-01	2.316641541076497E-01	2.317108648277638E-01	1.508724382069505E-01	1.509328981666731E-01	3.628837858089155E-01	1.000000000000000E+00	9.938528646639563E-01	6.709309470353132E-01	6.709568098174508E-01	6.505231726224839E-01	6.505976901647778E-01
DCP:CapB3P	1.254287942838484E-02	1.256974794162232E-02	9.910731475499963E-03	9.955383045785157E-03	9.856397804425550E-03	7.654371945324027E-02	2.892929722978733E-01	2.590808911205254E-01	2.591245460908101E-01	1.662373561620552E-01	1.662915386590004E-01	3.622284265074980E-01	9.938528646639557E-01	1.000000000000000E+00	6.791306788235589E-01	6.791517346551281E-01	6.591634144472504E-01	6.592461608729842E-01
DCP:CapPL	1.749473501242966E-02	6.478533759075693E-02	2.441751893243857E-02	6.023774620369129E-02	1.626809958873379E-02	3.418118998348298E-02	3.594116028399098E-01	4.058215573870083E-01	3.435728316092109E-01	3.235908609317233E-01	2.519305604630436E-01	2.465857347714198E-01	6.709309470353125E-01	6.791306788235593E-01	1.000000000000000E+00	5.767131165798884E-01	9.764223579357333E-01	5.677536657820543E-01
DCP:CapPR	6.454644830928837E-02	1.761585323270656E-02	5.995559189471682E-02	2.452105845967764E-02	1.634284896037509E-02	3.415974743538185E-02	3.593272670362478E-01	3.434265204575511E-01	4.057426527739801E-01	2.519099659774591E-01	3.236218492463119E-01	2.466530633220355E-01	6.709568098174507E-01	6.791517346551279E-01	5.767131165798887E-01	1.000000000000000E+00	5.677814073331736E-01	9.764986903731768E-01
DCP:QH_D_L	2.314737952748471E-02	7.713813010013562E-02	2.625520463041623E-02	7.041744262644745E-02	2.509678085886771E-02	2.676832727822443E-02	3.508975358786169E-01	3.953158501957758E-01	3.396818721323575E-01	3.688520898632979E-01	2.603048086441165E-01	2.418460397916789E-01	6.505231726224839E-01	6.591634144472500E-01	9.764223579357331E-01	5.677814073331736E-01	1.000000000000000E+00	5.601125359911334E-01
DCP:QH_D_R	7.675221163712846E-02	2.331770788261920E-02	7.002287962483139E-02	2.635237773962673E-02	2.513007627901298E-02	2.678867130641301E-02	3.508912992247459E-01	3.395501186910786E-01	3.953696595399557E-01	2.601399927175352E-01	3.685059454529703E-01	2.419072816669700E-01	6.505976901647774E-01	6.592461608729845E-01	5.677536657820540E-01	9.764986903731768E-01	5.601125359911340E-01	1.000000000000000E+00

AC Resistance Matrix
	AC:QH_S_L	AC:QH_S_R	AC:QL_D_L	AC:QL_D_R	DCN:CapB1N	DCN:CapB2N	DCN:CapB3N	DCN:CapNL	DCN:CapNR	DCN:QL_S_L	DCN:QL_S_R	DCP:CapB1P	DCP:CapB2P	DCP:CapB3P	DCP:CapPL	DCP:CapPR	DCP:QH_D_L	DCP:QH_D_R	
AC:QH_S_L	4.006468363477358E-04	4.637649212083073E-05	3.612891214785544E-04	4.438287659458909E-05	-6.982094841547390E-07	-3.030448729664485E-07	-3.867407846533444E-06	-4.527689476473896E-06	-4.341868967086269E-06	-4.310813150692354E-05	-6.824520836908184E-05	-2.606941885510572E-07	-4.205138844322840E-06	-3.872134902431094E-06	-1.151827116597117E-05	-1.879986342654835E-05	-1.479746779182900E-05	-1.903411513392986E-05
AC:QH_S_R	4.637649212083085E-05	4.007345869964077E-04	4.436849339199167E-05	3.611707421869748E-04	-6.952581575646962E-07	-2.935339104941114E-07	-3.923910489267247E-06	-4.478909217126544E-06	-4.576176798808146E-06	-6.896742294304241E-05	-4.326663347566155E-05	-2.401313389661118E-07	-4.240083502561586E-06	-3.908726980754163E-06	-1.906645035804149E-05	-1.150523397890434E-05	-1.928303205081543E-05	-1.480938589786084E-05
AC:QL_D_L	3.612891214785546E-04	4.436849339199173E-05	3.792676827542882E-04	4.056788356075125E-05	4.222338704932139E-07	7.450934818760531E-07	-2.975612097824575E-06	-3.432721837701489E-06	-3.317877121154021E-06	-2.350836991950595E-05	-6.429899810862650E-05	2.988813823453949E-07	-3.429058323869180E-06	-3.349089353190009E-06	-6.896421831960094E-06	-1.748886531916968E-05	-1.039652018332002E-05	-1.783084809709315E-05
AC:QL_D_R	4.438287659458957E-05	3.611707421869750E-04	4.056788356075152E-05	3.791208272719114E-04	4.295985925942805E-07	7.575098303391306E-07	-3.004980826671884E-06	-3.428438054298444E-06	-3.449531170007971E-06	-6.502480456906319E-05	-2.374981384372735E-05	3.070952786192353E-07	-3.467627159764139E-06	-3.389953536215872E-06	-1.776914481478468E-05	-6.859997085816220E-06	-1.809789807324062E-05	-1.040035294264862E-05
DCN:CapB1N	-6.982094841547720E-07	-6.952581575647479E-07	4.222338704932182E-07	4.295985925941933E-07	4.146657446910487E-05	3.648228863007535E-05	2.680908691440114E-05	2.606815580568413E-05	2.604747501750590E-05	2.847999771453286E-05	2.846984217920676E-05	9.316259108585042E-07	-1.983360213025411E-06	-2.920929375016580E-06	-3.929186820792542E-06	-3.937352937296494E-06	-4.317091402669301E-06	-4.324569433134173E-06
DCN:CapB2N	-3.030448729665375E-07	-2.935339104941470E-07	7.450934818760207E-07	7.575098303390530E-07	3.648228863007548E-05	4.120523220924359E-05	2.936813248540960E-05	2.827202896304791E-05	2.824980014122803E-05	3.038209927648027E-05	3.038340294458697E-05	1.043139568818900E-06	5.389429584105205E-06	4.257310370132993E-06	3.266038908712417E-06	3.261700809654418E-06	2.953336825039956E-06	2.952575353316371E-06
DCN:CapB3N	-3.867407846533212E-06	-3.923910489267188E-06	-2.975612097824522E-06	-3.004980826671946E-06	2.680908691440135E-05	2.936813248540918E-05	1.563615684959809E-04	1.548145467706813E-04	1.547527712572857E-04	1.642187160570774E-04	1.641088143438013E-04	2.500194514371501E-06	3.600812965924441E-05	4.015608642391642E-05	7.432551118587003E-05	7.428255634803167E-05	7.650762725195619E-05	7.648894970266096E-05
DCN:CapNL	-4.527689476473994E-06	-4.478909217126534E-06	-3.432721837701291E-06	-3.428438054298281E-06	2.606815580568413E-05	2.827202896304787E-05	1.548145467706812E-04	1.912593087707490E-04	1.554633398938058E-04	1.786248894387997E-04	1.723095006014918E-04	2.449064986280076E-06	3.741462279443196E-05	4.189952048073352E-05	9.302008166534761E-05	7.763408991704493E-05	9.720804329330112E-05	8.043076225777310E-05
DCN:CapNR	-4.341868967086407E-06	-4.576176798808231E-06	-3.317877121153870E-06	-3.449531170007888E-06	2.604747501750598E-05	2.824980014122819E-05	1.547527712572855E-04	1.554633398938058E-04	1.911774259132264E-04	1.723694172538383E-04	1.783757799505155E-04	2.463204580310341E-06	3.739795445591412E-05	4.188100370012885E-05	7.762623859984338E-05	9.289656276854035E-05	8.040181461179599E-05	9.711307456409378E-05
DCN:QL_S_L	-4.310813150692352E-05	-6.896742294304268E-05	-2.350836991950565E-05	-6.502480456906338E-05	2.847999771453316E-05	3.038209927648016E-05	1.642187160570777E-04	1.786248894387997E-04	1.723694172538383E-04	5.813701488965694E-04	2.868901403532710E-04	2.863155896255790E-06	4.491553590395831E-05	4.947379412460995E-05	1.417063010202521E-04	1.102810051696246E-04	1.584490964536937E-04	1.171688555712273E-04
DCN:QL_S_R	-6.824520836908190E-05	-4.326663347566160E-05	-6.429899810862636E-05	-2.374981384372728E-05	2.846984217920704E-05	3.038340294458685E-05	1.641088143438014E-04	1.723095006014919E-04	1.783757799505155E-04	2.868901403532710E-04	5.803047982146138E-04	2.886270385544284E-06	4.487045328161155E-05	4.941644767865716E-05	1.101514509064070E-04	1.414995484007214E-04	1.170796261295888E-04	1.582156755184156E-04
DCP:CapB1P	-2.606941885510750E-07	-2.401313389661237E-07	2.988813823455266E-07	3.070952786193929E-07	9.316259108585787E-07	1.043139568818851E-06	2.500194514371095E-06	2.449064986280205E-06	2.463204580310781E-06	2.863155896255823E-06	2.886270385544293E-06	7.296082947890277E-05	6.292805816244870E-05	6.329350113256705E-05	6.294769859320975E-05	6.296950742894981E-05	6.331537164120537E-05	6.332172412502539E-05
DCP:CapB2P	-4.205138844322721E-06	-4.240083502561535E-06	-3.429058323869238E-06	-3.467627159764297E-06	-1.983360213025401E-06	5.389429584105361E-06	3.600812965924523E-05	3.741462279443217E-05	3.739795445591360E-05	4.491553590395854E-05	4.487045328161206E-05	6.292805816244836E-05	2.144911551628972E-04	2.125006114302682E-04	2.124189155165865E-04	2.123858481840160E-04	2.140444266725054E-04	2.140081357054062E-04
DCP:CapB3P	-3.872134902430996E-06	-3.908726980754085E-06	-3.349089353190024E-06	-3.389953536215842E-06	-2.920929375016675E-06	4.257310370132772E-06	4.015608642391634E-05	4.189952048073344E-05	4.188100370012917E-05	4.947379412460987E-05	4.941644767865703E-05	6.329350113256704E-05	2.125006114302675E-04	2.196237066453893E-04	2.186377697049946E-04	2.186058679815950E-04	2.203830855959920E-04	2.203517055361323E-04
DCP:CapPL	-1.151827116597120E-05	-1.906645035804147E-05	-6.896421831960028E-06	-1.776914481478475E-05	-3.929186820792312E-06	3.266038908712471E-06	7.432551118586996E-05	9.302008166534728E-05	7.762623859984318E-05	1.417063010202517E-04	1.101514509064067E-04	6.294769859320938E-05	2.124189155165865E-04	2.186377697049946E-04	4.981424726155639E-04	2.525016047214038E-04	4.912257417214888E-04	2.564297284382591E-04
DCP:CapPR	-1.879986342654839E-05	-1.150523397890429E-05	-1.748886531916954E-05	-6.859997085816252E-06	-3.937352937296562E-06	3.261700809654726E-06	7.428255634803144E-05	7.763408991704489E-05	9.289656276854035E-05	1.102810051696244E-04	1.414995484007215E-04	6.296950742894892E-05	2.123858481840172E-04	2.186058679815947E-04	2.525016047214045E-04	4.979014050363270E-04	2.564573406237756E-04	4.910374408035032E-04
DCP:QH_D_L	-1.479746779182896E-05	-1.928303205081504E-05	-1.039652018332018E-05	-1.809789807324062E-05	-4.317091402669041E-06	2.953336825039718E-06	7.650762725195572E-05	9.720804329330110E-05	8.040181461179584E-05	1.584490964536928E-04	1.170796261295884E-04	6.331537164120518E-05	2.140444266725048E-04	2.203830855959916E-04	4.912257417214886E-04	2.564573406237751E-04	5.355918375203122E-04	2.597522973964895E-04
DCP:QH_D_R	-1.903411513392988E-05	-1.480938589786081E-05	-1.783084809709317E-05	-1.040035294264863E-05	-4.324569433133783E-06	2.952575353315954E-06	7.648894970266122E-05	8.043076225777333E-05	9.711307456409381E-05	1.171688555712268E-04	1.582156755184153E-04	6.332172412502585E-05	2.140081357054044E-04	2.203517055361324E-04	2.564297284382592E-04	4.910374408035034E-04	2.597522973964901E-04	5.355234295733235E-04

AC Resistance Matrix Coupling Coefficient
	AC:QH_S_L	AC:QH_S_R	AC:QL_D_L	AC:QL_D_R	DCN:CapB1N	DCN:CapB2N	DCN:CapB3N	DCN:CapNL	DCN:CapNR	DCN:QL_S_L	DCN:QL_S_R	DCP:CapB1P	DCP:CapB2P	DCP:CapB3P	DCP:CapPL	DCP:CapPR	DCP:QH_D_L	DCP:QH_D_R	
AC:QH_S_L	1.000000000000000E+00	1.157413712070635E-01	9.268321859369663E-01	1.138795562699484E-01	5.416962197964632E-03	2.358576130360969E-03	1.545162309417919E-02	1.635627802407610E-02	1.568836009022311E-02	8.932067077535154E-02	1.415347963926951E-01	1.524774462540064E-03	1.434480955593434E-02	1.305359132938621E-02	2.578277470331272E-02	4.209225177979557E-02	3.194402004003654E-02	4.109250294251838E-02
AC:QH_S_R	1.157413712070638E-01	1.000000000000000E+00	1.138081460962763E-01	9.266064653893352E-01	5.393474123165435E-03	2.284302860440138E-03	1.567565399880787E-02	1.617828773239580E-02	1.653316790173857E-02	1.428858491789930E-01	8.972151742865633E-02	1.404350610272954E-03	1.446243105616079E-02	1.317550634090240E-02	4.267412718016581E-02	2.575700519322058E-02	4.162266987516253E-02	3.196828939388516E-02
AC:QL_D_L	9.268321859369668E-01	1.138081460962765E-01	1.000000000000000E+00	1.069844381475065E-01	3.366906601906682E-03	5.960211376713946E-03	1.221907660349696E-02	1.274542737955992E-02	1.232165582580654E-02	5.006373333762897E-02	1.370576263103064E-01	1.796722732828760E-03	1.202256846067439E-02	1.160417332547212E-02	1.586624341655850E-02	4.024547321300952E-02	2.306737134450307E-02	3.956487909822525E-02
AC:QL_D_R	1.138795562699496E-01	9.266064653893358E-01	1.069844381475072E-01	1.000000000000000E+00	3.426296544172486E-03	6.060706715146467E-03	1.234206628425550E-02	1.273198722957168E-02	1.281306257207694E-02	1.385044954617152E-01	5.063412477062722E-02	1.846458012428055E-03	1.216014854224559E-02	1.174803726657966E-02	4.088847555398534E-02	1.578932025495697E-02	4.016264822949834E-02	2.308181829136622E-02
DCN:CapB1N	5.416962197964888E-03	5.393474123165836E-03	3.366906601906716E-03	3.426296544171790E-03	1.000000000000000E+00	8.825855484378990E-01	3.329415013065628E-01	2.927183423579585E-01	2.925487489589874E-01	1.834275248455614E-01	1.835303525677959E-01	1.693743328048484E-02	2.103041402836637E-02	3.060781782618374E-02	2.733863411047261E-02	2.740208379140716E-02	2.896844537413512E-02	2.902047764392736E-02
DCN:CapB2N	2.358576130361661E-03	2.284302860440415E-03	5.960211376713686E-03	6.060706715145846E-03	8.825855484379022E-01	1.000000000000000E+00	3.658770245553775E-01	3.184707151891665E-01	3.182884591648912E-01	1.962977091133461E-01	1.964862434302747E-01	1.902485499057328E-02	5.732735769691013E-02	4.475272875996870E-02	2.279651109360008E-02	2.277174241279728E-02	1.988015759442872E-02	1.987630118778938E-02
DCN:CapB3N	1.545162309417826E-02	1.567565399880763E-02	1.221907660349674E-02	1.234206628425576E-02	3.329415013065654E-01	3.658770245553722E-01	1.000000000000000E+00	8.952317278842477E-01	8.950661248739564E-01	5.446672703184374E-01	5.448021563875833E-01	2.340797836819081E-02	1.966214346148712E-01	2.166939382477190E-01	2.663152950578362E-01	2.662258093571470E-01	2.643764394412564E-01	2.643287792190316E-01
DCN:CapNL	1.635627802407645E-02	1.617828773239576E-02	1.274542737955919E-02	1.273198722957108E-02	2.927183423579585E-01	3.184707151891660E-01	8.952317278842470E-01	1.000000000000000E+00	8.130146994674761E-01	5.356786256276826E-01	5.172134999898207E-01	2.073214019795778E-02	1.847248770253450E-01	2.044363663914648E-01	3.013621041213544E-01	2.515761690063846E-01	3.037203806476210E-01	2.513168777116884E-01
DCN:CapNR	1.568836009022361E-02	1.653316790173887E-02	1.232165582580598E-02	1.281306257207663E-02	2.925487489589882E-01	3.182884591648930E-01	8.950661248739552E-01	8.130146994674757E-01	1.000000000000000E+00	5.170297630051158E-01	5.355370222207396E-01	2.085630153771887E-02	1.846821192120330E-01	2.043897760677327E-01	2.515437041218390E-01	3.010992434610850E-01	2.512641744819463E-01	3.035080125766101E-01
DCN:QL_S_L	8.932067077535148E-02	1.428858491789936E-01	5.006373333762833E-02	1.385044954617156E-01	1.834275248455634E-01	1.962977091133453E-01	5.446672703184382E-01	5.356786256276828E-01	5.170297630051159E-01	1.000000000000000E+00	4.939251926016278E-01	1.390188686615886E-02	1.271936784592296E-01	1.384551915133020E-01	2.633213126294200E-01	2.049758403734712E-01	2.839529780271807E-01	2.099890194225497E-01
DCN:QL_S_R	1.415347963926952E-01	8.972151742865646E-02	1.370576263103061E-01	5.063412477062706E-02	1.835303525677977E-01	1.964862434302739E-01	5.448021563875837E-01	5.172134999898209E-01	5.355370222207396E-01	4.939251926016276E-01	1.000000000000000E+00	1.402697591187452E-02	1.271825949983645E-01	1.384215899966753E-01	2.048732963674210E-01	2.632420699534821E-01	2.100082090705104E-01	2.838129389481758E-01
DCP:CapB1P	1.524774462540168E-03	1.404350610273023E-03	1.796722732829552E-03	1.846458012429002E-03	1.693743328048620E-02	1.902485499057239E-02	2.340797836818702E-02	2.073214019795887E-02	2.085630153772260E-02	1.390188686615903E-02	1.402697591187456E-02	1.000000000000000E+00	5.030310059210169E-01	5.000053253262964E-01	3.301856458111571E-01	3.303799923681854E-01	3.202928944578377E-01	3.203454882713220E-01
DCP:CapB2P	1.434480955593394E-02	1.446243105616062E-02	1.202256846067459E-02	1.216014854224615E-02	2.103041402836626E-02	5.732735769691179E-02	1.966214346148757E-01	1.847248770253460E-01	1.846821192120305E-01	1.271936784592303E-01	1.271825949983660E-01	5.030310059210142E-01	1.000000000000000E+00	9.790748199226246E-01	6.498478809656323E-01	6.499039929243329E-01	6.315129418455225E-01	6.314461963230154E-01
DCP:CapB3P	1.305359132938588E-02	1.317550634090214E-02	1.160417332547217E-02	1.174803726657955E-02	3.060781782618473E-02	4.475272875996638E-02	2.166939382477185E-01	2.044363663914644E-01	2.043897760677342E-01	1.384551915133017E-01	1.384215899966749E-01	5.000053253262963E-01	9.790748199226216E-01	1.000000000000000E+00	6.610111632615846E-01	6.610746915417711E-01	6.425718205645189E-01	6.425213596202766E-01
DCP:CapPL	2.578277470331278E-02	4.267412718016577E-02	1.586624341655835E-02	4.088847555398548E-02	2.733863411047101E-02	2.279651109360046E-02	2.663152950578360E-01	3.013621041213534E-01	2.515437041218383E-01	2.633213126294191E-01	2.048732963674204E-01	3.301856458111552E-01	6.498478809656323E-01	6.610111632615847E-01	1.000000000000000E+00	5.070090139240527E-01	9.510149763914545E-01	4.964806744624020E-01
DCP:CapPR	4.209225177979567E-02	2.575700519322049E-02	4.024547321300919E-02	1.578932025495704E-02	2.740208379140763E-02	2.277174241279943E-02	2.662258093571462E-01	2.515761690063845E-01	3.010992434610850E-01	2.049758403734708E-01	2.632420699534822E-01	3.303799923681807E-01	6.499039929243364E-01	6.610746915417701E-01	5.070090139240541E-01	1.000000000000000E+00	4.966226050684969E-01	9.509412651097900E-01
DCP:QH_D_L	3.194402004003645E-02	4.162266987516170E-02	2.306737134450342E-02	4.016264822949834E-02	2.896844537413337E-02	1.988015759442712E-02	2.643764394412548E-01	3.037203806476209E-01	2.512641744819458E-01	2.839529780271793E-01	2.100082090705097E-01	3.202928944578367E-01	6.315129418455206E-01	6.425718205645178E-01	9.510149763914540E-01	4.966226050684961E-01	1.000000000000000E+00	4.850127822956914E-01
DCP:QH_D_R	4.109250294251843E-02	3.196828939388509E-02	3.956487909822530E-02	2.308181829136624E-02	2.902047764392474E-02	1.987630118778658E-02	2.643287792190325E-01	2.513168777116891E-01	3.035080125766102E-01	2.099890194225489E-01	2.838129389481753E-01	3.203454882713244E-01	6.314461963230101E-01	6.425213596202771E-01	4.964806744624021E-01	9.509412651097905E-01	4.850127822956924E-01	1.000000000000000E+00

