Design Variation:  h_23='1.2mm' h_34='0.10000000000000001mm' h_diel='0.10000000000000001mm' r_anti='0.34999999999999998mm' t_L1='0.070000000000000007mm' t_L2='0.070000000000000007mm' t_L3='0.070000000000000007mm' t_L4='0.070000000000000007mm' t_pad='0.035000000000000003mm' via_r='0.14999999999999999mm' z_L1='0.17000000000000001mm' z_L3b='-1.2699999999999998mm' z_L3t='-1.2mm' z_L4b='-1.4399999999999999mm' z_L4t='-1.3699999999999999mm' z_top='0.24000000000000002mm'
Setup1:Sweep1
Problem Type:  DC RL, AC RL
R Units:ohm, L Units:nH
Reduce Matrix:  Original
Frequency:  200kHz

DC Inductance Matrix
	AC:QH_S_L	AC:QH_S_R	AC:QL_D_L	AC:QL_D_R	DCN:CapB1N	DCN:CapB2N	DCN:CapB3N	DCN:CapNL	DCN:CapNR	DCN:QL_S_L	DCN:QL_S_R	DCP:CapB1P	DCP:CapB2P	DCP:CapB3P	DCP:CapPL	DCP:CapPR	DCP:QH_D_L	DCP:QH_D_R	
AC:QH_S_L	2.616060046052188E+00	5.507061337262714E-01	2.325732313709410E+00	4.254552557118878E-01	1.436894410584490E-02	-1.423891776769946E-02	-3.298237319602008E-01	-3.857115001772160E-01	-4.425242114289178E-01	-1.105204720633256E+00	-1.660272498423622E+00	-2.307408127643835E-02	-2.777483469233012E-01	-3.142243200735677E-01	-4.674899195054016E-01	-8.404769308405093E-01	-5.914954385302269E-01	-9.320880503163694E-01
AC:QH_S_R	5.507061337262714E-01	2.607854417434932E+00	4.258574110693559E-01	2.316772245826313E+00	1.442398351164451E-02	-1.417719602672969E-02	-3.296236253990040E-01	-4.420579934257641E-01	-3.857027570462644E-01	-1.657585515981295E+00	-1.108122318905317E+00	-2.298404181186539E-02	-2.775844970104727E-01	-3.140496307062182E-01	-8.392366090678973E-01	-4.679434877698012E-01	-9.308772356493148E-01	-5.920900611408673E-01
AC:QL_D_L	2.325732313709410E+00	4.258574110693559E-01	2.224774331578053E+00	3.185334324495775E-01	1.152939691990505E-02	-1.027303059988345E-02	-2.482531214863168E-01	-2.791477667102878E-01	-3.443416842963421E-01	-6.242763261003815E-01	-1.382119912604517E+00	-1.708881796908541E-02	-2.099823720470943E-01	-2.375468265544434E-01	-2.886105549858606E-01	-6.923603611389764E-01	-3.661896607229181E-01	-7.684534970170481E-01
AC:QL_D_R	4.254552557118878E-01	2.316772245826313E+00	3.185334324495775E-01	2.215583663922452E+00	1.157908690589017E-02	-1.020678570615810E-02	-2.479345334252193E-01	-3.437399971463886E-01	-2.789720602821103E-01	-1.379026193494250E+00	-6.265140182355217E-01	-1.698685880563770E-02	-2.097332230892382E-01	-2.372745822016784E-01	-6.908941974325242E-01	-2.888573807541508E-01	-7.669815852396464E-01	-3.665335302584896E-01
DCN:CapB1N	1.436894410584490E-02	1.442398351164451E-02	1.152939691990505E-02	1.157908690589017E-02	1.152496782290188E-01	1.026900224817094E-01	5.669613769951823E-02	5.046057237218788E-02	5.046756072802659E-02	2.946098007442072E-02	2.949346539416656E-02	3.569424845152278E-02	-1.722546879902566E-04	-5.911347336558180E-03	-3.003135806895981E-02	-2.995040237344039E-02	-3.334872735201377E-02	-3.327646963522808E-02
DCN:CapB2N	-1.423891776769946E-02	-1.417719602672969E-02	-1.027303059988345E-02	-1.020678570615810E-02	1.026900224817094E-01	1.128982453199248E-01	1.415769650751525E-01	1.447804501058822E-01	1.447987070332291E-01	1.712946587783732E-01	1.713369867756707E-01	4.083499407187202E-02	9.319846075965192E-02	9.569543973212877E-02	1.152652762098883E-01	1.153410091271787E-01	1.197113541189828E-01	1.197783156105349E-01
DCN:CapB3N	-3.298237319602008E-01	-3.296236253990040E-01	-2.482531214863168E-01	-2.479345334252193E-01	5.669613769951823E-02	1.415769650751525E-01	1.115820002882194E+00	1.250266114216238E+00	1.250351987439570E+00	1.838061057536232E+00	1.838240296710670E+00	9.539629013035843E-02	7.929977083604034E-01	9.075652713196989E-01	1.524275547536790E+00	1.524255338641548E+00	1.623924473642010E+00	1.623873379433443E+00
DCN:CapNL	-3.857115001772160E-01	-4.420579934257641E-01	-2.791477667102878E-01	-3.437399971463886E-01	5.046057237218788E-02	1.447804501058822E-01	1.250266114216238E+00	1.517827931713311E+00	1.394978567384814E+00	2.276496973597894E+00	2.123967011701221E+00	1.021031947671087E-01	8.861806621608168E-01	1.015283987559125E+00	1.880368418652557E+00	1.690735066999155E+00	2.025567315762628E+00	1.807023789630547E+00
DCN:CapNR	-4.425242114289178E-01	-3.857027570462644E-01	-3.443416842963421E-01	-2.789720602821103E-01	5.046756072802659E-02	1.447987070332291E-01	1.250351987439570E+00	1.394978567384814E+00	1.518195484488156E+00	2.123939280255455E+00	2.277065907886919E+00	1.021379876511444E-01	8.862513416939594E-01	1.015365928692522E+00	1.690896045721438E+00	1.880548093673910E+00	1.807219108774164E+00	2.025756004332549E+00
DCN:QL_S_L	-1.105204720633256E+00	-1.657585515981295E+00	-6.242763261003815E-01	-1.379026193494250E+00	2.946098007442072E-02	1.712946587783732E-01	1.838061057536232E+00	2.276496973597894E+00	2.123939280255455E+00	5.458407180572558E+00	3.914985999856515E+00	1.431990076951580E-01	1.359631663279275E+00	1.552251211261804E+00	3.245539268048500E+00	2.726025045796838E+00	3.692170761159999E+00	3.016123753913461E+00
DCN:QL_S_R	-1.660272498423622E+00	-1.108122318905317E+00	-1.382119912604517E+00	-6.265140182355217E-01	2.949346539416656E-02	1.713369867756707E-01	1.838240296710670E+00	2.123967011701221E+00	2.277065907886919E+00	3.914985999856515E+00	5.458707853861087E+00	1.432956965003588E-01	1.359745199673968E+00	1.552373131439055E+00	2.726598882126225E+00	3.245679232487799E+00	3.016717726410326E+00	3.692248576523131E+00
DCP:CapB1P	-2.307408127643835E-02	-2.298404181186539E-02	-1.708881796908541E-02	-1.698685880563770E-02	3.569424845152278E-02	4.083499407187202E-02	9.539629013035843E-02	1.021031947671087E-01	1.021379876511444E-01	1.431990076951580E-01	1.432956965003588E-01	2.022628296834892E-01	2.500309622635710E-01	2.551282280932992E-01	2.896914163198758E-01	2.898540358825423E-01	2.963419629392916E-01	2.965035332919677E-01
DCP:CapB2P	-2.777483469233012E-01	-2.775844970104727E-01	-2.099823720470943E-01	-2.097332230892382E-01	-1.722546879902566E-04	9.319846075965192E-02	7.929977083604034E-01	8.861806621608168E-01	8.862513416939594E-01	1.359631663279275E+00	1.359745199673968E+00	2.500309622635710E-01	1.363137457482617E+00	1.436838686009960E+00	1.855556543666609E+00	1.855536833781156E+00	1.932886146587994E+00	1.932831856564874E+00
DCP:CapB3P	-3.142243200735677E-01	-3.140496307062182E-01	-2.375468265544434E-01	-2.372745822016784E-01	-5.911347336558180E-03	9.569543973212877E-02	9.075652713196989E-01	1.015283987559125E+00	1.015365928692522E+00	1.552251211261804E+00	1.552373131439055E+00	2.551282280932992E-01	1.436838686009960E+00	1.534756473903597E+00	2.016829265962245E+00	2.016787397667042E+00	2.104989116053956E+00	2.104911199864585E+00
DCP:CapPL	-4.674899195054016E-01	-8.392366090678973E-01	-2.886105549858606E-01	-6.908941974325242E-01	-3.003135806895981E-02	1.152652762098883E-01	1.524275547536790E+00	1.880368418652557E+00	1.690896045721438E+00	3.245539268048500E+00	2.726598882126225E+00	2.896914163198758E-01	1.855556543666609E+00	2.016829265962245E+00	4.031319463007873E+00	2.879196903055622E+00	4.256095636396783E+00	3.045682370894672E+00
DCP:CapPR	-8.404769308405093E-01	-4.679434877698012E-01	-6.923603611389764E-01	-2.888573807541508E-01	-2.995040237344039E-02	1.153410091271787E-01	1.524255338641548E+00	1.690735066999155E+00	1.880548093673910E+00	2.726025045796838E+00	3.245679232487799E+00	2.898540358825423E-01	1.855536833781156E+00	2.016787397667042E+00	2.879196903055622E+00	4.031092023801706E+00	3.045678002202070E+00	4.255774197378384E+00
DCP:QH_D_L	-5.914954385302269E-01	-9.308772356493148E-01	-3.661896607229181E-01	-7.669815852396464E-01	-3.334872735201377E-02	1.197113541189828E-01	1.623924473642010E+00	2.025567315762628E+00	1.807219108774164E+00	3.692170761159999E+00	3.016717726410326E+00	2.963419629392916E-01	1.932886146587994E+00	2.104989116053956E+00	4.256095636396783E+00	3.045678002202070E+00	4.639022126562501E+00	3.226698860259223E+00
DCP:QH_D_R	-9.320880503163694E-01	-5.920900611408673E-01	-7.684534970170481E-01	-3.665335302584896E-01	-3.327646963522808E-02	1.197783156105349E-01	1.623873379433443E+00	1.807023789630547E+00	2.025756004332549E+00	3.016123753913461E+00	3.692248576523131E+00	2.965035332919677E-01	1.932831856564874E+00	2.104911199864585E+00	3.045682370894672E+00	4.255774197378384E+00	3.226698860259223E+00	4.638694297394266E+00

DC Inductance Matrix Coupling Coefficient
	AC:QH_S_L	AC:QH_S_R	AC:QL_D_L	AC:QL_D_R	DCN:CapB1N	DCN:CapB2N	DCN:CapB3N	DCN:CapNL	DCN:CapNR	DCN:QL_S_L	DCN:QL_S_R	DCP:CapB1P	DCP:CapB2P	DCP:CapB3P	DCP:CapPL	DCP:CapPR	DCP:QH_D_L	DCP:QH_D_R	
AC:QH_S_L	1.000000000000000E+00	2.108406701413021E-01	9.640351971169729E-01	1.767201053391770E-01	2.616863927261209E-02	2.620049713487131E-02	1.930460750448728E-01	1.935652814679297E-01	2.220492625238166E-01	2.924730892754150E-01	4.393499629989397E-01	3.172068261982054E-02	1.470814161837780E-01	1.568181059492979E-01	1.439543486874358E-01	2.588156819667839E-01	1.697908661491274E-01	2.675686392764268E-01
AC:QH_S_R	2.108406701413021E-01	1.000000000000000E+00	1.767988986311451E-01	9.638236817507805E-01	2.631017185136526E-02	2.612793437552053E-02	1.932322401574875E-01	2.221909193904014E-01	1.938417062232954E-01	4.393405675382569E-01	2.936980780847317E-01	3.164657334228005E-02	1.472257277099435E-01	1.569773084507346E-01	2.588326989908561E-01	1.443246057213151E-01	2.676316774812523E-01	1.702347523262147E-01
AC:QL_D_L	9.640351971169729E-01	1.767988986311451E-01	1.000000000000000E+00	1.434722673652941E-01	2.276898900781453E-02	2.049802427334401E-02	1.575631534167246E-01	1.519077407597187E-01	1.873625416416788E-01	1.791434437031808E-01	3.966046625417722E-01	2.547481282240491E-02	1.205785421778607E-01	1.285542720151117E-01	9.637083450656751E-02	2.311946909421508E-01	1.139855694860065E-01	2.392085687444219E-01
AC:QL_D_R	1.767201053391770E-01	9.638236817507805E-01	1.434722673652941E-01	1.000000000000000E+00	2.291449948843673E-02	2.040804125521975E-02	1.576869935423877E-01	1.874453717110297E-01	1.521082553056551E-01	3.965477347764383E-01	1.801531207515205E-01	2.537528685336252E-02	1.206850091917915E-01	1.286729930614790E-01	2.311765937692763E-01	9.665582575715567E-02	2.392366088918756E-01	1.143330414190790E-01
DCN:CapB1N	2.616863927261209E-02	2.631017185136526E-02	2.276898900781453E-02	2.291449948843673E-02	1.000000000000000E+00	9.002534453128912E-01	1.581017009979750E-01	1.206482540139162E-01	1.206503554763496E-01	3.714448700727965E-02	3.718442046296182E-02	2.337869914099995E-01	4.345916357693146E-04	1.405551880162050E-02	4.405868225518948E-02	4.394115258013941E-02	4.560854129483052E-02	4.551132798035890E-02
DCN:CapB2N	2.620049713487131E-02	2.612793437552053E-02	2.049802427334401E-02	2.040804125521975E-02	9.002534453128912E-01	1.000000000000000E+00	3.988888813792799E-01	3.497478521363002E-01	3.497496110041075E-01	2.182062874890495E-01	2.182541965254918E-01	2.702283201119112E-01	2.375720349641804E-01	2.298941442937558E-01	1.708564158179327E-01	1.709734969292171E-01	1.654163849173564E-01	1.655147602585302E-01
DCN:CapB3N	1.930460750448728E-01	1.932322401574875E-01	1.575631534167246E-01	1.576869935423877E-01	1.581017009979750E-01	3.988888813792799E-01	1.000000000000000E+00	9.607139991337038E-01	9.606636760592607E-01	7.447832446715926E-01	7.448353583374157E-01	2.008058565965696E-01	6.429912086611718E-01	6.935233066701877E-01	7.186919887102219E-01	7.187027344596733E-01	7.137654692467484E-01	7.137682323843881E-01
DCN:CapNL	1.935652814679297E-01	2.221909193904014E-01	1.519077407597187E-01	1.874453717110297E-01	1.206482540139162E-01	3.497478521363002E-01	9.607139991337038E-01	1.000000000000000E+00	9.189511320389440E-01	7.909023066904846E-01	7.378899086951834E-01	1.842765282033201E-01	6.160857625341547E-01	6.652065693254052E-01	7.601653515380186E-01	6.835226866546233E-01	7.633473256247593E-01	6.810119358021574E-01
DCN:CapNR	2.220492625238166E-01	1.938417062232954E-01	1.873625416416788E-01	1.521082553056551E-01	1.206503554763496E-01	3.497496110041075E-01	9.606636760592607E-01	9.189511320389440E-01	1.000000000000000E+00	7.378112693580562E-01	7.909824133276541E-01	1.843170071499899E-01	6.160603128127218E-01	6.651797224374101E-01	6.834857323382015E-01	7.601673997855117E-01	6.809790328415397E-01	7.633529899410189E-01
DCN:QL_S_L	2.924730892754150E-01	4.393405675382569E-01	1.791434437031808E-01	3.965477347764383E-01	3.714448700727965E-02	2.182062874890495E-01	7.447832446715926E-01	7.909023066904846E-01	7.378112693580562E-01	1.000000000000000E+00	7.172198862049339E-01	1.362852968067740E-01	4.984464178112601E-01	5.363018630041576E-01	6.918792335127822E-01	5.811463581812382E-01	7.337288436106115E-01	5.994021771733181E-01
DCN:QL_S_R	4.393499629989397E-01	2.936980780847317E-01	3.966046625417722E-01	1.801531207515205E-01	3.718442046296182E-02	2.182541965254918E-01	7.448353583374157E-01	7.378899086951834E-01	7.909824133276541E-01	7.172198862049339E-01	1.000000000000000E+00	1.363735614553291E-01	4.984743118092151E-01	5.363292148592054E-01	5.812362856348868E-01	6.919095333706851E-01	5.994825242916031E-01	7.337500260867135E-01
DCP:CapB1P	3.172068261982054E-02	3.164657334228005E-02	2.547481282240491E-02	2.537528685336252E-02	2.337869914099995E-01	2.702283201119112E-01	2.008058565965696E-01	1.842765282033201E-01	1.843170071499899E-01	1.362852968067740E-01	1.363735614553291E-01	1.000000000000000E+00	4.761742725192885E-01	4.579106416044052E-01	3.208144933212718E-01	3.210036392897169E-01	3.059298768653683E-01	3.061074908532684E-01
DCP:CapB2P	1.470814161837780E-01	1.472257277099435E-01	1.205785421778607E-01	1.206850091917915E-01	4.345916357693146E-04	2.375720349641804E-01	6.429912086611718E-01	6.160857625341547E-01	6.160603128127218E-01	4.984464178112601E-01	4.984743118092151E-01	4.761742725192885E-01	1.000000000000000E+00	9.933869482423773E-01	7.915543854895311E-01	7.915683072163467E-01	7.686404319965343E-01	7.686460024895515E-01
DCP:CapB3P	1.568181059492979E-01	1.569773084507346E-01	1.285542720151117E-01	1.286729930614790E-01	1.405551880162050E-02	2.298941442937558E-01	6.935233066701877E-01	6.652065693254052E-01	6.651797224374101E-01	5.363018630041576E-01	5.363292148592054E-01	4.579106416044052E-01	9.933869482423773E-01	1.000000000000000E+00	8.108224969633109E-01	8.108285377300443E-01	7.888908077870171E-01	7.888894819946732E-01
DCP:CapPL	1.439543486874358E-01	2.588326989908561E-01	9.637083450656751E-02	2.311765937692763E-01	4.405868225518948E-02	1.708564158179327E-01	7.186919887102219E-01	7.601653515380186E-01	6.834857323382015E-01	6.918792335127822E-01	5.812362856348868E-01	3.208144933212718E-01	7.915543854895311E-01	8.108224969633109E-01	1.000000000000000E+00	7.142272281467460E-01	9.841800300961202E-01	7.043088178478327E-01
DCP:CapPR	2.588156819667839E-01	1.443246057213151E-01	2.311946909421508E-01	9.665582575715567E-02	4.394115258013941E-02	1.709734969292171E-01	7.187027344596733E-01	6.835226866546233E-01	7.601673997855117E-01	5.811463581812382E-01	6.919095333706851E-01	3.210036392897169E-01	7.915683072163467E-01	8.108285377300443E-01	7.142272281467460E-01	1.000000000000000E+00	7.043027892153577E-01	9.841682374240235E-01
DCP:QH_D_L	1.697908661491274E-01	2.676316774812523E-01	1.139855694860065E-01	2.392366088918756E-01	4.560854129483052E-02	1.654163849173564E-01	7.137654692467484E-01	7.633473256247593E-01	6.809790328415397E-01	7.337288436106115E-01	5.994825242916031E-01	3.059298768653683E-01	7.686404319965343E-01	7.888908077870171E-01	9.841800300961202E-01	7.043027892153577E-01	1.000000000000000E+00	6.955804025097544E-01
DCP:QH_D_R	2.675686392764268E-01	1.702347523262147E-01	2.392085687444219E-01	1.143330414190790E-01	4.551132798035890E-02	1.655147602585302E-01	7.137682323843881E-01	6.810119358021574E-01	7.633529899410189E-01	5.994021771733181E-01	7.337500260867135E-01	3.061074908532684E-01	7.686460024895515E-01	7.888894819946732E-01	7.043088178478327E-01	9.841682374240235E-01	6.955804025097544E-01	1.000000000000000E+00

DC Resistance Matrix
	AC:QH_S_L	AC:QH_S_R	AC:QL_D_L	AC:QL_D_R	DCN:CapB1N	DCN:CapB2N	DCN:CapB3N	DCN:CapNL	DCN:CapNR	DCN:QL_S_L	DCN:QL_S_R	DCP:CapB1P	DCP:CapB2P	DCP:CapB3P	DCP:CapPL	DCP:CapPR	DCP:QH_D_L	DCP:QH_D_R	
AC:QH_S_L	2.516540265272447E-04	4.016959440756515E-05	2.259991531232501E-04	4.016844334214811E-05	0.000000000000000E+00	0.000000000000000E+00	0.000000000000000E+00	0.000000000000000E+00	0.000000000000000E+00	0.000000000000000E+00	0.000000000000000E+00	0.000000000000000E+00	0.000000000000000E+00	0.000000000000000E+00	0.000000000000000E+00	0.000000000000000E+00	0.000000000000000E+00	0.000000000000000E+00
AC:QH_S_R	4.016959440756515E-05	2.512350022856362E-04	4.016815504921577E-05	2.255436203019120E-04	0.000000000000000E+00	0.000000000000000E+00	0.000000000000000E+00	0.000000000000000E+00	0.000000000000000E+00	0.000000000000000E+00	0.000000000000000E+00	0.000000000000000E+00	0.000000000000000E+00	0.000000000000000E+00	0.000000000000000E+00	0.000000000000000E+00	0.000000000000000E+00	0.000000000000000E+00
AC:QL_D_L	2.259991531232501E-04	4.016815504921577E-05	2.516033905513049E-04	4.016700402627715E-05	0.000000000000000E+00	0.000000000000000E+00	0.000000000000000E+00	0.000000000000000E+00	0.000000000000000E+00	0.000000000000000E+00	0.000000000000000E+00	0.000000000000000E+00	0.000000000000000E+00	0.000000000000000E+00	0.000000000000000E+00	0.000000000000000E+00	0.000000000000000E+00	0.000000000000000E+00
AC:QL_D_R	4.016844334214811E-05	2.255436203019120E-04	4.016700402627715E-05	2.512445438381522E-04	0.000000000000000E+00	0.000000000000000E+00	0.000000000000000E+00	0.000000000000000E+00	0.000000000000000E+00	0.000000000000000E+00	0.000000000000000E+00	0.000000000000000E+00	0.000000000000000E+00	0.000000000000000E+00	0.000000000000000E+00	0.000000000000000E+00	0.000000000000000E+00	0.000000000000000E+00
DCN:CapB1N	0.000000000000000E+00	0.000000000000000E+00	0.000000000000000E+00	0.000000000000000E+00	3.084602596418730E-05	2.688820205683548E-05	2.194112223647212E-05	2.186625592933078E-05	2.186704839355553E-05	2.176356728506576E-05	2.176361406887969E-05	0.000000000000000E+00	0.000000000000000E+00	0.000000000000000E+00	0.000000000000000E+00	0.000000000000000E+00	0.000000000000000E+00	0.000000000000000E+00
DCN:CapB2N	0.000000000000000E+00	0.000000000000000E+00	0.000000000000000E+00	0.000000000000000E+00	2.688820205683548E-05	3.082607901254339E-05	2.197582847378946E-05	2.190091962507363E-05	2.190153150861192E-05	2.179802261574699E-05	2.179795456068964E-05	0.000000000000000E+00	0.000000000000000E+00	0.000000000000000E+00	0.000000000000000E+00	0.000000000000000E+00	0.000000000000000E+00	0.000000000000000E+00
DCN:CapB3N	0.000000000000000E+00	0.000000000000000E+00	0.000000000000000E+00	0.000000000000000E+00	2.194112223647212E-05	2.197582847378946E-05	1.046093256400834E-04	9.830700027996611E-05	9.830429875129935E-05	9.441839918749049E-05	9.441619251953723E-05	0.000000000000000E+00	0.000000000000000E+00	0.000000000000000E+00	0.000000000000000E+00	0.000000000000000E+00	0.000000000000000E+00	0.000000000000000E+00
DCN:CapNL	0.000000000000000E+00	0.000000000000000E+00	0.000000000000000E+00	0.000000000000000E+00	2.186625592933078E-05	2.190091962507363E-05	9.830700027996611E-05	1.233441903197299E-04	9.322125526046228E-05	9.608084599701852E-05	9.270084672155290E-05	0.000000000000000E+00	0.000000000000000E+00	0.000000000000000E+00	0.000000000000000E+00	0.000000000000000E+00	0.000000000000000E+00	0.000000000000000E+00
DCN:CapNR	0.000000000000000E+00	0.000000000000000E+00	0.000000000000000E+00	0.000000000000000E+00	2.186704839355553E-05	2.190153150861192E-05	9.830429875129935E-05	9.322125526046228E-05	1.233899947065881E-04	9.269974345296832E-05	9.608241057819459E-05	0.000000000000000E+00	0.000000000000000E+00	0.000000000000000E+00	0.000000000000000E+00	0.000000000000000E+00	0.000000000000000E+00	0.000000000000000E+00
DCN:QL_S_L	0.000000000000000E+00	0.000000000000000E+00	0.000000000000000E+00	0.000000000000000E+00	2.176356728506576E-05	2.179802261574699E-05	9.441839918749049E-05	9.608084599701852E-05	9.269974345296832E-05	3.135363492964575E-04	1.384652025395243E-04	0.000000000000000E+00	0.000000000000000E+00	0.000000000000000E+00	0.000000000000000E+00	0.000000000000000E+00	0.000000000000000E+00	0.000000000000000E+00
DCN:QL_S_R	0.000000000000000E+00	0.000000000000000E+00	0.000000000000000E+00	0.000000000000000E+00	2.176361406887969E-05	2.179795456068964E-05	9.441619251953723E-05	9.270084672155290E-05	9.608241057819459E-05	1.384652025395243E-04	3.134378904295742E-04	0.000000000000000E+00	0.000000000000000E+00	0.000000000000000E+00	0.000000000000000E+00	0.000000000000000E+00	0.000000000000000E+00	0.000000000000000E+00
DCP:CapB1P	0.000000000000000E+00	0.000000000000000E+00	0.000000000000000E+00	0.000000000000000E+00	0.000000000000000E+00	0.000000000000000E+00	0.000000000000000E+00	0.000000000000000E+00	0.000000000000000E+00	0.000000000000000E+00	0.000000000000000E+00	5.834017712208299E-05	4.311657830112267E-05	4.311644015924943E-05	4.291088658350199E-05	4.290984991116241E-05	4.291120473412750E-05	4.291016630546278E-05
DCP:CapB2P	0.000000000000000E+00	0.000000000000000E+00	0.000000000000000E+00	0.000000000000000E+00	0.000000000000000E+00	0.000000000000000E+00	0.000000000000000E+00	0.000000000000000E+00	0.000000000000000E+00	0.000000000000000E+00	0.000000000000000E+00	4.311657830112267E-05	1.385457746664395E-04	1.345473838059914E-04	1.173342492548627E-04	1.173243785019183E-04	1.173361299522763E-04	1.173262728472489E-04
DCP:CapB3P	0.000000000000000E+00	0.000000000000000E+00	0.000000000000000E+00	0.000000000000000E+00	0.000000000000000E+00	0.000000000000000E+00	0.000000000000000E+00	0.000000000000000E+00	0.000000000000000E+00	0.000000000000000E+00	0.000000000000000E+00	4.311644015924943E-05	1.345473838059914E-04	1.385430019709027E-04	1.173342818797449E-04	1.173241513220789E-04	1.173361637020933E-04	1.173260463554471E-04
DCP:CapPL	0.000000000000000E+00	0.000000000000000E+00	0.000000000000000E+00	0.000000000000000E+00	0.000000000000000E+00	0.000000000000000E+00	0.000000000000000E+00	0.000000000000000E+00	0.000000000000000E+00	0.000000000000000E+00	0.000000000000000E+00	4.291088658350199E-05	1.173342492548627E-04	1.173342818797449E-04	2.931217506194827E-04	1.295427826110374E-04	2.761106926214078E-04	1.294417464413116E-04
DCP:CapPR	0.000000000000000E+00	0.000000000000000E+00	0.000000000000000E+00	0.000000000000000E+00	0.000000000000000E+00	0.000000000000000E+00	0.000000000000000E+00	0.000000000000000E+00	0.000000000000000E+00	0.000000000000000E+00	0.000000000000000E+00	4.290984991116241E-05	1.173243785019183E-04	1.173241513220789E-04	1.295427826110374E-04	2.930529580827975E-04	1.294428484602213E-04	2.760598491390684E-04
DCP:QH_D_L	0.000000000000000E+00	0.000000000000000E+00	0.000000000000000E+00	0.000000000000000E+00	0.000000000000000E+00	0.000000000000000E+00	0.000000000000000E+00	0.000000000000000E+00	0.000000000000000E+00	0.000000000000000E+00	0.000000000000000E+00	4.291120473412750E-05	1.173361299522763E-04	1.173361637020933E-04	2.761106926214078E-04	1.294428484602213E-04	3.022500128526917E-04	1.293422742831991E-04
DCP:QH_D_R	0.000000000000000E+00	0.000000000000000E+00	0.000000000000000E+00	0.000000000000000E+00	0.000000000000000E+00	0.000000000000000E+00	0.000000000000000E+00	0.000000000000000E+00	0.000000000000000E+00	0.000000000000000E+00	0.000000000000000E+00	4.291016630546278E-05	1.173262728472489E-04	1.173260463554471E-04	1.294417464413116E-04	2.760598491390684E-04	1.293422742831991E-04	3.022230343666757E-04

DC Resistance Matrix Coupling Coefficient
	AC:QH_S_L	AC:QH_S_R	AC:QL_D_L	AC:QL_D_R	DCN:CapB1N	DCN:CapB2N	DCN:CapB3N	DCN:CapNL	DCN:CapNR	DCN:QL_S_L	DCN:QL_S_R	DCP:CapB1P	DCP:CapB2P	DCP:CapB3P	DCP:CapPL	DCP:CapPR	DCP:QH_D_L	DCP:QH_D_R	
AC:QH_S_L	1.000000000000000E+00	1.597553577450195E-01	8.981453490707169E-01	1.597477464638994E-01	0.000000000000000E+00	0.000000000000000E+00	0.000000000000000E+00	0.000000000000000E+00	0.000000000000000E+00	0.000000000000000E+00	0.000000000000000E+00	0.000000000000000E+00	0.000000000000000E+00	0.000000000000000E+00	0.000000000000000E+00	0.000000000000000E+00	0.000000000000000E+00	0.000000000000000E+00
AC:QH_S_R	1.597553577450195E-01	1.000000000000000E+00	1.597657076353914E-01	8.977225922227346E-01	0.000000000000000E+00	0.000000000000000E+00	0.000000000000000E+00	0.000000000000000E+00	0.000000000000000E+00	0.000000000000000E+00	0.000000000000000E+00	0.000000000000000E+00	0.000000000000000E+00	0.000000000000000E+00	0.000000000000000E+00	0.000000000000000E+00	0.000000000000000E+00	0.000000000000000E+00
AC:QL_D_L	8.981453490707169E-01	1.597657076353914E-01	1.000000000000000E+00	1.597580958660735E-01	0.000000000000000E+00	0.000000000000000E+00	0.000000000000000E+00	0.000000000000000E+00	0.000000000000000E+00	0.000000000000000E+00	0.000000000000000E+00	0.000000000000000E+00	0.000000000000000E+00	0.000000000000000E+00	0.000000000000000E+00	0.000000000000000E+00	0.000000000000000E+00	0.000000000000000E+00
AC:QL_D_R	1.597477464638994E-01	8.977225922227346E-01	1.597580958660735E-01	1.000000000000000E+00	0.000000000000000E+00	0.000000000000000E+00	0.000000000000000E+00	0.000000000000000E+00	0.000000000000000E+00	0.000000000000000E+00	0.000000000000000E+00	0.000000000000000E+00	0.000000000000000E+00	0.000000000000000E+00	0.000000000000000E+00	0.000000000000000E+00	0.000000000000000E+00	0.000000000000000E+00
DCN:CapB1N	0.000000000000000E+00	0.000000000000000E+00	0.000000000000000E+00	0.000000000000000E+00	1.000000000000000E+00	8.719729437928421E-01	3.862549212743552E-01	3.544993700610522E-01	3.544464111442964E-01	2.213026038655141E-01	2.213378353388820E-01	0.000000000000000E+00	0.000000000000000E+00	0.000000000000000E+00	0.000000000000000E+00	0.000000000000000E+00	0.000000000000000E+00	0.000000000000000E+00
DCN:CapB2N	0.000000000000000E+00	0.000000000000000E+00	0.000000000000000E+00	0.000000000000000E+00	8.719729437928421E-01	1.000000000000000E+00	3.869910416908685E-01	3.551762016903946E-01	3.551201932842553E-01	2.217246645781407E-01	2.217587941912052E-01	0.000000000000000E+00	0.000000000000000E+00	0.000000000000000E+00	0.000000000000000E+00	0.000000000000000E+00	0.000000000000000E+00	0.000000000000000E+00
DCN:CapB3N	0.000000000000000E+00	0.000000000000000E+00	0.000000000000000E+00	0.000000000000000E+00	3.862549212743552E-01	3.869910416908685E-01	1.000000000000000E+00	8.654458383550342E-01	8.652614111129185E-01	5.213477253862231E-01	5.214174168743916E-01	0.000000000000000E+00	0.000000000000000E+00	0.000000000000000E+00	0.000000000000000E+00	0.000000000000000E+00	0.000000000000000E+00	0.000000000000000E+00
DCN:CapNL	0.000000000000000E+00	0.000000000000000E+00	0.000000000000000E+00	0.000000000000000E+00	3.544993700610522E-01	3.551762016903946E-01	8.654458383550342E-01	1.000000000000000E+00	7.556411922155809E-01	4.885775647994030E-01	4.714640731545674E-01	0.000000000000000E+00	0.000000000000000E+00	0.000000000000000E+00	0.000000000000000E+00	0.000000000000000E+00	0.000000000000000E+00	0.000000000000000E+00
DCN:CapNR	0.000000000000000E+00	0.000000000000000E+00	0.000000000000000E+00	0.000000000000000E+00	3.544464111442964E-01	3.551201932842553E-01	8.652614111129185E-01	7.556411922155809E-01	1.000000000000000E+00	4.712969300004787E-01	4.885715452509422E-01	0.000000000000000E+00	0.000000000000000E+00	0.000000000000000E+00	0.000000000000000E+00	0.000000000000000E+00	0.000000000000000E+00	0.000000000000000E+00
DCN:QL_S_L	0.000000000000000E+00	0.000000000000000E+00	0.000000000000000E+00	0.000000000000000E+00	2.213026038655141E-01	2.217246645781407E-01	5.213477253862231E-01	4.885775647994030E-01	4.712969300004787E-01	1.000000000000000E+00	4.416934396136367E-01	0.000000000000000E+00	0.000000000000000E+00	0.000000000000000E+00	0.000000000000000E+00	0.000000000000000E+00	0.000000000000000E+00	0.000000000000000E+00
DCN:QL_S_R	0.000000000000000E+00	0.000000000000000E+00	0.000000000000000E+00	0.000000000000000E+00	2.213378353388820E-01	2.217587941912052E-01	5.214174168743916E-01	4.714640731545674E-01	4.885715452509422E-01	4.416934396136367E-01	1.000000000000000E+00	0.000000000000000E+00	0.000000000000000E+00	0.000000000000000E+00	0.000000000000000E+00	0.000000000000000E+00	0.000000000000000E+00	0.000000000000000E+00
DCP:CapB1P	0.000000000000000E+00	0.000000000000000E+00	0.000000000000000E+00	0.000000000000000E+00	0.000000000000000E+00	0.000000000000000E+00	0.000000000000000E+00	0.000000000000000E+00	0.000000000000000E+00	0.000000000000000E+00	0.000000000000000E+00	1.000000000000000E+00	4.795829932491805E-01	4.795862556732401E-01	3.281403168199133E-01	3.281709007261716E-01	3.231496366103507E-01	3.231562391561302E-01
DCP:CapB2P	0.000000000000000E+00	0.000000000000000E+00	0.000000000000000E+00	0.000000000000000E+00	0.000000000000000E+00	0.000000000000000E+00	0.000000000000000E+00	0.000000000000000E+00	0.000000000000000E+00	0.000000000000000E+00	0.000000000000000E+00	4.795829932491805E-01	1.000000000000000E+00	9.711500079184017E-01	5.822428088699115E-01	5.822621570043633E-01	5.733924277153578E-01	5.733698482346785E-01
DCP:CapB3P	0.000000000000000E+00	0.000000000000000E+00	0.000000000000000E+00	0.000000000000000E+00	0.000000000000000E+00	0.000000000000000E+00	0.000000000000000E+00	0.000000000000000E+00	0.000000000000000E+00	0.000000000000000E+00	0.000000000000000E+00	4.795862556732401E-01	9.711500079184017E-01	1.000000000000000E+00	5.822487970204940E-01	5.822668559853035E-01	5.733983303378398E-01	5.733744788331510E-01
DCP:CapPL	0.000000000000000E+00	0.000000000000000E+00	0.000000000000000E+00	0.000000000000000E+00	0.000000000000000E+00	0.000000000000000E+00	0.000000000000000E+00	0.000000000000000E+00	0.000000000000000E+00	0.000000000000000E+00	0.000000000000000E+00	3.281403168199133E-01	5.822428088699115E-01	5.822487970204940E-01	1.000000000000000E+00	4.419937659539276E-01	9.276326764096803E-01	4.348971485307828E-01
DCP:CapPR	0.000000000000000E+00	0.000000000000000E+00	0.000000000000000E+00	0.000000000000000E+00	0.000000000000000E+00	0.000000000000000E+00	0.000000000000000E+00	0.000000000000000E+00	0.000000000000000E+00	0.000000000000000E+00	0.000000000000000E+00	3.281709007261716E-01	5.822621570043633E-01	5.822668559853035E-01	4.419937659539276E-01	1.000000000000000E+00	4.349324812704910E-01	9.276121121451005E-01
DCP:QH_D_L	0.000000000000000E+00	0.000000000000000E+00	0.000000000000000E+00	0.000000000000000E+00	0.000000000000000E+00	0.000000000000000E+00	0.000000000000000E+00	0.000000000000000E+00	0.000000000000000E+00	0.000000000000000E+00	0.000000000000000E+00	3.231496366103507E-01	5.733924277153578E-01	5.733983303378398E-01	9.276326764096803E-01	4.349324812704910E-01	1.000000000000000E+00	4.279505099756166E-01
DCP:QH_D_R	0.000000000000000E+00	0.000000000000000E+00	0.000000000000000E+00	0.000000000000000E+00	0.000000000000000E+00	0.000000000000000E+00	0.000000000000000E+00	0.000000000000000E+00	0.000000000000000E+00	0.000000000000000E+00	0.000000000000000E+00	3.231562391561302E-01	5.733698482346785E-01	5.733744788331510E-01	4.348971485307828E-01	9.276121121451005E-01	4.279505099756166E-01	1.000000000000000E+00

AC Inductance Matrix
	AC:QH_S_L	AC:QH_S_R	AC:QL_D_L	AC:QL_D_R	DCN:CapB1N	DCN:CapB2N	DCN:CapB3N	DCN:CapNL	DCN:CapNR	DCN:QL_S_L	DCN:QL_S_R	DCP:CapB1P	DCP:CapB2P	DCP:CapB3P	DCP:CapPL	DCP:CapPR	DCP:QH_D_L	DCP:QH_D_R	
AC:QH_S_L	1.331314461643471E+00	4.047376743325857E-01	1.258295272110642E+00	3.754824529649268E-01	-2.464022373926227E-04	-4.265658548141087E-04	-9.634776756521494E-03	-1.010818158208970E-03	-2.484563189870868E-02	-1.259266608250876E-01	-2.233345127054597E-01	-8.922584332216380E-04	-1.063467671999296E-02	-1.099956369018489E-02	3.226388302584200E-02	-9.378370821436961E-02	4.208723901070571E-02	-1.156363523616772E-01
AC:QH_S_R	4.047376743325859E-01	1.333582444940876E+00	3.753886680062758E-01	1.260600376950607E+00	-2.559888692160671E-04	-4.303701437460644E-04	-9.717150833895415E-03	-2.502992249418277E-02	-1.114496271847230E-03	-2.246146433660826E-01	-1.259476099462198E-01	-8.866980304160239E-04	-1.064798971251996E-02	-1.101808300184474E-02	-9.411060015941043E-02	3.244884926940392E-02	-1.162466177649873E-01	4.234902003192548E-02
AC:QL_D_L	1.258295272110641E+00	3.753886680062760E-01	1.277707068128070E+00	3.490544213209660E-01	2.654489796765376E-04	-5.158748788795825E-06	-7.164192113205936E-03	2.133231248623753E-04	-2.046665175361564E-02	-3.258314346667426E-02	-1.994547182609404E-01	-2.334678202973848E-04	-7.697489381076121E-03	-8.321273747764880E-03	4.001302292026499E-02	-8.495602285854963E-02	4.547139744962538E-02	-1.033253404515510E-01
AC:QL_D_R	3.754824529649267E-01	1.260600376950607E+00	3.490544213209660E-01	1.279991984671834E+00	2.737322844148192E-04	-5.298349570976489E-06	-7.225527843593105E-03	-2.062192158663768E-02	1.203815675728810E-04	-2.007346859851948E-01	-3.263397294828514E-02	-2.339644903010269E-04	-7.725151918732464E-03	-8.345864756787788E-03	-8.531902960680918E-02	4.015595111277072E-02	-1.039194192896277E-01	4.561834904184902E-02
DCN:CapB1N	-2.464022373926842E-04	-2.559888692161286E-04	2.654489796766435E-04	2.737322844147538E-04	4.727978819033735E-02	4.147952569389448E-02	4.094747462676777E-02	3.826940080294705E-02	3.824878197528814E-02	3.863626690216374E-02	3.865647214298752E-02	4.187081670471889E-03	3.534250616713261E-03	3.485849982824943E-03	-2.791067535145237E-03	-2.804372444693387E-03	-4.774492011715018E-03	-4.778374002652068E-03
DCN:CapB2N	-4.265658548139893E-04	-4.303701437458680E-04	-5.158748788689297E-06	-5.298349571195552E-06	4.147952569389460E-02	4.408555456528467E-02	4.372488431510634E-02	4.172184496532364E-02	4.171096646733378E-02	4.277603032953475E-02	4.278791807563757E-02	1.745947227689128E-03	1.244988225200977E-02	1.202465181204416E-02	8.943136764055334E-03	8.940497928860949E-03	7.883448416150660E-03	7.888195475712267E-03
DCN:CapB3N	-9.634776756521472E-03	-9.717150833895587E-03	-7.164192113205920E-03	-7.225527843593198E-03	4.094747462676776E-02	4.372488431510593E-02	2.405730266740667E-01	2.446087609507313E-01	2.445282141066887E-01	2.608184040937210E-01	2.607237314988125E-01	-1.020797876584121E-03	9.506427835126946E-02	1.075807595032143E-01	2.048843060906443E-01	2.048484430601123E-01	2.059262113710068E-01	2.058924534799772E-01
DCN:CapNL	-1.010818158208793E-03	-2.502992249418253E-02	2.133231248623782E-04	-2.062192158663783E-02	3.826940080294674E-02	4.172184496532347E-02	2.446087609507310E-01	3.031432888168198E-01	2.539534436185844E-01	3.170309704495533E-01	2.813214033867683E-01	8.207820810086029E-04	9.548181794667061E-02	1.076734415288293E-01	2.601095397966937E-01	2.202019689557748E-01	2.607504698385018E-01	2.242740630764076E-01
DCN:CapNR	-2.484563189870841E-02	-1.114496271847229E-03	-2.046665175361567E-02	1.203815675729129E-04	3.824878197528798E-02	4.171096646733371E-02	2.445282141066887E-01	2.539534436185842E-01	3.029195824501748E-01	2.813939190208528E-01	3.167462840236788E-01	8.309830342273179E-04	9.546191088912662E-02	1.076465229370122E-01	2.202022785770626E-01	2.599774446641786E-01	2.243132480751465E-01	2.606556387579549E-01
DCN:QL_S_L	-1.259266608250876E-01	-2.246146433660827E-01	-3.258314346667435E-02	-2.007346859851947E-01	3.863626690216346E-02	4.277603032953464E-02	2.608184040937210E-01	3.170309704495533E-01	2.813939190208529E-01	9.932234657429443E-01	4.527566447081496E-01	2.317483532854248E-03	1.143867350379501E-01	1.273234357510601E-01	3.801119343957086E-01	2.953205265298318E-01	4.523106143010769E-01	3.157647087568534E-01
DCN:QL_S_R	-2.233345127054596E-01	-1.259476099462198E-01	-1.994547182609404E-01	-3.263397294828515E-02	3.865647214298726E-02	4.278791807563734E-02	2.607237314988126E-01	2.813214033867682E-01	3.167462840236789E-01	4.527566447081493E-01	9.916263491423414E-01	2.312863064983397E-03	1.143402674175519E-01	1.272648472744549E-01	2.951175412768815E-01	3.797967674831058E-01	3.157502354133980E-01	4.513561963846344E-01
DCP:CapB1P	-8.922584332217520E-04	-8.866980304160354E-04	-2.334678202974611E-04	-2.339644903009378E-04	4.187081670471616E-03	1.745947227689009E-03	-1.020797876584658E-03	8.207820810086216E-04	8.309830342275929E-04	2.317483532854066E-03	2.312863064983192E-03	9.725968064990093E-02	8.594707073613062E-02	8.638100468034016E-02	9.266966674984109E-02	9.268305083805742E-02	9.336154320876248E-02	9.336877656436041E-02
DCP:CapB2P	-1.063467671999271E-02	-1.064798971251979E-02	-7.697489381076427E-03	-7.725151918732707E-03	3.534250616713485E-03	1.244988225200953E-02	9.506427835127003E-02	9.548181794666985E-02	9.546191088912608E-02	1.143867350379496E-01	1.143402674175522E-01	8.594707073613059E-02	6.219287509363761E-01	6.236987728682277E-01	6.555598592175654E-01	6.555731003325161E-01	6.550466770858275E-01	6.550416812094156E-01
DCP:CapB3P	-1.099956369018523E-02	-1.101808300184502E-02	-8.321273747764799E-03	-8.345864756787547E-03	3.485849982824783E-03	1.202465181204374E-02	1.075807595032145E-01	1.076734415288296E-01	1.076465229370123E-01	1.273234357510603E-01	1.272648472744548E-01	8.638100468034052E-02	6.236987728682279E-01	6.331983429883833E-01	6.683875225775244E-01	6.683957134646814E-01	6.683979235047469E-01	6.683948508941053E-01
DCP:CapPL	3.226388302584199E-02	-9.411060015941033E-02	4.001302292026490E-02	-8.531902960680957E-02	-2.791067535145579E-03	8.943136764055231E-03	2.048843060906439E-01	2.601095397966940E-01	2.202022785770635E-01	3.801119343957086E-01	2.951175412768815E-01	9.266966674984144E-02	6.555598592175671E-01	6.683875225775234E-01	1.554957640855702E+00	9.004517955669491E-01	1.562708431984621E+00	9.129998011336553E-01
DCP:CapPR	-9.378370821436954E-02	3.244884926940354E-02	-8.495602285854978E-02	4.015595111277088E-02	-2.804372444693665E-03	8.940497928860860E-03	2.048484430601127E-01	2.202019689557748E-01	2.599774446641785E-01	2.953205265298320E-01	3.797967674831060E-01	9.268305083805740E-02	6.555731003325179E-01	6.683957134646809E-01	9.004517955669488E-01	1.554936821668208E+00	9.131330725065399E-01	1.562602874267665E+00
DCP:QH_D_L	4.208723901070595E-02	-1.162466177649873E-01	4.547139744962535E-02	-1.039194192896275E-01	-4.774492011715422E-03	7.883448416150046E-03	2.059262113710073E-01	2.607504698385019E-01	2.243132480751460E-01	4.523106143010768E-01	3.157502354133980E-01	9.336154320876305E-02	6.550466770858270E-01	6.683979235047477E-01	1.562708431984622E+00	9.131330725065400E-01	1.648541544288994E+00	9.284323345412997E-01
DCP:QH_D_R	-1.156363523616770E-01	4.234902003192602E-02	-1.033253404515510E-01	4.561834904184862E-02	-4.778374002652270E-03	7.888195475711308E-03	2.058924534799768E-01	2.242740630764077E-01	2.606556387579550E-01	3.157647087568530E-01	4.513561963846341E-01	9.336877656436118E-02	6.550416812094159E-01	6.683948508941052E-01	9.129998011336555E-01	1.562602874267664E+00	9.284323345412986E-01	1.648019955702752E+00

AC Inductance Matrix Coupling Coefficient
	AC:QH_S_L	AC:QH_S_R	AC:QL_D_L	AC:QL_D_R	DCN:CapB1N	DCN:CapB2N	DCN:CapB3N	DCN:CapNL	DCN:CapNR	DCN:QL_S_L	DCN:QL_S_R	DCP:CapB1P	DCP:CapB2P	DCP:CapB3P	DCP:CapPL	DCP:CapPR	DCP:QH_D_L	DCP:QH_D_R	
AC:QH_S_L	1.000000000000000E+00	3.037549557046899E-01	9.647762222183840E-01	2.876376265555036E-01	9.821245361904668E-04	1.760749645840253E-03	1.702463718521991E-02	1.591141236232411E-03	3.912425195619312E-02	1.095100246697559E-01	1.943754838689127E-01	2.479613070689387E-03	1.168728542885263E-02	1.198023257155593E-02	2.242420361636534E-02	6.518245327010040E-02	2.840927582846656E-02	7.806795909280934E-02
AC:QH_S_R	3.037549557046901E-01	1.000000000000000E+00	2.875779441656589E-01	9.648590454531277E-01	1.019467501344570E-03	1.774941509553117E-03	1.715558543999479E-02	3.936639001714481E-02	1.753496931954556E-03	1.951662175110948E-01	1.095231601889289E-01	2.462064290489340E-03	1.169196134534385E-02	1.199019427382390E-02	6.535357156086419E-02	2.253372506316768E-02	7.840079071505598E-02	2.856618188219590E-02
AC:QL_D_L	9.647762222183839E-01	2.875779441656590E-01	1.000000000000000E+00	2.729441997674687E-01	1.080009686340388E-03	2.173604763341362E-05	1.292195155646742E-02	3.427664520753184E-04	3.289784700831670E-02	2.892369986047147E-02	1.771962948602429E-01	6.622850633370077E-04	8.635015724344441E-03	9.251332197197919E-03	2.838745330593690E-02	6.027290869376301E-02	3.133088804093812E-02	7.120491349973093E-02
AC:QL_D_R	2.876376265555036E-01	9.648590454531277E-01	2.729441997674686E-01	1.000000000000000E+00	1.112716775564680E-03	2.230431188675096E-05	1.302094450081496E-02	3.310560485919876E-02	1.933270813519389E-04	1.780308691686711E-01	2.896625136198015E-02	6.631013364056586E-04	8.658309113663828E-03	9.270386324817659E-03	6.047599199015663E-02	2.846360590945867E-02	7.153904496566947E-02	3.140904311218948E-02
DCN:CapB1N	9.821245361907119E-04	1.019467501344814E-03	1.080009686340818E-03	1.112716775564414E-03	1.000000000000000E+00	9.085479785312299E-01	3.839422408322117E-01	3.196611976437777E-01	3.196069199147568E-01	1.782928431913645E-01	1.785296801077079E-01	6.174577574678271E-02	2.061053495649308E-02	2.014656674101088E-02	1.029374256133285E-02	1.034288166886055E-02	1.710170701473815E-02	1.711832016152177E-02
DCN:CapB2N	1.760749645839760E-03	1.774941509552306E-03	2.173604763296477E-05	2.230431188767314E-05	9.085479785312326E-01	1.000000000000000E+00	4.245775717699056E-01	3.609037310168829E-01	3.609428339804894E-01	2.044225677199461E-01	2.046439794475900E-01	2.666346207355640E-02	7.518769530457174E-02	7.197049185753784E-02	3.415721369592451E-02	3.414736358739035E-02	2.924274438520289E-02	2.926498305436540E-02
DCN:CapB3N	1.702463718521987E-02	1.715558543999509E-02	1.292195155646740E-02	1.302094450081513E-02	3.839422408322117E-01	4.245775717699016E-01	1.000000000000000E+00	9.057838284808972E-01	9.058198535310118E-01	5.335698500901372E-01	5.338055292941815E-01	6.673441723393269E-03	2.457670024878968E-01	2.756393741082004E-01	3.349854513659192E-01	3.349290575540708E-01	3.269928189668983E-01	3.269909474600780E-01
DCN:CapNL	1.591141236232133E-03	3.936639001714444E-02	3.427664520753229E-04	3.310560485919900E-02	3.196611976437752E-01	3.609037310168814E-01	9.057838284808964E-01	1.000000000000000E+00	8.380432887685783E-01	5.777689855101156E-01	5.131032519889449E-01	4.780105346325943E-03	2.199005842334143E-01	2.457619988721486E-01	3.788549974175124E-01	3.207309310270401E-01	3.688511761234127E-01	3.173027521096164E-01
DCN:CapNR	3.912425195619270E-02	1.753496931954554E-03	3.289784700831674E-02	1.933270813519902E-04	3.196069199147555E-01	3.609428339804888E-01	9.058198535310119E-01	8.380432887685778E-01	1.000000000000000E+00	5.130120278011127E-01	5.779281179593420E-01	4.841300751295832E-03	2.199359035093872E-01	2.457912661346422E-01	3.208476424189987E-01	3.788049295075865E-01	3.174251264152237E-01	3.689115195150115E-01
DCN:QL_S_L	1.095100246697560E-01	1.951662175110948E-01	2.892369986047155E-02	1.780308691686711E-01	1.782928431913631E-01	2.044225677199456E-01	5.335698500901372E-01	5.777689855101154E-01	5.130120278011131E-01	1.000000000000000E+00	4.562126442871294E-01	7.456357999764202E-03	1.455398292845343E-01	1.605517259574782E-01	3.058642636906189E-01	2.376368430687014E-01	3.534787784892763E-01	2.468077943265343E-01
DCN:QL_S_R	1.943754838689126E-01	1.095231601889288E-01	1.771962948602429E-01	2.896625136198016E-02	1.785296801077067E-01	2.046439794475889E-01	5.338055292941817E-01	5.131032519889448E-01	5.779281179593421E-01	4.562126442871290E-01	1.000000000000000E+00	7.447482168484355E-03	1.455978149745032E-01	1.606070284028283E-01	2.376630758659521E-01	3.058587159731497E-01	2.469560703488576E-01	3.530727065863088E-01
DCP:CapB1P	2.479613070689704E-03	2.462064290489372E-03	6.622850633372242E-04	6.631013364054058E-04	6.174577574677869E-02	2.666346207355458E-02	6.673441723396779E-03	4.780105346326052E-03	4.841300751297434E-03	7.456357999763615E-03	7.447482168483693E-03	1.000000000000000E+00	3.494574816688381E-01	3.480823052235948E-01	2.382933376553986E-01	2.383293493594921E-01	2.331587154834729E-01	2.332136764975339E-01
DCP:CapB2P	1.168728542885236E-02	1.169196134534366E-02	8.635015724344783E-03	8.658309113664098E-03	2.061053495649438E-02	7.518769530457031E-02	2.457670024878983E-01	2.199005842334125E-01	2.199359035093860E-01	1.455398292845336E-01	1.455978149745037E-01	3.494574816688380E-01	1.000000000000000E+00	9.938816851299490E-01	6.666267777352131E-01	6.666447052195872E-01	6.469220927251290E-01	6.470195234447875E-01
DCP:CapB3P	1.198023257155630E-02	1.199019427382420E-02	9.251332197197827E-03	9.270386324817392E-03	2.014656674100996E-02	7.197049185753532E-02	2.756393741082009E-01	2.457619988721493E-01	2.457912661346423E-01	1.605517259574785E-01	1.606070284028283E-01	3.480823052235962E-01	9.938816851299493E-01	1.000000000000000E+00	6.735954852962396E-01	6.736082494605246E-01	6.542071089937310E-01	6.543076192958228E-01
DCP:CapPL	2.242420361636533E-02	6.535357156086412E-02	2.838745330593684E-02	6.047599199015691E-02	1.029374256133412E-02	3.415721369592412E-02	3.349854513659185E-01	3.788549974175128E-01	3.208476424190000E-01	3.058642636906189E-01	2.376630758659521E-01	2.382933376553995E-01	6.666267777352148E-01	6.735954852962386E-01	1.000000000000000E+00	5.790883301270251E-01	9.760424942131327E-01	5.703351897711229E-01
DCP:CapPR	6.518245327010036E-02	2.253372506316741E-02	6.027290869376312E-02	2.846360590945878E-02	1.034288166886157E-02	3.414736358739001E-02	3.349290575540714E-01	3.207309310270402E-01	3.788049295075863E-01	2.376368430687016E-01	3.058587159731500E-01	2.383293493594921E-01	6.666447052195890E-01	6.736082494605239E-01	5.790883301270249E-01	1.000000000000000E+00	5.703320145546509E-01	9.761375324873236E-01
DCP:QH_D_L	2.840927582846672E-02	7.840079071505604E-02	3.133088804093809E-02	7.153904496566933E-02	1.710170701473960E-02	2.924274438520061E-02	3.269928189668991E-01	3.688511761234128E-01	3.174251264152231E-01	3.534787784892763E-01	2.469560703488576E-01	2.331587154834743E-01	6.469220927251285E-01	6.542071089937318E-01	9.760424942131333E-01	5.703320145546509E-01	1.000000000000000E+00	5.632731839918090E-01
DCP:QH_D_R	7.806795909280917E-02	2.856618188219627E-02	7.120491349973095E-02	3.140904311218921E-02	1.711832016152250E-02	2.926498305436184E-02	3.269909474600773E-01	3.173027521096166E-01	3.689115195150116E-01	2.468077943265340E-01	3.530727065863086E-01	2.332136764975358E-01	6.470195234447877E-01	6.543076192958227E-01	5.703351897711230E-01	9.761375324873233E-01	5.632731839918084E-01	1.000000000000000E+00

AC Resistance Matrix
	AC:QH_S_L	AC:QH_S_R	AC:QL_D_L	AC:QL_D_R	DCN:CapB1N	DCN:CapB2N	DCN:CapB3N	DCN:CapNL	DCN:CapNR	DCN:QL_S_L	DCN:QL_S_R	DCP:CapB1P	DCP:CapB2P	DCP:CapB3P	DCP:CapPL	DCP:CapPR	DCP:QH_D_L	DCP:QH_D_R	
AC:QH_S_L	4.796580310973637E-04	5.274177691117145E-05	4.358966745079260E-04	4.925742781719170E-05	-9.981364250631735E-07	-4.939584159169338E-07	-5.432046401496865E-06	-6.077355825589923E-06	-6.534103872394347E-06	-6.194447855085881E-05	-9.690478157078027E-05	-3.848019307188245E-07	-5.771864302073099E-06	-5.384370809490652E-06	-1.636844585426355E-05	-2.295494393198895E-05	-1.910453345103026E-05	-2.438796918673702E-05
AC:QH_S_R	5.274177691117159E-05	4.802349974701251E-04	4.923652462361432E-05	4.362555147098810E-04	-9.993412917960236E-07	-4.856411890939121E-07	-5.526079784896528E-06	-6.744483235022083E-06	-6.167809590744400E-06	-9.798827064929864E-05	-6.212558046418240E-05	-3.605439378738583E-07	-5.826756226122451E-06	-5.443604515089158E-06	-2.333950186516317E-05	-1.633172441298449E-05	-2.476834634496633E-05	-1.906691351977247E-05
AC:QL_D_L	4.358966745079261E-04	4.923652462361475E-05	4.521234384593917E-04	4.382587222232821E-05	7.270095349627153E-07	1.080797011303811E-06	-3.954141122006887E-06	-4.237021906380278E-06	-4.919615657743698E-06	-3.418509439225229E-05	-8.983040410038660E-05	2.960240132463866E-07	-4.462286202609672E-06	-4.476786376906043E-06	-9.943040526610609E-06	-2.121846107884753E-05	-1.483656432335800E-05	-2.216431168236687E-05
AC:QL_D_R	4.925742781719205E-05	4.362555147098810E-04	4.382587222232834E-05	4.524357909698810E-04	7.406732728474789E-07	1.097520067716454E-06	-4.000350232492067E-06	-5.080134092977928E-06	-4.275500911495970E-06	-9.092509797305450E-05	-3.446634576545889E-05	3.013173922487494E-07	-4.527773756335929E-06	-4.545274771105030E-06	-2.162552967915047E-05	-9.870874552530635E-06	-2.255771909556460E-05	-1.480071607353112E-05
DCN:CapB1N	-9.981364250631515E-07	-9.993412917960694E-07	7.270095349628588E-07	7.406732728475780E-07	4.816203196129600E-05	4.196875459335156E-05	3.281496784164870E-05	3.071619688797602E-05	3.067971258035644E-05	3.370941346391175E-05	3.370454178810554E-05	1.118738300704019E-06	-1.860858675776918E-06	-2.636235315814380E-06	-5.582102264889375E-06	-5.596840850642727E-06	-7.423953316157015E-06	-7.435711504822181E-06
DCN:CapB2N	-4.939584159166505E-07	-4.856411890938960E-07	1.080797011303684E-06	1.097520067716592E-06	4.196875459335138E-05	4.654812419394412E-05	3.498831339341460E-05	3.249258248472087E-05	3.245604384109645E-05	3.522814201222943E-05	3.523374838008498E-05	2.626192977700117E-07	8.098511864888138E-06	6.900802493964313E-06	4.084613276139729E-06	4.079162993372110E-06	2.524274130882458E-06	2.525221527816685E-06
DCN:CapB3N	-5.432046401497229E-06	-5.526079784896518E-06	-3.954141122006784E-06	-4.000350232492117E-06	3.281496784164870E-05	3.498831339341504E-05	1.858524313780152E-04	1.848892727868791E-04	1.847862544123142E-04	1.990949362630560E-04	1.989415470683311E-04	2.970531015561357E-07	4.743013310353940E-05	5.337055522538193E-05	1.048637152084322E-04	1.047978740339974E-04	1.068248519869836E-04	1.067982230933851E-04
DCN:CapNL	-6.077355825589916E-06	-6.744483235022131E-06	-4.237021906380063E-06	-5.080134092977696E-06	3.071619688797558E-05	3.249258248472126E-05	1.848892727868786E-04	2.245869372758700E-04	1.878497723166411E-04	2.165565337671847E-04	2.091544437170076E-04	1.457119187421271E-06	4.853402923113952E-05	5.472656182847144E-05	1.307370297398225E-04	1.105194815529114E-04	1.345491162551878E-04	1.136705046304836E-04
DCN:CapNR	-6.534103872394265E-06	-6.167809590744535E-06	-4.919615657743934E-06	-4.275500911495875E-06	3.067971258035632E-05	3.245604384109599E-05	1.847862544123144E-04	1.878497723166409E-04	2.244170278211108E-04	2.092298047890077E-04	2.161656654470934E-04	1.479421994697843E-06	4.850361264013270E-05	5.469239792375098E-05	1.105080992821175E-04	1.305394963643906E-04	1.136305806863800E-04	1.344029886549709E-04
DCN:QL_S_L	-6.194447855085888E-05	-9.798827064929883E-05	-3.418509439225214E-05	-9.092509797305414E-05	3.370941346391164E-05	3.522814201222985E-05	1.990949362630558E-04	2.165565337671847E-04	2.092298047890080E-04	7.180978866797492E-04	3.558401212347114E-04	2.234008092919579E-06	5.968893911702948E-05	6.585683411052575E-05	1.983093817865236E-04	1.550884085864152E-04	2.200802204419774E-04	1.639541013666918E-04
DCN:QL_S_R	-9.690478157078043E-05	-6.212558046418260E-05	-8.983040410038664E-05	-3.446634576545891E-05	3.370454178810542E-05	3.523374838008525E-05	1.989415470683311E-04	2.091544437170074E-04	2.161656654470936E-04	3.558401212347111E-04	7.165216032088289E-04	2.253984329292431E-06	5.961873203473681E-05	6.576893953043415E-05	1.548907706370481E-04	1.980282610094618E-04	1.638165210296528E-04	2.197447726585081E-04
DCP:CapB1P	-3.848019307193098E-07	-3.605439378739599E-07	2.960240132464925E-07	3.013173922485791E-07	1.118738300703870E-06	2.626192977702370E-07	2.970531015559646E-07	1.457119187421929E-06	1.479421994697579E-06	2.234008092919577E-06	2.253984329292407E-06	8.145385434895736E-05	7.092576481910962E-05	7.153706338747955E-05	7.311346253621747E-05	7.314223166857489E-05	7.424838344675790E-05	7.426038630068413E-05
DCP:CapB2P	-5.771864302072603E-06	-5.826756226122573E-06	-4.462286202610371E-06	-4.527773756335894E-06	-1.860858675776935E-06	8.098511864888145E-06	4.743013310353874E-05	4.853402923113901E-05	4.850361264013477E-05	5.968893911703001E-05	5.961873203473695E-05	7.092576481910895E-05	2.549111664476502E-04	2.534198589851878E-04	2.606408054024022E-04	2.605948566529439E-04	2.618815835580244E-04	2.618264447662970E-04
DCP:CapB3P	-5.384370809490612E-06	-5.443604515089092E-06	-4.476786376905712E-06	-4.545274771105151E-06	-2.636235315814557E-06	6.900802493964023E-06	5.337055522538258E-05	5.472656182847203E-05	5.469239792375039E-05	6.585683411052585E-05	6.576893953043435E-05	7.153706338748006E-05	2.534198589851879E-04	2.614593913997504E-04	2.689236994565492E-04	2.688770676253834E-04	2.705899499049982E-04	2.705429940900960E-04
DCP:CapPL	-1.636844585426369E-05	-2.333950186516319E-05	-9.943040526610472E-06	-2.162552967915065E-05	-5.582102264889443E-06	4.084613276140769E-06	1.048637152084317E-04	1.307370297398225E-04	1.105080992821175E-04	1.983093817865238E-04	1.548907706370484E-04	7.311346253621647E-05	2.606408054024038E-04	2.689236994565486E-04	6.083992390526986E-04	3.111858579976480E-04	6.042645168515953E-04	3.173164035866583E-04
DCP:CapPR	-2.295494393198863E-05	-1.633172441298443E-05	-2.121846107884741E-05	-9.870874552530585E-06	-5.596840850642815E-06	4.079162993371439E-06	1.047978740339978E-04	1.105194815529113E-04	1.305394963643901E-04	1.550884085864150E-04	1.980282610094620E-04	7.314223166857538E-05	2.605948566529410E-04	2.688770676253845E-04	3.111858579976483E-04	6.080645424001745E-04	3.173619715020910E-04	6.040119574115327E-04
DCP:QH_D_L	-1.910453345103026E-05	-2.476834634496649E-05	-1.483656432335823E-05	-2.255771909556472E-05	-7.423953316157472E-06	2.524274130881629E-06	1.068248519869841E-04	1.345491162551881E-04	1.136305806863797E-04	2.200802204419773E-04	1.638165210296532E-04	7.424838344675864E-05	2.618815835580218E-04	2.705899499049983E-04	6.042645168515956E-04	3.173619715020909E-04	6.570377216954079E-04	3.230768049956515E-04
DCP:QH_D_R	-2.438796918673730E-05	-1.906691351977243E-05	-2.216431168236669E-05	-1.480071607353124E-05	-7.435711504822868E-06	2.525221527817226E-06	1.067982230933840E-04	1.136705046304840E-04	1.344029886549709E-04	1.639541013666912E-04	2.197447726585081E-04	7.426038630068335E-05	2.618264447662980E-04	2.705429940900936E-04	3.173164035866582E-04	6.040119574115318E-04	3.230768049956504E-04	6.569796119652890E-04

AC Resistance Matrix Coupling Coefficient
	AC:QH_S_L	AC:QH_S_R	AC:QL_D_L	AC:QL_D_R	DCN:CapB1N	DCN:CapB2N	DCN:CapB3N	DCN:CapNL	DCN:CapNR	DCN:QL_S_L	DCN:QL_S_R	DCP:CapB1P	DCP:CapB2P	DCP:CapB3P	DCP:CapPL	DCP:CapPR	DCP:QH_D_L	DCP:QH_D_R	
AC:QH_S_L	1.000000000000000E+00	1.098909667411772E-01	9.360287422485679E-01	1.057370994139602E-01	6.567069970632328E-03	3.305776110002706E-03	1.819338405423064E-02	1.851640017884517E-02	1.991554844791709E-02	1.055467625989748E-01	1.652968975032350E-01	1.946774111775468E-03	1.650653137908850E-02	1.520431917648492E-02	3.030032277166187E-02	4.250456113397618E-02	3.403105588129952E-02	4.344440276089143E-02
AC:QH_S_R	1.098909667411775E-01	1.000000000000000E+00	1.056651992760650E-01	9.359131513714091E-01	6.571046317431744E-03	3.248160782055836E-03	1.849720561475806E-02	2.053664661075856E-02	1.878780965705114E-02	1.668612011617148E-01	1.059080353864910E-01	1.822953012962982E-03	1.665349977712844E-02	1.536234589843395E-02	4.317877811324679E-02	3.022249399397976E-02	4.409353895792065E-02	3.394513556403907E-02
AC:QL_D_L	9.360287422485680E-01	1.056651992760660E-01	1.000000000000000E+00	9.689995615398819E-02	4.926734910566668E-03	7.450141682334255E-03	1.364079024015078E-02	1.329658003977190E-02	1.544453229099851E-02	5.999519209313561E-02	1.578265989803932E-01	1.542561938839524E-03	1.314420974556517E-02	1.302074211147285E-02	1.895816800212717E-02	4.046788729478117E-02	2.722135134061325E-02	4.066771690248282E-02
AC:QL_D_R	1.057370994139610E-01	9.359131513714091E-01	9.689995615398850E-02	1.000000000000000E+00	5.017597218562928E-03	7.562804970514291E-03	1.379543551261301E-02	1.593692221070574E-02	1.341777866053576E-02	1.595193886783409E-01	6.053438287638106E-02	1.569603301723831E-03	1.333250671346314E-02	1.321537656506665E-02	4.121866728478198E-02	1.881925019530835E-02	4.137343272827008E-02	2.714740391145735E-02
DCN:CapB1N	6.567069970632183E-03	6.571046317432045E-03	4.926734910567641E-03	5.017597218563599E-03	1.000000000000000E+00	8.863853895872720E-01	3.468450163289577E-01	2.953403570665213E-01	2.951012049017356E-01	1.812620848451287E-01	1.814351307533028E-01	1.786159698441570E-02	1.679447996703261E-02	2.349252241617766E-02	3.261001936311719E-02	3.270511775509435E-02	4.173377588710204E-02	4.180172313490470E-02
DCN:CapB2N	3.305776110000810E-03	3.248160782055729E-03	7.450141682333377E-03	7.562804970515242E-03	8.863853895872681E-01	1.000000000000000E+00	3.761731485818099E-01	3.177904863009065E-01	3.175532676369320E-01	1.926845184249207E-01	1.929270447536629E-01	4.265006758275998E-03	7.434635831707205E-02	6.255274644340070E-02	2.427199764502105E-02	2.424628060989360E-02	1.443411870139553E-02	1.444017460995396E-02
DCN:CapB3N	1.819338405423186E-02	1.849720561475802E-02	1.364079024015042E-02	1.379543551261319E-02	3.468450163289577E-01	3.761731485818147E-01	1.000000000000000E+00	9.049724212664811E-01	9.048105084141134E-01	5.449846455366769E-01	5.451634395282625E-01	2.414316196541182E-03	2.179093121270952E-01	2.421115312243196E-01	3.118507447964328E-01	3.117407021337468E-01	3.056983004758884E-01	3.056356129752443E-01
DCN:CapNL	1.851640017884515E-02	2.053664661075871E-02	1.329658003977122E-02	1.593692221070501E-02	2.953403570665171E-01	3.177904863009103E-01	9.049724212664785E-01	1.000000000000000E+00	8.367399861417973E-01	5.392463582365213E-01	5.213870081505216E-01	1.077325676804420E-02	2.028428346015976E-01	2.258415237632011E-01	3.536812496953105E-01	2.990692440157360E-01	3.502623452981541E-01	2.959235958210978E-01
DCN:CapNR	1.991554844791683E-02	1.878780965705155E-02	1.544453229099925E-02	1.341777866053546E-02	2.951012049017345E-01	3.175532676369275E-01	9.048105084141145E-01	8.367399861417967E-01	1.000000000000000E+00	5.211992983781719E-01	5.390687626577222E-01	1.094229321403093E-02	2.027924366949364E-01	2.257859631344222E-01	2.990693280606293E-01	3.533777408271951E-01	2.959185368536435E-01	3.500298458426448E-01
DCN:QL_S_L	1.055467625989749E-01	1.668612011617151E-01	5.999519209313534E-02	1.595193886783402E-01	1.812620848451282E-01	1.926845184249230E-01	5.449846455366765E-01	5.392463582365213E-01	5.211992983781725E-01	1.000000000000000E+00	4.960762606892156E-01	9.237130896089442E-03	1.395107281921877E-01	1.519871607427181E-01	3.000247656907732E-01	2.346997762207894E-01	3.204011278132247E-01	2.387011518478606E-01
DCN:QL_S_R	1.652968975032353E-01	1.059080353864914E-01	1.578265989803933E-01	6.053438287638110E-02	1.814351307533022E-01	1.929270447536644E-01	5.451634395282625E-01	5.213870081505213E-01	5.390687626577227E-01	4.960762606892152E-01	1.000000000000000E+00	9.329973881686666E-03	1.394998243111610E-01	1.519511781880524E-01	2.345938188287557E-01	3.000113529616563E-01	2.387524858954002E-01	3.202786299966222E-01
DCP:CapB1P	1.946774111777924E-03	1.822953012963496E-03	1.542561938840075E-03	1.569603301722944E-03	1.786159698441332E-02	4.265006758279657E-03	2.414316196539791E-03	1.077325676804906E-02	1.094229321402897E-02	9.237130896089435E-03	9.329973881686568E-03	1.000000000000000E+00	4.922137909304548E-01	4.901998403557928E-01	3.284333128147725E-01	3.286529595800398E-01	3.209490028637129E-01	3.210150827973093E-01
DCP:CapB2P	1.650653137908708E-02	1.665349977712879E-02	1.314420974556723E-02	1.333250671346304E-02	1.679447996703277E-02	7.434635831707212E-02	2.179093121270922E-01	2.028428346015955E-01	2.027924366949451E-01	1.395107281921889E-01	1.394998243111614E-01	4.922137909304502E-01	1.000000000000000E+00	9.816215674581964E-01	6.618409698765605E-01	6.619063841893249E-01	6.399048124053780E-01	6.397983745146003E-01
DCP:CapB3P	1.520431917648481E-02	1.536234589843376E-02	1.302074211147188E-02	1.321537656506701E-02	2.349252241617923E-02	6.255274644339807E-02	2.421115312243226E-01	2.258415237632035E-01	2.257859631344197E-01	1.519871607427183E-01	1.519511781880529E-01	4.901998403557963E-01	9.816215674581968E-01	1.000000000000000E+00	6.742681147421827E-01	6.743367063168327E-01	6.528514715056953E-01	6.527670480172373E-01
DCP:CapPL	3.030032277166212E-02	4.317877811324682E-02	1.895816800212691E-02	4.121866728478232E-02	3.261001936311758E-02	2.427199764502723E-02	3.118507447964312E-01	3.536812496953105E-01	2.990693280606295E-01	3.000247656907735E-01	2.345938188287562E-01	3.284333128147680E-01	6.618409698765645E-01	6.742681147421812E-01	1.000000000000000E+00	5.116237318707534E-01	9.557352619761524E-01	5.019058367100054E-01
DCP:CapPR	4.250456113397558E-02	3.022249399397964E-02	4.046788729478092E-02	1.881925019530825E-02	3.270511775509487E-02	2.424628060988961E-02	3.117407021337479E-01	2.990692440157357E-01	3.533777408271938E-01	2.346997762207891E-01	3.000113529616565E-01	3.286529595800419E-01	6.619063841893175E-01	6.743367063168355E-01	5.116237318707538E-01	1.000000000000000E+00	5.020938405642701E-01	9.556409478758590E-01
DCP:QH_D_L	3.403105588129952E-02	4.409353895792094E-02	2.722135134061367E-02	4.137343272827030E-02	4.173377588710461E-02	1.443411870139079E-02	3.056983004758898E-01	3.502623452981550E-01	2.959185368536429E-01	3.204011278132245E-01	2.387524858954007E-01	3.209490028637160E-01	6.399048124053717E-01	6.528514715056957E-01	9.557352619761528E-01	5.020938405642699E-01	1.000000000000000E+00	4.917390311914889E-01
DCP:QH_D_R	4.344440276089192E-02	3.394513556403899E-02	4.066771690248248E-02	2.714740391145756E-02	4.180172313490856E-02	1.444017460995705E-02	3.056356129752413E-01	2.959235958210988E-01	3.500298458426448E-01	2.387011518478597E-01	3.202786299966222E-01	3.210150827973058E-01	6.397983745146029E-01	6.527670480172315E-01	5.019058367100052E-01	9.556409478758576E-01	4.917390311914873E-01	1.000000000000000E+00

