Design Variation:  h_23='1.2mm' h_34='0.10000000000000001mm' h_diel='0.10000000000000001mm' r_anti='0.34999999999999998mm' t_L1='0.070000000000000007mm' t_L2='0.070000000000000007mm' t_L3='0.070000000000000007mm' t_L4='0.070000000000000007mm' t_pad='0.035000000000000003mm' via_r='0.14999999999999999mm' z_L1='0.17000000000000001mm' z_L3b='-1.2699999999999998mm' z_L3t='-1.2mm' z_L4b='-1.4399999999999999mm' z_L4t='-1.3699999999999999mm' z_top='0.24000000000000002mm'
Setup1:Sweep1
Problem Type:  DC RL, AC RL
R Units:ohm, L Units:nH
Reduce Matrix:  Original
Frequency:  100MHz

DC Inductance Matrix
	AC:QH_S_L	AC:QH_S_R	AC:QL_D_L	AC:QL_D_R	DCN:CapB1N	DCN:CapB2N	DCN:CapB3N	DCN:CapNL	DCN:CapNR	DCN:QL_S_L	DCN:QL_S_R	DCP:CapB1P	DCP:CapB2P	DCP:CapB3P	DCP:CapPL	DCP:CapPR	DCP:QH_D_L	DCP:QH_D_R	
AC:QH_S_L	2.616060046052188E+00	5.507061337262714E-01	2.325732313709410E+00	4.254552557118878E-01	1.436894410584490E-02	-1.423891776769946E-02	-3.298237319602008E-01	-3.857115001772160E-01	-4.425242114289178E-01	-1.105204720633256E+00	-1.660272498423622E+00	-2.307408127643835E-02	-2.777483469233012E-01	-3.142243200735677E-01	-4.674899195054016E-01	-8.404769308405093E-01	-5.914954385302269E-01	-9.320880503163694E-01
AC:QH_S_R	5.507061337262714E-01	2.607854417434932E+00	4.258574110693559E-01	2.316772245826313E+00	1.442398351164451E-02	-1.417719602672969E-02	-3.296236253990040E-01	-4.420579934257641E-01	-3.857027570462644E-01	-1.657585515981295E+00	-1.108122318905317E+00	-2.298404181186539E-02	-2.775844970104727E-01	-3.140496307062182E-01	-8.392366090678973E-01	-4.679434877698012E-01	-9.308772356493148E-01	-5.920900611408673E-01
AC:QL_D_L	2.325732313709410E+00	4.258574110693559E-01	2.224774331578053E+00	3.185334324495775E-01	1.152939691990505E-02	-1.027303059988345E-02	-2.482531214863168E-01	-2.791477667102878E-01	-3.443416842963421E-01	-6.242763261003815E-01	-1.382119912604517E+00	-1.708881796908541E-02	-2.099823720470943E-01	-2.375468265544434E-01	-2.886105549858606E-01	-6.923603611389764E-01	-3.661896607229181E-01	-7.684534970170481E-01
AC:QL_D_R	4.254552557118878E-01	2.316772245826313E+00	3.185334324495775E-01	2.215583663922452E+00	1.157908690589017E-02	-1.020678570615810E-02	-2.479345334252193E-01	-3.437399971463886E-01	-2.789720602821103E-01	-1.379026193494250E+00	-6.265140182355217E-01	-1.698685880563770E-02	-2.097332230892382E-01	-2.372745822016784E-01	-6.908941974325242E-01	-2.888573807541508E-01	-7.669815852396464E-01	-3.665335302584896E-01
DCN:CapB1N	1.436894410584490E-02	1.442398351164451E-02	1.152939691990505E-02	1.157908690589017E-02	1.152496782290188E-01	1.026900224817094E-01	5.669613769951823E-02	5.046057237218788E-02	5.046756072802659E-02	2.946098007442072E-02	2.949346539416656E-02	3.569424845152278E-02	-1.722546879902566E-04	-5.911347336558180E-03	-3.003135806895981E-02	-2.995040237344039E-02	-3.334872735201377E-02	-3.327646963522808E-02
DCN:CapB2N	-1.423891776769946E-02	-1.417719602672969E-02	-1.027303059988345E-02	-1.020678570615810E-02	1.026900224817094E-01	1.128982453199248E-01	1.415769650751525E-01	1.447804501058822E-01	1.447987070332291E-01	1.712946587783732E-01	1.713369867756707E-01	4.083499407187202E-02	9.319846075965192E-02	9.569543973212877E-02	1.152652762098883E-01	1.153410091271787E-01	1.197113541189828E-01	1.197783156105349E-01
DCN:CapB3N	-3.298237319602008E-01	-3.296236253990040E-01	-2.482531214863168E-01	-2.479345334252193E-01	5.669613769951823E-02	1.415769650751525E-01	1.115820002882194E+00	1.250266114216238E+00	1.250351987439570E+00	1.838061057536232E+00	1.838240296710670E+00	9.539629013035843E-02	7.929977083604034E-01	9.075652713196989E-01	1.524275547536790E+00	1.524255338641548E+00	1.623924473642010E+00	1.623873379433443E+00
DCN:CapNL	-3.857115001772160E-01	-4.420579934257641E-01	-2.791477667102878E-01	-3.437399971463886E-01	5.046057237218788E-02	1.447804501058822E-01	1.250266114216238E+00	1.517827931713311E+00	1.394978567384814E+00	2.276496973597894E+00	2.123967011701221E+00	1.021031947671087E-01	8.861806621608168E-01	1.015283987559125E+00	1.880368418652557E+00	1.690735066999155E+00	2.025567315762628E+00	1.807023789630547E+00
DCN:CapNR	-4.425242114289178E-01	-3.857027570462644E-01	-3.443416842963421E-01	-2.789720602821103E-01	5.046756072802659E-02	1.447987070332291E-01	1.250351987439570E+00	1.394978567384814E+00	1.518195484488156E+00	2.123939280255455E+00	2.277065907886919E+00	1.021379876511444E-01	8.862513416939594E-01	1.015365928692522E+00	1.690896045721438E+00	1.880548093673910E+00	1.807219108774164E+00	2.025756004332549E+00
DCN:QL_S_L	-1.105204720633256E+00	-1.657585515981295E+00	-6.242763261003815E-01	-1.379026193494250E+00	2.946098007442072E-02	1.712946587783732E-01	1.838061057536232E+00	2.276496973597894E+00	2.123939280255455E+00	5.458407180572558E+00	3.914985999856515E+00	1.431990076951580E-01	1.359631663279275E+00	1.552251211261804E+00	3.245539268048500E+00	2.726025045796838E+00	3.692170761159999E+00	3.016123753913461E+00
DCN:QL_S_R	-1.660272498423622E+00	-1.108122318905317E+00	-1.382119912604517E+00	-6.265140182355217E-01	2.949346539416656E-02	1.713369867756707E-01	1.838240296710670E+00	2.123967011701221E+00	2.277065907886919E+00	3.914985999856515E+00	5.458707853861087E+00	1.432956965003588E-01	1.359745199673968E+00	1.552373131439055E+00	2.726598882126225E+00	3.245679232487799E+00	3.016717726410326E+00	3.692248576523131E+00
DCP:CapB1P	-2.307408127643835E-02	-2.298404181186539E-02	-1.708881796908541E-02	-1.698685880563770E-02	3.569424845152278E-02	4.083499407187202E-02	9.539629013035843E-02	1.021031947671087E-01	1.021379876511444E-01	1.431990076951580E-01	1.432956965003588E-01	2.022628296834892E-01	2.500309622635710E-01	2.551282280932992E-01	2.896914163198758E-01	2.898540358825423E-01	2.963419629392916E-01	2.965035332919677E-01
DCP:CapB2P	-2.777483469233012E-01	-2.775844970104727E-01	-2.099823720470943E-01	-2.097332230892382E-01	-1.722546879902566E-04	9.319846075965192E-02	7.929977083604034E-01	8.861806621608168E-01	8.862513416939594E-01	1.359631663279275E+00	1.359745199673968E+00	2.500309622635710E-01	1.363137457482617E+00	1.436838686009960E+00	1.855556543666609E+00	1.855536833781156E+00	1.932886146587994E+00	1.932831856564874E+00
DCP:CapB3P	-3.142243200735677E-01	-3.140496307062182E-01	-2.375468265544434E-01	-2.372745822016784E-01	-5.911347336558180E-03	9.569543973212877E-02	9.075652713196989E-01	1.015283987559125E+00	1.015365928692522E+00	1.552251211261804E+00	1.552373131439055E+00	2.551282280932992E-01	1.436838686009960E+00	1.534756473903597E+00	2.016829265962245E+00	2.016787397667042E+00	2.104989116053956E+00	2.104911199864585E+00
DCP:CapPL	-4.674899195054016E-01	-8.392366090678973E-01	-2.886105549858606E-01	-6.908941974325242E-01	-3.003135806895981E-02	1.152652762098883E-01	1.524275547536790E+00	1.880368418652557E+00	1.690896045721438E+00	3.245539268048500E+00	2.726598882126225E+00	2.896914163198758E-01	1.855556543666609E+00	2.016829265962245E+00	4.031319463007873E+00	2.879196903055622E+00	4.256095636396783E+00	3.045682370894672E+00
DCP:CapPR	-8.404769308405093E-01	-4.679434877698012E-01	-6.923603611389764E-01	-2.888573807541508E-01	-2.995040237344039E-02	1.153410091271787E-01	1.524255338641548E+00	1.690735066999155E+00	1.880548093673910E+00	2.726025045796838E+00	3.245679232487799E+00	2.898540358825423E-01	1.855536833781156E+00	2.016787397667042E+00	2.879196903055622E+00	4.031092023801706E+00	3.045678002202070E+00	4.255774197378384E+00
DCP:QH_D_L	-5.914954385302269E-01	-9.308772356493148E-01	-3.661896607229181E-01	-7.669815852396464E-01	-3.334872735201377E-02	1.197113541189828E-01	1.623924473642010E+00	2.025567315762628E+00	1.807219108774164E+00	3.692170761159999E+00	3.016717726410326E+00	2.963419629392916E-01	1.932886146587994E+00	2.104989116053956E+00	4.256095636396783E+00	3.045678002202070E+00	4.639022126562501E+00	3.226698860259223E+00
DCP:QH_D_R	-9.320880503163694E-01	-5.920900611408673E-01	-7.684534970170481E-01	-3.665335302584896E-01	-3.327646963522808E-02	1.197783156105349E-01	1.623873379433443E+00	1.807023789630547E+00	2.025756004332549E+00	3.016123753913461E+00	3.692248576523131E+00	2.965035332919677E-01	1.932831856564874E+00	2.104911199864585E+00	3.045682370894672E+00	4.255774197378384E+00	3.226698860259223E+00	4.638694297394266E+00

DC Inductance Matrix Coupling Coefficient
	AC:QH_S_L	AC:QH_S_R	AC:QL_D_L	AC:QL_D_R	DCN:CapB1N	DCN:CapB2N	DCN:CapB3N	DCN:CapNL	DCN:CapNR	DCN:QL_S_L	DCN:QL_S_R	DCP:CapB1P	DCP:CapB2P	DCP:CapB3P	DCP:CapPL	DCP:CapPR	DCP:QH_D_L	DCP:QH_D_R	
AC:QH_S_L	1.000000000000000E+00	2.108406701413021E-01	9.640351971169729E-01	1.767201053391770E-01	2.616863927261209E-02	2.620049713487131E-02	1.930460750448728E-01	1.935652814679297E-01	2.220492625238166E-01	2.924730892754150E-01	4.393499629989397E-01	3.172068261982054E-02	1.470814161837780E-01	1.568181059492979E-01	1.439543486874358E-01	2.588156819667839E-01	1.697908661491274E-01	2.675686392764268E-01
AC:QH_S_R	2.108406701413021E-01	1.000000000000000E+00	1.767988986311451E-01	9.638236817507805E-01	2.631017185136526E-02	2.612793437552053E-02	1.932322401574875E-01	2.221909193904014E-01	1.938417062232954E-01	4.393405675382569E-01	2.936980780847317E-01	3.164657334228005E-02	1.472257277099435E-01	1.569773084507346E-01	2.588326989908561E-01	1.443246057213151E-01	2.676316774812523E-01	1.702347523262147E-01
AC:QL_D_L	9.640351971169729E-01	1.767988986311451E-01	1.000000000000000E+00	1.434722673652941E-01	2.276898900781453E-02	2.049802427334401E-02	1.575631534167246E-01	1.519077407597187E-01	1.873625416416788E-01	1.791434437031808E-01	3.966046625417722E-01	2.547481282240491E-02	1.205785421778607E-01	1.285542720151117E-01	9.637083450656751E-02	2.311946909421508E-01	1.139855694860065E-01	2.392085687444219E-01
AC:QL_D_R	1.767201053391770E-01	9.638236817507805E-01	1.434722673652941E-01	1.000000000000000E+00	2.291449948843673E-02	2.040804125521975E-02	1.576869935423877E-01	1.874453717110297E-01	1.521082553056551E-01	3.965477347764383E-01	1.801531207515205E-01	2.537528685336252E-02	1.206850091917915E-01	1.286729930614790E-01	2.311765937692763E-01	9.665582575715567E-02	2.392366088918756E-01	1.143330414190790E-01
DCN:CapB1N	2.616863927261209E-02	2.631017185136526E-02	2.276898900781453E-02	2.291449948843673E-02	1.000000000000000E+00	9.002534453128912E-01	1.581017009979750E-01	1.206482540139162E-01	1.206503554763496E-01	3.714448700727965E-02	3.718442046296182E-02	2.337869914099995E-01	4.345916357693146E-04	1.405551880162050E-02	4.405868225518948E-02	4.394115258013941E-02	4.560854129483052E-02	4.551132798035890E-02
DCN:CapB2N	2.620049713487131E-02	2.612793437552053E-02	2.049802427334401E-02	2.040804125521975E-02	9.002534453128912E-01	1.000000000000000E+00	3.988888813792799E-01	3.497478521363002E-01	3.497496110041075E-01	2.182062874890495E-01	2.182541965254918E-01	2.702283201119112E-01	2.375720349641804E-01	2.298941442937558E-01	1.708564158179327E-01	1.709734969292171E-01	1.654163849173564E-01	1.655147602585302E-01
DCN:CapB3N	1.930460750448728E-01	1.932322401574875E-01	1.575631534167246E-01	1.576869935423877E-01	1.581017009979750E-01	3.988888813792799E-01	1.000000000000000E+00	9.607139991337038E-01	9.606636760592607E-01	7.447832446715926E-01	7.448353583374157E-01	2.008058565965696E-01	6.429912086611718E-01	6.935233066701877E-01	7.186919887102219E-01	7.187027344596733E-01	7.137654692467484E-01	7.137682323843881E-01
DCN:CapNL	1.935652814679297E-01	2.221909193904014E-01	1.519077407597187E-01	1.874453717110297E-01	1.206482540139162E-01	3.497478521363002E-01	9.607139991337038E-01	1.000000000000000E+00	9.189511320389440E-01	7.909023066904846E-01	7.378899086951834E-01	1.842765282033201E-01	6.160857625341547E-01	6.652065693254052E-01	7.601653515380186E-01	6.835226866546233E-01	7.633473256247593E-01	6.810119358021574E-01
DCN:CapNR	2.220492625238166E-01	1.938417062232954E-01	1.873625416416788E-01	1.521082553056551E-01	1.206503554763496E-01	3.497496110041075E-01	9.606636760592607E-01	9.189511320389440E-01	1.000000000000000E+00	7.378112693580562E-01	7.909824133276541E-01	1.843170071499899E-01	6.160603128127218E-01	6.651797224374101E-01	6.834857323382015E-01	7.601673997855117E-01	6.809790328415397E-01	7.633529899410189E-01
DCN:QL_S_L	2.924730892754150E-01	4.393405675382569E-01	1.791434437031808E-01	3.965477347764383E-01	3.714448700727965E-02	2.182062874890495E-01	7.447832446715926E-01	7.909023066904846E-01	7.378112693580562E-01	1.000000000000000E+00	7.172198862049339E-01	1.362852968067740E-01	4.984464178112601E-01	5.363018630041576E-01	6.918792335127822E-01	5.811463581812382E-01	7.337288436106115E-01	5.994021771733181E-01
DCN:QL_S_R	4.393499629989397E-01	2.936980780847317E-01	3.966046625417722E-01	1.801531207515205E-01	3.718442046296182E-02	2.182541965254918E-01	7.448353583374157E-01	7.378899086951834E-01	7.909824133276541E-01	7.172198862049339E-01	1.000000000000000E+00	1.363735614553291E-01	4.984743118092151E-01	5.363292148592054E-01	5.812362856348868E-01	6.919095333706851E-01	5.994825242916031E-01	7.337500260867135E-01
DCP:CapB1P	3.172068261982054E-02	3.164657334228005E-02	2.547481282240491E-02	2.537528685336252E-02	2.337869914099995E-01	2.702283201119112E-01	2.008058565965696E-01	1.842765282033201E-01	1.843170071499899E-01	1.362852968067740E-01	1.363735614553291E-01	1.000000000000000E+00	4.761742725192885E-01	4.579106416044052E-01	3.208144933212718E-01	3.210036392897169E-01	3.059298768653683E-01	3.061074908532684E-01
DCP:CapB2P	1.470814161837780E-01	1.472257277099435E-01	1.205785421778607E-01	1.206850091917915E-01	4.345916357693146E-04	2.375720349641804E-01	6.429912086611718E-01	6.160857625341547E-01	6.160603128127218E-01	4.984464178112601E-01	4.984743118092151E-01	4.761742725192885E-01	1.000000000000000E+00	9.933869482423773E-01	7.915543854895311E-01	7.915683072163467E-01	7.686404319965343E-01	7.686460024895515E-01
DCP:CapB3P	1.568181059492979E-01	1.569773084507346E-01	1.285542720151117E-01	1.286729930614790E-01	1.405551880162050E-02	2.298941442937558E-01	6.935233066701877E-01	6.652065693254052E-01	6.651797224374101E-01	5.363018630041576E-01	5.363292148592054E-01	4.579106416044052E-01	9.933869482423773E-01	1.000000000000000E+00	8.108224969633109E-01	8.108285377300443E-01	7.888908077870171E-01	7.888894819946732E-01
DCP:CapPL	1.439543486874358E-01	2.588326989908561E-01	9.637083450656751E-02	2.311765937692763E-01	4.405868225518948E-02	1.708564158179327E-01	7.186919887102219E-01	7.601653515380186E-01	6.834857323382015E-01	6.918792335127822E-01	5.812362856348868E-01	3.208144933212718E-01	7.915543854895311E-01	8.108224969633109E-01	1.000000000000000E+00	7.142272281467460E-01	9.841800300961202E-01	7.043088178478327E-01
DCP:CapPR	2.588156819667839E-01	1.443246057213151E-01	2.311946909421508E-01	9.665582575715567E-02	4.394115258013941E-02	1.709734969292171E-01	7.187027344596733E-01	6.835226866546233E-01	7.601673997855117E-01	5.811463581812382E-01	6.919095333706851E-01	3.210036392897169E-01	7.915683072163467E-01	8.108285377300443E-01	7.142272281467460E-01	1.000000000000000E+00	7.043027892153577E-01	9.841682374240235E-01
DCP:QH_D_L	1.697908661491274E-01	2.676316774812523E-01	1.139855694860065E-01	2.392366088918756E-01	4.560854129483052E-02	1.654163849173564E-01	7.137654692467484E-01	7.633473256247593E-01	6.809790328415397E-01	7.337288436106115E-01	5.994825242916031E-01	3.059298768653683E-01	7.686404319965343E-01	7.888908077870171E-01	9.841800300961202E-01	7.043027892153577E-01	1.000000000000000E+00	6.955804025097544E-01
DCP:QH_D_R	2.675686392764268E-01	1.702347523262147E-01	2.392085687444219E-01	1.143330414190790E-01	4.551132798035890E-02	1.655147602585302E-01	7.137682323843881E-01	6.810119358021574E-01	7.633529899410189E-01	5.994021771733181E-01	7.337500260867135E-01	3.061074908532684E-01	7.686460024895515E-01	7.888894819946732E-01	7.043088178478327E-01	9.841682374240235E-01	6.955804025097544E-01	1.000000000000000E+00

DC Resistance Matrix
	AC:QH_S_L	AC:QH_S_R	AC:QL_D_L	AC:QL_D_R	DCN:CapB1N	DCN:CapB2N	DCN:CapB3N	DCN:CapNL	DCN:CapNR	DCN:QL_S_L	DCN:QL_S_R	DCP:CapB1P	DCP:CapB2P	DCP:CapB3P	DCP:CapPL	DCP:CapPR	DCP:QH_D_L	DCP:QH_D_R	
AC:QH_S_L	2.516540265272447E-04	4.016959440756515E-05	2.259991531232501E-04	4.016844334214811E-05	0.000000000000000E+00	0.000000000000000E+00	0.000000000000000E+00	0.000000000000000E+00	0.000000000000000E+00	0.000000000000000E+00	0.000000000000000E+00	0.000000000000000E+00	0.000000000000000E+00	0.000000000000000E+00	0.000000000000000E+00	0.000000000000000E+00	0.000000000000000E+00	0.000000000000000E+00
AC:QH_S_R	4.016959440756515E-05	2.512350022856362E-04	4.016815504921577E-05	2.255436203019120E-04	0.000000000000000E+00	0.000000000000000E+00	0.000000000000000E+00	0.000000000000000E+00	0.000000000000000E+00	0.000000000000000E+00	0.000000000000000E+00	0.000000000000000E+00	0.000000000000000E+00	0.000000000000000E+00	0.000000000000000E+00	0.000000000000000E+00	0.000000000000000E+00	0.000000000000000E+00
AC:QL_D_L	2.259991531232501E-04	4.016815504921577E-05	2.516033905513049E-04	4.016700402627715E-05	0.000000000000000E+00	0.000000000000000E+00	0.000000000000000E+00	0.000000000000000E+00	0.000000000000000E+00	0.000000000000000E+00	0.000000000000000E+00	0.000000000000000E+00	0.000000000000000E+00	0.000000000000000E+00	0.000000000000000E+00	0.000000000000000E+00	0.000000000000000E+00	0.000000000000000E+00
AC:QL_D_R	4.016844334214811E-05	2.255436203019120E-04	4.016700402627715E-05	2.512445438381522E-04	0.000000000000000E+00	0.000000000000000E+00	0.000000000000000E+00	0.000000000000000E+00	0.000000000000000E+00	0.000000000000000E+00	0.000000000000000E+00	0.000000000000000E+00	0.000000000000000E+00	0.000000000000000E+00	0.000000000000000E+00	0.000000000000000E+00	0.000000000000000E+00	0.000000000000000E+00
DCN:CapB1N	0.000000000000000E+00	0.000000000000000E+00	0.000000000000000E+00	0.000000000000000E+00	3.084602596418730E-05	2.688820205683548E-05	2.194112223647212E-05	2.186625592933078E-05	2.186704839355553E-05	2.176356728506576E-05	2.176361406887969E-05	0.000000000000000E+00	0.000000000000000E+00	0.000000000000000E+00	0.000000000000000E+00	0.000000000000000E+00	0.000000000000000E+00	0.000000000000000E+00
DCN:CapB2N	0.000000000000000E+00	0.000000000000000E+00	0.000000000000000E+00	0.000000000000000E+00	2.688820205683548E-05	3.082607901254339E-05	2.197582847378946E-05	2.190091962507363E-05	2.190153150861192E-05	2.179802261574699E-05	2.179795456068964E-05	0.000000000000000E+00	0.000000000000000E+00	0.000000000000000E+00	0.000000000000000E+00	0.000000000000000E+00	0.000000000000000E+00	0.000000000000000E+00
DCN:CapB3N	0.000000000000000E+00	0.000000000000000E+00	0.000000000000000E+00	0.000000000000000E+00	2.194112223647212E-05	2.197582847378946E-05	1.046093256400834E-04	9.830700027996611E-05	9.830429875129935E-05	9.441839918749049E-05	9.441619251953723E-05	0.000000000000000E+00	0.000000000000000E+00	0.000000000000000E+00	0.000000000000000E+00	0.000000000000000E+00	0.000000000000000E+00	0.000000000000000E+00
DCN:CapNL	0.000000000000000E+00	0.000000000000000E+00	0.000000000000000E+00	0.000000000000000E+00	2.186625592933078E-05	2.190091962507363E-05	9.830700027996611E-05	1.233441903197299E-04	9.322125526046228E-05	9.608084599701852E-05	9.270084672155290E-05	0.000000000000000E+00	0.000000000000000E+00	0.000000000000000E+00	0.000000000000000E+00	0.000000000000000E+00	0.000000000000000E+00	0.000000000000000E+00
DCN:CapNR	0.000000000000000E+00	0.000000000000000E+00	0.000000000000000E+00	0.000000000000000E+00	2.186704839355553E-05	2.190153150861192E-05	9.830429875129935E-05	9.322125526046228E-05	1.233899947065881E-04	9.269974345296832E-05	9.608241057819459E-05	0.000000000000000E+00	0.000000000000000E+00	0.000000000000000E+00	0.000000000000000E+00	0.000000000000000E+00	0.000000000000000E+00	0.000000000000000E+00
DCN:QL_S_L	0.000000000000000E+00	0.000000000000000E+00	0.000000000000000E+00	0.000000000000000E+00	2.176356728506576E-05	2.179802261574699E-05	9.441839918749049E-05	9.608084599701852E-05	9.269974345296832E-05	3.135363492964575E-04	1.384652025395243E-04	0.000000000000000E+00	0.000000000000000E+00	0.000000000000000E+00	0.000000000000000E+00	0.000000000000000E+00	0.000000000000000E+00	0.000000000000000E+00
DCN:QL_S_R	0.000000000000000E+00	0.000000000000000E+00	0.000000000000000E+00	0.000000000000000E+00	2.176361406887969E-05	2.179795456068964E-05	9.441619251953723E-05	9.270084672155290E-05	9.608241057819459E-05	1.384652025395243E-04	3.134378904295742E-04	0.000000000000000E+00	0.000000000000000E+00	0.000000000000000E+00	0.000000000000000E+00	0.000000000000000E+00	0.000000000000000E+00	0.000000000000000E+00
DCP:CapB1P	0.000000000000000E+00	0.000000000000000E+00	0.000000000000000E+00	0.000000000000000E+00	0.000000000000000E+00	0.000000000000000E+00	0.000000000000000E+00	0.000000000000000E+00	0.000000000000000E+00	0.000000000000000E+00	0.000000000000000E+00	5.834017712208299E-05	4.311657830112267E-05	4.311644015924943E-05	4.291088658350199E-05	4.290984991116241E-05	4.291120473412750E-05	4.291016630546278E-05
DCP:CapB2P	0.000000000000000E+00	0.000000000000000E+00	0.000000000000000E+00	0.000000000000000E+00	0.000000000000000E+00	0.000000000000000E+00	0.000000000000000E+00	0.000000000000000E+00	0.000000000000000E+00	0.000000000000000E+00	0.000000000000000E+00	4.311657830112267E-05	1.385457746664395E-04	1.345473838059914E-04	1.173342492548627E-04	1.173243785019183E-04	1.173361299522763E-04	1.173262728472489E-04
DCP:CapB3P	0.000000000000000E+00	0.000000000000000E+00	0.000000000000000E+00	0.000000000000000E+00	0.000000000000000E+00	0.000000000000000E+00	0.000000000000000E+00	0.000000000000000E+00	0.000000000000000E+00	0.000000000000000E+00	0.000000000000000E+00	4.311644015924943E-05	1.345473838059914E-04	1.385430019709027E-04	1.173342818797449E-04	1.173241513220789E-04	1.173361637020933E-04	1.173260463554471E-04
DCP:CapPL	0.000000000000000E+00	0.000000000000000E+00	0.000000000000000E+00	0.000000000000000E+00	0.000000000000000E+00	0.000000000000000E+00	0.000000000000000E+00	0.000000000000000E+00	0.000000000000000E+00	0.000000000000000E+00	0.000000000000000E+00	4.291088658350199E-05	1.173342492548627E-04	1.173342818797449E-04	2.931217506194827E-04	1.295427826110374E-04	2.761106926214078E-04	1.294417464413116E-04
DCP:CapPR	0.000000000000000E+00	0.000000000000000E+00	0.000000000000000E+00	0.000000000000000E+00	0.000000000000000E+00	0.000000000000000E+00	0.000000000000000E+00	0.000000000000000E+00	0.000000000000000E+00	0.000000000000000E+00	0.000000000000000E+00	4.290984991116241E-05	1.173243785019183E-04	1.173241513220789E-04	1.295427826110374E-04	2.930529580827975E-04	1.294428484602213E-04	2.760598491390684E-04
DCP:QH_D_L	0.000000000000000E+00	0.000000000000000E+00	0.000000000000000E+00	0.000000000000000E+00	0.000000000000000E+00	0.000000000000000E+00	0.000000000000000E+00	0.000000000000000E+00	0.000000000000000E+00	0.000000000000000E+00	0.000000000000000E+00	4.291120473412750E-05	1.173361299522763E-04	1.173361637020933E-04	2.761106926214078E-04	1.294428484602213E-04	3.022500128526917E-04	1.293422742831991E-04
DCP:QH_D_R	0.000000000000000E+00	0.000000000000000E+00	0.000000000000000E+00	0.000000000000000E+00	0.000000000000000E+00	0.000000000000000E+00	0.000000000000000E+00	0.000000000000000E+00	0.000000000000000E+00	0.000000000000000E+00	0.000000000000000E+00	4.291016630546278E-05	1.173262728472489E-04	1.173260463554471E-04	1.294417464413116E-04	2.760598491390684E-04	1.293422742831991E-04	3.022230343666757E-04

DC Resistance Matrix Coupling Coefficient
	AC:QH_S_L	AC:QH_S_R	AC:QL_D_L	AC:QL_D_R	DCN:CapB1N	DCN:CapB2N	DCN:CapB3N	DCN:CapNL	DCN:CapNR	DCN:QL_S_L	DCN:QL_S_R	DCP:CapB1P	DCP:CapB2P	DCP:CapB3P	DCP:CapPL	DCP:CapPR	DCP:QH_D_L	DCP:QH_D_R	
AC:QH_S_L	1.000000000000000E+00	1.597553577450195E-01	8.981453490707169E-01	1.597477464638994E-01	0.000000000000000E+00	0.000000000000000E+00	0.000000000000000E+00	0.000000000000000E+00	0.000000000000000E+00	0.000000000000000E+00	0.000000000000000E+00	0.000000000000000E+00	0.000000000000000E+00	0.000000000000000E+00	0.000000000000000E+00	0.000000000000000E+00	0.000000000000000E+00	0.000000000000000E+00
AC:QH_S_R	1.597553577450195E-01	1.000000000000000E+00	1.597657076353914E-01	8.977225922227346E-01	0.000000000000000E+00	0.000000000000000E+00	0.000000000000000E+00	0.000000000000000E+00	0.000000000000000E+00	0.000000000000000E+00	0.000000000000000E+00	0.000000000000000E+00	0.000000000000000E+00	0.000000000000000E+00	0.000000000000000E+00	0.000000000000000E+00	0.000000000000000E+00	0.000000000000000E+00
AC:QL_D_L	8.981453490707169E-01	1.597657076353914E-01	1.000000000000000E+00	1.597580958660735E-01	0.000000000000000E+00	0.000000000000000E+00	0.000000000000000E+00	0.000000000000000E+00	0.000000000000000E+00	0.000000000000000E+00	0.000000000000000E+00	0.000000000000000E+00	0.000000000000000E+00	0.000000000000000E+00	0.000000000000000E+00	0.000000000000000E+00	0.000000000000000E+00	0.000000000000000E+00
AC:QL_D_R	1.597477464638994E-01	8.977225922227346E-01	1.597580958660735E-01	1.000000000000000E+00	0.000000000000000E+00	0.000000000000000E+00	0.000000000000000E+00	0.000000000000000E+00	0.000000000000000E+00	0.000000000000000E+00	0.000000000000000E+00	0.000000000000000E+00	0.000000000000000E+00	0.000000000000000E+00	0.000000000000000E+00	0.000000000000000E+00	0.000000000000000E+00	0.000000000000000E+00
DCN:CapB1N	0.000000000000000E+00	0.000000000000000E+00	0.000000000000000E+00	0.000000000000000E+00	1.000000000000000E+00	8.719729437928421E-01	3.862549212743552E-01	3.544993700610522E-01	3.544464111442964E-01	2.213026038655141E-01	2.213378353388820E-01	0.000000000000000E+00	0.000000000000000E+00	0.000000000000000E+00	0.000000000000000E+00	0.000000000000000E+00	0.000000000000000E+00	0.000000000000000E+00
DCN:CapB2N	0.000000000000000E+00	0.000000000000000E+00	0.000000000000000E+00	0.000000000000000E+00	8.719729437928421E-01	1.000000000000000E+00	3.869910416908685E-01	3.551762016903946E-01	3.551201932842553E-01	2.217246645781407E-01	2.217587941912052E-01	0.000000000000000E+00	0.000000000000000E+00	0.000000000000000E+00	0.000000000000000E+00	0.000000000000000E+00	0.000000000000000E+00	0.000000000000000E+00
DCN:CapB3N	0.000000000000000E+00	0.000000000000000E+00	0.000000000000000E+00	0.000000000000000E+00	3.862549212743552E-01	3.869910416908685E-01	1.000000000000000E+00	8.654458383550342E-01	8.652614111129185E-01	5.213477253862231E-01	5.214174168743916E-01	0.000000000000000E+00	0.000000000000000E+00	0.000000000000000E+00	0.000000000000000E+00	0.000000000000000E+00	0.000000000000000E+00	0.000000000000000E+00
DCN:CapNL	0.000000000000000E+00	0.000000000000000E+00	0.000000000000000E+00	0.000000000000000E+00	3.544993700610522E-01	3.551762016903946E-01	8.654458383550342E-01	1.000000000000000E+00	7.556411922155809E-01	4.885775647994030E-01	4.714640731545674E-01	0.000000000000000E+00	0.000000000000000E+00	0.000000000000000E+00	0.000000000000000E+00	0.000000000000000E+00	0.000000000000000E+00	0.000000000000000E+00
DCN:CapNR	0.000000000000000E+00	0.000000000000000E+00	0.000000000000000E+00	0.000000000000000E+00	3.544464111442964E-01	3.551201932842553E-01	8.652614111129185E-01	7.556411922155809E-01	1.000000000000000E+00	4.712969300004787E-01	4.885715452509422E-01	0.000000000000000E+00	0.000000000000000E+00	0.000000000000000E+00	0.000000000000000E+00	0.000000000000000E+00	0.000000000000000E+00	0.000000000000000E+00
DCN:QL_S_L	0.000000000000000E+00	0.000000000000000E+00	0.000000000000000E+00	0.000000000000000E+00	2.213026038655141E-01	2.217246645781407E-01	5.213477253862231E-01	4.885775647994030E-01	4.712969300004787E-01	1.000000000000000E+00	4.416934396136367E-01	0.000000000000000E+00	0.000000000000000E+00	0.000000000000000E+00	0.000000000000000E+00	0.000000000000000E+00	0.000000000000000E+00	0.000000000000000E+00
DCN:QL_S_R	0.000000000000000E+00	0.000000000000000E+00	0.000000000000000E+00	0.000000000000000E+00	2.213378353388820E-01	2.217587941912052E-01	5.214174168743916E-01	4.714640731545674E-01	4.885715452509422E-01	4.416934396136367E-01	1.000000000000000E+00	0.000000000000000E+00	0.000000000000000E+00	0.000000000000000E+00	0.000000000000000E+00	0.000000000000000E+00	0.000000000000000E+00	0.000000000000000E+00
DCP:CapB1P	0.000000000000000E+00	0.000000000000000E+00	0.000000000000000E+00	0.000000000000000E+00	0.000000000000000E+00	0.000000000000000E+00	0.000000000000000E+00	0.000000000000000E+00	0.000000000000000E+00	0.000000000000000E+00	0.000000000000000E+00	1.000000000000000E+00	4.795829932491805E-01	4.795862556732401E-01	3.281403168199133E-01	3.281709007261716E-01	3.231496366103507E-01	3.231562391561302E-01
DCP:CapB2P	0.000000000000000E+00	0.000000000000000E+00	0.000000000000000E+00	0.000000000000000E+00	0.000000000000000E+00	0.000000000000000E+00	0.000000000000000E+00	0.000000000000000E+00	0.000000000000000E+00	0.000000000000000E+00	0.000000000000000E+00	4.795829932491805E-01	1.000000000000000E+00	9.711500079184017E-01	5.822428088699115E-01	5.822621570043633E-01	5.733924277153578E-01	5.733698482346785E-01
DCP:CapB3P	0.000000000000000E+00	0.000000000000000E+00	0.000000000000000E+00	0.000000000000000E+00	0.000000000000000E+00	0.000000000000000E+00	0.000000000000000E+00	0.000000000000000E+00	0.000000000000000E+00	0.000000000000000E+00	0.000000000000000E+00	4.795862556732401E-01	9.711500079184017E-01	1.000000000000000E+00	5.822487970204940E-01	5.822668559853035E-01	5.733983303378398E-01	5.733744788331510E-01
DCP:CapPL	0.000000000000000E+00	0.000000000000000E+00	0.000000000000000E+00	0.000000000000000E+00	0.000000000000000E+00	0.000000000000000E+00	0.000000000000000E+00	0.000000000000000E+00	0.000000000000000E+00	0.000000000000000E+00	0.000000000000000E+00	3.281403168199133E-01	5.822428088699115E-01	5.822487970204940E-01	1.000000000000000E+00	4.419937659539276E-01	9.276326764096803E-01	4.348971485307828E-01
DCP:CapPR	0.000000000000000E+00	0.000000000000000E+00	0.000000000000000E+00	0.000000000000000E+00	0.000000000000000E+00	0.000000000000000E+00	0.000000000000000E+00	0.000000000000000E+00	0.000000000000000E+00	0.000000000000000E+00	0.000000000000000E+00	3.281709007261716E-01	5.822621570043633E-01	5.822668559853035E-01	4.419937659539276E-01	1.000000000000000E+00	4.349324812704910E-01	9.276121121451005E-01
DCP:QH_D_L	0.000000000000000E+00	0.000000000000000E+00	0.000000000000000E+00	0.000000000000000E+00	0.000000000000000E+00	0.000000000000000E+00	0.000000000000000E+00	0.000000000000000E+00	0.000000000000000E+00	0.000000000000000E+00	0.000000000000000E+00	3.231496366103507E-01	5.733924277153578E-01	5.733983303378398E-01	9.276326764096803E-01	4.349324812704910E-01	1.000000000000000E+00	4.279505099756166E-01
DCP:QH_D_R	0.000000000000000E+00	0.000000000000000E+00	0.000000000000000E+00	0.000000000000000E+00	0.000000000000000E+00	0.000000000000000E+00	0.000000000000000E+00	0.000000000000000E+00	0.000000000000000E+00	0.000000000000000E+00	0.000000000000000E+00	3.231562391561302E-01	5.733698482346785E-01	5.733744788331510E-01	4.348971485307828E-01	9.276121121451005E-01	4.279505099756166E-01	1.000000000000000E+00

AC Inductance Matrix
	AC:QH_S_L	AC:QH_S_R	AC:QL_D_L	AC:QL_D_R	DCN:CapB1N	DCN:CapB2N	DCN:CapB3N	DCN:CapNL	DCN:CapNR	DCN:QL_S_L	DCN:QL_S_R	DCP:CapB1P	DCP:CapB2P	DCP:CapB3P	DCP:CapPL	DCP:CapPR	DCP:QH_D_L	DCP:QH_D_R	
AC:QH_S_L	1.124520963270399E+00	3.874280661924329E-01	1.064937323296546E+00	3.626615967021296E-01	-4.828485925274251E-05	-2.813027771079624E-04	-5.778361633375782E-03	2.273333017298630E-03	-1.874811968301871E-02	-7.769127578951192E-02	-1.492715816439739E-01	-4.047910681205077E-04	-6.683108568741814E-03	-7.060581279636120E-03	4.486054235056786E-02	-8.305863056829228E-02	5.358019708139748E-02	-1.014044674259833E-01
AC:QH_S_R	3.874280661924329E-01	1.125522854984611E+00	3.625963774021043E-01	1.065961716609278E+00	-5.147411106943077E-05	-2.856804308353330E-04	-5.775675948066173E-03	-1.874718719945524E-02	2.264807619482883E-03	-1.496107768470691E-01	-7.764788620940205E-02	-4.035376756357230E-04	-6.640091479986965E-03	-7.014403470408602E-03	-8.308440633770632E-02	4.498425556492874E-02	-1.016657363570223E-01	5.370810151664934E-02
AC:QL_D_L	1.064937323296546E+00	3.625963774021043E-01	1.085758061593151E+00	3.402192176527677E-01	-4.152285864361803E-05	-2.385999941887488E-04	-4.752657638544877E-03	2.703040271849461E-03	-1.632112719470864E-02	-4.664961296056092E-03	-1.339810032335076E-01	-3.488610051222596E-04	-5.159584607192311E-03	-5.479167118738752E-03	4.851142702564150E-02	-7.579464853479390E-02	5.684836089029242E-02	-9.224499360609806E-02
AC:QL_D_R	3.626615967021296E-01	1.065961716609278E+00	3.402192176527677E-01	1.086801163208503E+00	-4.416688655004521E-05	-2.428415835087587E-04	-4.755360806915028E-03	-1.633126459043941E-02	2.678868065935412E-03	-1.343275956399152E-01	-4.632110546722614E-03	-3.461508928134589E-04	-5.122548873807352E-03	-5.437502360572530E-03	-7.583993887996371E-02	4.857910484350290E-02	-9.250672413083415E-02	5.688787064753954E-02
DCN:CapB1N	-4.828485925274017E-05	-5.147411106944113E-05	-4.152285864361723E-05	-4.416688655003439E-05	3.307406796643587E-02	2.985945711543080E-02	2.682445680842574E-02	2.688079138833198E-02	2.688284036816257E-02	2.695230435669456E-02	2.695847964682456E-02	1.775086268343580E-03	1.071607678360170E-03	1.017867445977618E-03	1.097270303099419E-03	1.095480762930089E-03	1.150109869991215E-03	1.148546056917963E-03
DCN:CapB2N	-2.813027771079539E-04	-2.856804308353344E-04	-2.385999941887536E-04	-2.428415835087607E-04	2.985945711543081E-02	3.295472597995375E-02	3.046467622637842E-02	3.052998588470819E-02	3.053196979640907E-02	3.083272410537055E-02	3.083734183110913E-02	1.682955841208888E-03	6.469721661684830E-03	6.445452430861040E-03	7.218223573388264E-03	7.216261645328237E-03	7.278492968387561E-03	7.276292948420400E-03
DCN:CapB3N	-5.778361633375776E-03	-5.775675948066178E-03	-4.752657638544881E-03	-4.755360806915019E-03	2.682445680842573E-02	3.046467622637842E-02	1.585710608165863E-01	1.616610735269016E-01	1.616709799851373E-01	1.687729997319238E-01	1.687745163578067E-01	2.278171289638779E-03	6.259582341239954E-02	7.030722153458435E-02	1.289228811185633E-01	1.289352739418247E-01	1.305349649007001E-01	1.305285271046664E-01
DCN:CapNL	2.273333017298625E-03	-1.874718719945524E-02	2.703040271849468E-03	-1.633126459043941E-02	2.688079138833199E-02	3.052998588470819E-02	1.616610735269016E-01	2.107743195134014E-01	1.666536398627793E-01	2.148366516383683E-01	1.829245185441298E-01	2.336678249323096E-03	6.524009437468155E-02	7.310431059274122E-02	1.670372334962322E-01	1.382199280915386E-01	1.691456076076499E-01	1.411737851673608E-01
DCN:CapNR	-1.874811968301871E-02	2.264807619482891E-03	-1.632112719470864E-02	2.678868065935407E-03	2.688284036816257E-02	3.053196979640908E-02	1.616709799851373E-01	1.666536398627793E-01	2.107914966923653E-01	1.829599154509964E-01	2.148856513587945E-01	2.336428153558577E-03	6.525624655337042E-02	7.311907613002681E-02	1.382378822514342E-01	1.671053771103079E-01	1.412316105034858E-01	1.692133411259086E-01
DCN:QL_S_L	-7.769127578951192E-02	-1.496107768470691E-01	-4.664961296056086E-03	-1.343275956399152E-01	2.695230435669456E-02	3.083272410537055E-02	1.687729997319238E-01	2.148366516383683E-01	1.829599154509964E-01	6.346985449045477E-01	2.718650972174979E-01	2.666452821553057E-03	7.446534914703423E-02	8.277629632434173E-02	2.370221158646394E-01	1.824003718937507E-01	2.951498173970165E-01	1.962559451843795E-01
DCN:QL_S_R	-1.492715816439739E-01	-7.764788620940204E-02	-1.339810032335076E-01	-4.632110546722613E-03	2.695847964682455E-02	3.083734183110913E-02	1.687745163578067E-01	1.829245185441298E-01	2.148856513587945E-01	2.718650972174979E-01	6.344253392226546E-01	2.668108405461160E-03	7.447624139779341E-02	8.278648471713071E-02	1.823710314357412E-01	2.369246719554734E-01	1.963813402865312E-01	2.944686987488528E-01
DCP:CapB1P	-4.047910681205123E-04	-4.035376756357267E-04	-3.488610051222635E-04	-3.461508928134602E-04	1.775086268343577E-03	1.682955841208890E-03	2.278171289638775E-03	2.336678249323090E-03	2.336428153558581E-03	2.666452821553048E-03	2.668108405461155E-03	7.507152569796519E-02	6.600342635994380E-02	6.603784365645622E-02	6.683074002539863E-02	6.682994945841533E-02	6.687549185638804E-02	6.687232882439761E-02
DCP:CapB2P	-6.683108568741776E-03	-6.640091479986930E-03	-5.159584607192335E-03	-5.122548873807389E-03	1.071607678360145E-03	6.469721661684841E-03	6.259582341239957E-02	6.524009437468152E-02	6.525624655337040E-02	7.446534914703425E-02	7.447624139779345E-02	6.600342635994380E-02	5.142125167035314E-01	5.148129986103593E-01	5.319128298381951E-01	5.319694304186505E-01	5.336441412553050E-01	5.336907237923910E-01
DCP:CapB3P	-7.060581279636149E-03	-7.014403470408636E-03	-5.479167118738722E-03	-5.437502360572504E-03	1.017867445977635E-03	6.445452430861032E-03	7.030722153458434E-02	7.310431059274125E-02	7.311907613002684E-02	8.277629632434172E-02	8.278648471713070E-02	6.603784365645622E-02	5.148129986103593E-01	5.219406179653577E-01	5.395862964263777E-01	5.396443621441570E-01	5.413954557979349E-01	5.414426314722373E-01
DCP:CapPL	4.486054235056786E-02	-8.308440633770629E-02	4.851142702564151E-02	-7.583993887996374E-02	1.097270303099433E-03	7.218223573388253E-03	1.289228811185633E-01	1.670372334962322E-01	1.382378822514342E-01	2.370221158646394E-01	1.823710314357412E-01	6.683074002539865E-02	5.319128298381950E-01	5.395862964263778E-01	1.262630332474391E+00	7.444044838568185E-01	1.264809689689448E+00	7.516814746372079E-01
DCP:CapPR	-8.305863056829228E-02	4.498425556492875E-02	-7.579464853479390E-02	4.857910484350290E-02	1.095480762930074E-03	7.216261645328256E-03	1.289352739418247E-01	1.382199280915386E-01	1.671053771103079E-01	1.824003718937507E-01	2.369246719554734E-01	6.682994945841533E-02	5.319694304186505E-01	5.396443621441570E-01	7.444044838568185E-01	1.262828740490385E+00	7.517745753040875E-01	1.264861516678003E+00
DCP:QH_D_L	5.358019708139748E-02	-1.016657363570223E-01	5.684836089029242E-02	-9.250672413083413E-02	1.150109869991192E-03	7.278492968387577E-03	1.305349649007001E-01	1.691456076076499E-01	1.412316105034858E-01	2.951498173970165E-01	1.963813402865312E-01	6.687549185638801E-02	5.336441412553052E-01	5.413954557979348E-01	1.264809689689448E+00	7.517745753040875E-01	1.329321217890681E+00	7.607177819521181E-01
DCP:QH_D_R	-1.014044674259833E-01	5.370810151664933E-02	-9.224499360609806E-02	5.688787064753956E-02	1.148546056917968E-03	7.276292948420386E-03	1.305285271046664E-01	1.411737851673608E-01	1.692133411259087E-01	1.962559451843795E-01	2.944686987488528E-01	6.687232882439763E-02	5.336907237923911E-01	5.414426314722371E-01	7.516814746372079E-01	1.264861516678003E+00	7.607177819521181E-01	1.328758788195121E+00

AC Inductance Matrix Coupling Coefficient
	AC:QH_S_L	AC:QH_S_R	AC:QL_D_L	AC:QL_D_R	DCN:CapB1N	DCN:CapB2N	DCN:CapB3N	DCN:CapNL	DCN:CapNR	DCN:QL_S_L	DCN:QL_S_R	DCP:CapB1P	DCP:CapB2P	DCP:CapB3P	DCP:CapPL	DCP:CapPR	DCP:QH_D_L	DCP:QH_D_R	
AC:QH_S_L	1.000000000000000E+00	3.443738308179395E-01	9.637707442091737E-01	3.280520409583678E-01	2.503706313988868E-04	1.461273098947489E-03	1.368387109918208E-02	4.669500579793306E-03	3.850768367063758E-02	9.196121993308722E-02	1.767270777386397E-01	1.393187348423894E-03	8.788675236877824E-03	9.216077776397805E-03	3.764806266014185E-02	6.969935509524912E-02	4.382334868582838E-02	8.295646466693526E-02
AC:QH_S_R	3.443738308179395E-01	1.000000000000000E+00	3.280044761728484E-01	9.638055018437438E-01	2.667889814148865E-04	1.483352884988264E-03	1.367142214661813E-02	3.849019479217482E-02	4.649728710082068E-03	1.770116977685912E-01	9.188872343252577E-02	1.388255196842849E-03	8.728217934849774E-03	9.151726572525498E-03	6.969542211787796E-02	3.773211505256978E-02	8.311558826949211E-02	4.391769790840640E-02
AC:QL_D_L	9.637707442091737E-01	3.280044761728484E-01	1.000000000000000E+00	3.131967616649221E-01	2.191174203290796E-04	1.261377398647373E-03	1.145402254448377E-02	5.650373246538232E-03	3.411591897599348E-02	5.619501121591788E-03	1.614308129436214E-01	1.221935480502593E-03	6.905209911260216E-03	7.278425950571635E-03	4.143233501840035E-02	6.472913202492461E-02	4.731909691098367E-02	7.679858155692834E-02
AC:QL_D_R	3.280520409583678E-01	9.638055018437438E-01	3.131967616649221E-01	1.000000000000000E+00	2.329581619945591E-04	1.283184652026178E-03	1.145503606849657E-02	3.412211323541873E-02	5.596928180866950E-03	1.617359048799900E-01	5.578450809480073E-03	1.211860939810989E-03	6.852353218535726E-03	7.219612089418753E-03	6.474180716863923E-02	4.146696325801946E-02	7.696323005238452E-02	4.733926992715442E-02
DCN:CapB1N	2.503706313988747E-04	2.667889814149402E-04	2.191174203290753E-04	2.329581619945021E-04	1.000000000000000E+00	9.044389304436553E-01	3.704035695356032E-01	3.219507160154790E-01	3.219621376260861E-01	1.860237280235974E-01	1.861064086475314E-01	3.562361889523422E-02	8.217140023818192E-03	7.747059111995927E-03	5.369473570675325E-03	5.360295348062666E-03	5.485049545470758E-03	5.478750621912180E-03
DCN:CapB2N	1.461273098947445E-03	1.483352884988271E-03	1.261377398647398E-03	1.283184652026188E-03	9.044389304436558E-01	1.000000000000000E+00	4.214302916358807E-01	3.663185430158293E-01	3.663274205414970E-01	2.131912093024377E-01	2.132690440372355E-01	3.383578426209702E-02	4.969988944616019E-02	4.914552823879956E-02	3.538615438862641E-02	3.537375717594380E-02	3.477504062222515E-02	3.477188610087281E-02
DCN:CapB3N	1.368387109918206E-02	1.367142214661814E-02	1.145402254448378E-02	1.145503606849655E-02	3.704035695356032E-01	4.214302916358807E-01	1.000000000000000E+00	8.842694980484785E-01	8.842876533184407E-01	5.319946347580068E-01	5.321139517852870E-01	2.088030256587269E-02	2.192108615822572E-01	2.443866183318920E-01	2.881243264427444E-01	2.881293854014619E-01	2.843150979287986E-01	2.843612382491270E-01
DCN:CapNL	4.669500579793295E-03	3.849019479217482E-02	5.650373246538247E-03	3.412211323541872E-02	3.219507160154791E-01	3.663185430158293E-01	8.842694980484785E-01	1.000000000000000E+00	7.906411459119762E-01	5.873754297117807E-01	5.002335459832549E-01	1.857601046069664E-02	1.981684035816552E-01	2.204060899878953E-01	3.237921618639692E-01	2.679104082014506E-01	3.195485918929455E-01	2.667608768882167E-01
DCN:CapNR	3.850768367063758E-02	4.649728710082085E-03	3.411591897599348E-02	5.596928180866940E-03	3.219621376260861E-01	3.663274205414972E-01	8.842876533184407E-01	7.906411459119762E-01	1.000000000000000E+00	5.002022671494715E-01	5.876119416891814E-01	1.857326545736196E-02	1.982093897930266E-01	2.204416250668815E-01	2.679553416618735E-01	3.238856095117115E-01	2.668028100459512E-01	3.197311737701250E-01
DCN:QL_S_L	9.196121993308722E-02	1.770116977685912E-01	5.619501121591781E-03	1.617359048799900E-01	1.860237280235974E-01	2.131912093024377E-01	5.319946347580068E-01	5.873754297117807E-01	5.002022671494715E-01	1.000000000000000E+00	4.284295755789070E-01	1.221553610072233E-02	1.303464347790526E-01	1.438174856466724E-01	2.647689238322724E-01	2.037369214303383E-01	3.213244694609901E-01	2.137056456368672E-01
DCN:QL_S_R	1.767270777386397E-01	9.188872343252576E-02	1.614308129436214E-01	5.578450809480072E-03	1.861064086475314E-01	2.132690440372355E-01	5.321139517852870E-01	5.002335459832549E-01	5.876119416891814E-01	4.284295755789070E-01	1.000000000000000E+00	1.222575221860244E-02	1.303935678542061E-01	1.438661540911486E-01	2.037640128782304E-01	2.646962563361946E-01	2.138429766380448E-01	3.207198218321627E-01
DCP:CapB1P	1.393187348423910E-03	1.388255196842862E-03	1.221935480502606E-03	1.211860939810993E-03	3.562361889523416E-02	3.383578426209707E-02	2.088030256587266E-02	1.857601046069659E-02	1.857326545736199E-02	1.221553610072229E-02	1.222575221860242E-02	1.000000000000000E+00	3.359367668546281E-01	3.336143437895660E-01	2.170703666903402E-01	2.170507460201397E-01	2.116968518631022E-01	2.117316352473857E-01
DCP:CapB2P	8.788675236877774E-03	8.728217934849729E-03	6.905209911260247E-03	6.852353218535775E-03	8.217140023818003E-03	4.969988944616028E-02	2.192108615822572E-01	1.981684035816551E-01	1.982093897930265E-01	1.303464347790526E-01	1.303935678542062E-01	3.359367668546281E-01	1.000000000000000E+00	9.937282456263644E-01	6.601323783493385E-01	6.601507571490102E-01	6.454542362078656E-01	6.456471784297551E-01
DCP:CapB3P	9.216077776397843E-03	9.151726572525543E-03	7.278425950571595E-03	7.219612089418717E-03	7.747059111996057E-03	4.914552823879949E-02	2.443866183318919E-01	2.204060899878953E-01	2.204416250668816E-01	1.438174856466724E-01	1.438661540911486E-01	3.336143437895660E-01	9.937282456263644E-01	1.000000000000000E+00	6.646794544746693E-01	6.646987587823726E-01	6.499636817594261E-01	6.501578717173000E-01
DCP:CapPL	3.764806266014185E-02	6.969542211787794E-02	4.143233501840036E-02	6.474180716863924E-02	5.369473570675390E-03	3.538615438862636E-02	2.881243264427444E-01	3.237921618639692E-01	2.679553416618735E-01	2.647689238322724E-01	2.037640128782304E-01	2.170703666903403E-01	6.601323783493384E-01	6.646794544746694E-01	1.000000000000000E+00	5.895201344761575E-01	9.762748612868152E-01	5.803268479409392E-01
DCP:CapPR	6.969935509524912E-02	3.773211505256979E-02	6.472913202492461E-02	4.146696325801945E-02	5.360295348062589E-03	3.537375717594389E-02	2.881293854014619E-01	2.679104082014506E-01	3.238856095117115E-01	2.037369214303383E-01	2.646962563361946E-01	2.170507460201397E-01	6.601507571490102E-01	6.646987587823726E-01	5.895201344761575E-01	1.000000000000000E+00	5.802303436972283E-01	9.764447523783177E-01
DCP:QH_D_L	4.382334868582838E-02	8.311558826949211E-02	4.731909691098367E-02	7.696323005238451E-02	5.485049545470649E-03	3.477504062222523E-02	2.843150979287986E-01	3.195485918929455E-01	2.668028100459512E-01	3.213244694609901E-01	2.138429766380448E-01	2.116968518631022E-01	6.454542362078658E-01	6.499636817594260E-01	9.762748612868152E-01	5.802303436972283E-01	1.000000000000000E+00	5.723814160895140E-01
DCP:QH_D_R	8.295646466693524E-02	4.391769790840640E-02	7.679858155692834E-02	4.733926992715444E-02	5.478750621912206E-03	3.477188610087274E-02	2.843612382491270E-01	2.667608768882167E-01	3.197311737701251E-01	2.137056456368672E-01	3.207198218321627E-01	2.117316352473858E-01	6.456471784297552E-01	6.501578717172999E-01	5.803268479409392E-01	9.764447523783177E-01	5.723814160895140E-01	1.000000000000000E+00

AC Resistance Matrix
	AC:QH_S_L	AC:QH_S_R	AC:QL_D_L	AC:QL_D_R	DCN:CapB1N	DCN:CapB2N	DCN:CapB3N	DCN:CapNL	DCN:CapNR	DCN:QL_S_L	DCN:QL_S_R	DCP:CapB1P	DCP:CapB2P	DCP:CapB3P	DCP:CapPL	DCP:CapPR	DCP:QH_D_L	DCP:QH_D_R	
AC:QH_S_L	6.399665785705323E-03	5.727227915711003E-04	5.863517994608486E-03	4.280014436474536E-04	2.781423773155320E-06	-2.478902377461230E-06	-1.041014609077143E-04	-8.486066007397853E-05	-1.827336203845042E-04	-1.390281885953832E-03	-2.161530070128397E-03	-9.150799253198851E-06	-1.064086093736942E-04	-1.098156645679007E-04	-3.605195019822884E-04	-3.214113453498003E-04	-3.656317645543121E-04	-4.291238146164176E-04
AC:QH_S_R	5.727227915710934E-04	6.436754265964711E-03	4.268025971593851E-04	5.901767481748427E-03	2.798921501498338E-06	-2.459274764841613E-06	-1.062775978978171E-04	-1.879225458531684E-04	-8.729381281806190E-05	-2.189105169804990E-03	-1.392259862178079E-03	-9.148789120217227E-06	-1.081631145682087E-04	-1.117648079722073E-04	-3.301854581421714E-04	-3.586652045151875E-04	-4.395330044662486E-04	-3.616898130260731E-04
AC:QL_D_L	5.863517994608485E-03	4.268025971593739E-04	6.005773443664251E-03	3.100459310293259E-04	-2.154623529580098E-06	-3.894877581465625E-06	-7.784837879072974E-05	-7.479339747713458E-05	-1.339174311851521E-04	-8.294094984075177E-04	-1.892507413310364E-03	-7.043004797268643E-07	-7.788284258086899E-05	-8.692807755164327E-05	-2.849663258548280E-04	-2.461372243843636E-04	-3.110085195653276E-04	-3.191226746389489E-04
AC:QL_D_R	4.280014436474543E-04	5.901767481748422E-03	3.100459310293188E-04	6.044048148707966E-03	-2.123597809939879E-06	-3.916636149775517E-06	-8.003379956081812E-05	-1.387467561622740E-04	-7.716607074754019E-05	-1.919001729031629E-03	-8.312602126222989E-04	-6.760937785168674E-07	-7.965388830081164E-05	-8.884281495857588E-05	-2.549189622020137E-04	-2.834649610178835E-04	-3.290106103810926E-04	-3.075535713981199E-04
DCN:CapB1N	2.781423773155446E-06	2.798921501498249E-06	-2.154623529580562E-06	-2.123597809939047E-06	3.507235200582892E-04	3.349588656870384E-04	2.855577160723839E-04	3.087917019570801E-04	3.087929833094084E-04	2.908491590632482E-04	2.909993693708822E-04	6.622827498025267E-05	1.941384063354356E-05	1.479424302023965E-05	-6.447906304705146E-05	-6.444693135901382E-05	-3.182222106453882E-05	-3.163160170084071E-05
DCN:CapB2N	-2.478902377459165E-06	-2.459274764838580E-06	-3.894877581468295E-06	-3.916636149780415E-06	3.349588656870398E-04	3.785688028172098E-04	3.287519165939940E-04	3.518309356560921E-04	3.520483978258415E-04	3.488241432092228E-04	3.488927301672578E-04	2.790479130035043E-05	9.148659289169479E-05	8.361291472234088E-05	6.459328007869199E-05	6.478719121370733E-05	8.344053044491199E-05	8.359928125434403E-05
DCN:CapB3N	-1.041014609077152E-04	-1.062775978978281E-04	-7.784837879072915E-05	-8.003379956080988E-05	2.855577160723897E-04	3.287519165939912E-04	2.625875605532629E-03	2.699041881867018E-03	2.697655891092907E-03	2.843839840589368E-03	2.841391504340477E-03	3.432948067547206E-05	9.965294932956583E-04	1.146450691493825E-03	2.102811425590533E-03	2.101745562059630E-03	2.157595538030942E-03	2.156652535905791E-03
DCN:CapNL	-8.486066007397693E-05	-1.879225458531670E-04	-7.479339747713257E-05	-1.387467561622770E-04	3.087917019570792E-04	3.518309356560920E-04	2.699041881867007E-03	3.130936107169031E-03	2.741101879957433E-03	3.222697362533800E-03	3.081055279948075E-03	1.313374766256480E-05	1.000797291318471E-03	1.134189008656610E-03	2.508631461606084E-03	2.267908872661480E-03	2.505252860639239E-03	2.301317894549346E-03
DCN:CapNR	-1.827336203845057E-04	-8.729381281805563E-05	-1.339174311851508E-04	-7.716607074754331E-05	3.087929833094062E-04	3.520483978258451E-04	2.697655891092914E-03	2.741101879957425E-03	3.123461350999113E-03	3.081927625499979E-03	3.214241621990330E-03	1.306991154702268E-05	1.000223163595837E-03	1.133577843018272E-03	2.267262174632233E-03	2.502447718514100E-03	2.300582587313192E-03	2.499035866883921E-03
DCN:QL_S_L	-1.390281885953829E-03	-2.189105169804992E-03	-8.294094984075168E-04	-1.919001729031635E-03	2.908491590632477E-04	3.488241432092201E-04	2.843839840589368E-03	3.222697362533807E-03	3.081927625499982E-03	1.096394715665868E-02	5.515255503798644E-03	3.953848697933332E-05	1.224954228932718E-03	1.378287166304465E-03	4.067231302981749E-03	3.197637556804123E-03	4.517331082046992E-03	3.448780352819467E-03
DCN:QL_S_R	-2.161530070128398E-03	-1.392259862178081E-03	-1.892507413310366E-03	-8.312602126223007E-04	2.909993693708833E-04	3.488927301672579E-04	2.841391504340478E-03	3.081055279948076E-03	3.214241621990328E-03	5.515255503798638E-03	1.092509682536847E-02	3.956951213970868E-05	1.223654942291940E-03	1.376834219308361E-03	3.192447560137020E-03	4.059906531008296E-03	3.444271391971922E-03	4.509066804463955E-03
DCP:CapB1P	-9.150799253199999E-06	-9.148789120220660E-06	-7.043004797290412E-07	-6.760937785195703E-07	6.622827498025514E-05	2.790479130035363E-05	3.432948067547552E-05	1.313374766257593E-05	1.306991154702361E-05	3.953848697933870E-05	3.956951213971349E-05	7.753774395467565E-04	6.825051933631005E-04	6.845657912868271E-04	7.460682898891402E-04	7.462637769790094E-04	7.223945993172948E-04	7.225698978964292E-04
DCP:CapB2P	-1.064086093736907E-04	-1.081631145682209E-04	-7.788284258086783E-05	-7.965388830079515E-05	1.941384063352766E-05	9.148659289169693E-05	9.965294932956716E-04	1.000797291318396E-03	1.000223163595894E-03	1.224954228932723E-03	1.223654942291949E-03	6.825051933630934E-04	3.475238792862610E-03	3.508051855799616E-03	3.610009868439368E-03	3.608315885636446E-03	3.601786421586986E-03	3.600186968464392E-03
DCP:CapB3P	-1.098156645679079E-04	-1.117648079721989E-04	-8.692807755163748E-05	-8.884281495858961E-05	1.479424302025358E-05	8.361291472233503E-05	1.146450691493818E-03	1.134189008656667E-03	1.133577843018239E-03	1.378287166304464E-03	1.376834219308362E-03	6.845657912868408E-04	3.508051855799571E-03	3.591614124362147E-03	3.748140995075496E-03	3.746217222031170E-03	3.742351401740882E-03	3.740460263973470E-03
DCP:CapPL	-3.605195019822860E-04	-3.301854581421881E-04	-2.849663258548304E-04	-2.549189622019988E-04	-6.447906304704843E-05	6.459328007868850E-05	2.102811425590532E-03	2.508631461606085E-03	2.267262174632239E-03	4.067231302981747E-03	3.192447560137019E-03	7.460682898891381E-04	3.610009868439489E-03	3.748140995075387E-03	9.136161895720758E-03	4.874044220918063E-03	9.187359139940059E-03	5.004427831597311E-03
DCP:CapPR	-3.214113453497952E-04	-3.586652045151913E-04	-2.461372243843684E-04	-2.834649610178872E-04	-6.444693135900808E-05	6.478719121370584E-05	2.101745562059658E-03	2.267908872661478E-03	2.502447718514066E-03	3.197637556804114E-03	4.059906531008292E-03	7.462637769790223E-04	3.608315885636294E-03	3.746217222031292E-03	4.874044220918059E-03	9.130674367532376E-03	5.005378180277518E-03	9.182888256385347E-03
DCP:QH_D_L	-3.656317645543161E-04	-4.395330044662361E-04	-3.110085195653234E-04	-3.290106103811086E-04	-3.182222106453997E-05	8.344053044491556E-05	2.157595538030944E-03	2.505252860639237E-03	2.300582587313185E-03	4.517331082046986E-03	3.444271391971932E-03	7.223945993172884E-04	3.601786421586877E-03	3.742351401740982E-03	9.187359139940071E-03	5.005378180277520E-03	9.776129338579170E-03	5.123173733385384E-03
DCP:QH_D_R	-4.291238146164202E-04	-3.616898130260753E-04	-3.191226746389396E-04	-3.075535713981194E-04	-3.163160170084757E-05	8.359928125434717E-05	2.156652535905763E-03	2.301317894549354E-03	2.499035866883944E-03	3.448780352819460E-03	4.509066804463963E-03	7.225698978964173E-04	3.600186968464564E-03	3.740460263973340E-03	5.004427831597307E-03	9.182888256385333E-03	5.123173733385372E-03	9.777881504527958E-03

AC Resistance Matrix Coupling Coefficient
	AC:QH_S_L	AC:QH_S_R	AC:QL_D_L	AC:QL_D_R	DCN:CapB1N	DCN:CapB2N	DCN:CapB3N	DCN:CapNL	DCN:CapNR	DCN:QL_S_L	DCN:QL_S_R	DCP:CapB1P	DCP:CapB2P	DCP:CapB3P	DCP:CapPL	DCP:CapPR	DCP:QH_D_L	DCP:QH_D_R	
AC:QH_S_L	1.000000000000000E+00	8.923440957346920E-02	9.457909250979152E-01	6.881809225578989E-02	1.856547518834238E-03	1.592606068039238E-03	2.539458400124995E-02	1.895791867577949E-02	4.087160979314430E-02	1.659742636108303E-01	2.585056187937603E-01	4.107937247412406E-03	2.256346505677778E-02	2.290555460482130E-02	4.714853707680340E-02	4.204662371755406E-02	4.622551964585438E-02	5.424773186931961E-02
AC:QH_S_R	8.923440957346812E-02	1.000000000000000E+00	6.864503268254364E-02	9.462037669148319E-01	1.862836796799742E-03	1.575437496730780E-03	2.585063352082674E-02	4.186087674273182E-02	1.946847483109069E-02	2.605851692723363E-01	1.660252683391010E-01	4.095185437240478E-03	2.286932749961626E-02	2.324485150462193E-02	4.305688273200974E-02	4.678475441628091E-02	5.540826580966125E-02	4.559113743373299E-02
AC:QL_D_L	9.457909250979151E-01	6.864503268254184E-02	1.000000000000000E+00	5.146092707560156E-02	1.484582989219386E-03	2.583074479243403E-03	1.960324762124985E-02	1.724811687179679E-02	3.091965000017995E-02	1.022118067412792E-01	2.336363804555655E-01	3.263750349181238E-04	1.704766865718291E-02	1.871676411907341E-02	3.847044207444596E-02	3.323849865559351E-02	4.058862545042181E-02	4.164384349806541E-02
AC:QL_D_R	6.881809225579000E-02	9.462037669148311E-01	5.146092707560038E-02	1.000000000000000E+00	1.458565260232063E-03	2.589267138313750E-03	2.008965151267984E-02	3.189493915944133E-02	1.776005722762326E-02	2.357371026520691E-01	1.022964090863338E-01	3.123103676215285E-04	1.738003702427780E-02	1.906836768011308E-02	3.430491050366263E-02	3.815785897632862E-02	4.280184370989160E-02	4.000685681820294E-02
DCN:CapB1N	1.856547518834322E-03	1.862836796799683E-03	1.484582989219706E-03	1.458565260231491E-03	1.000000000000000E+00	9.192563121930414E-01	2.975598833626764E-01	2.946768868089248E-01	2.950304960231045E-01	1.483207455909769E-01	1.486609674747927E-01	1.270002036490331E-01	1.758476985782740E-02	1.318151922481950E-02	3.602088501385678E-02	3.601375206039605E-02	1.718559502057391E-02	1.708112035851060E-02
DCN:CapB2N	1.592606068037910E-03	1.575437496728837E-03	2.583074479245174E-03	2.589267138316989E-03	9.192563121930453E-01	1.000000000000000E+00	3.297302624551945E-01	3.231651421267362E-01	3.237515774260499E-01	1.712184883740677E-01	1.715563754164073E-01	5.150504698122189E-02	7.976139067740003E-02	7.170610237873261E-02	3.473225929103879E-02	3.484699345734430E-02	4.337317116840545E-02	4.345179759290080E-02
DCN:CapB3N	2.539458400125018E-02	2.585063352082941E-02	1.960324762124970E-02	2.008965151267777E-02	2.975598833626825E-01	3.297302624551917E-01	1.000000000000000E+00	9.413160134103654E-01	9.419577169168772E-01	5.300106458849668E-01	5.304950745255145E-01	2.405877879043016E-02	3.298836237198153E-01	3.733133069807409E-01	4.293202369487180E-01	4.292315508552548E-01	4.258429793737850E-01	4.256187198650681E-01
DCN:CapNL	1.895791867577913E-02	4.186087674273152E-02	1.724811687179633E-02	3.189493915944203E-02	2.946768868089240E-01	3.231651421267361E-01	9.413160134103614E-01	1.000000000000000E+00	8.765365027942532E-01	5.500459284081858E-01	5.268048208388042E-01	8.429367436003407E-03	3.034007800119946E-01	3.382232795455543E-01	4.690486265947732E-01	4.241671881914401E-01	4.528256245969148E-01	4.159270128090715E-01
DCN:CapNR	4.087160979314465E-02	1.946847483108929E-02	3.091965000017967E-02	1.776005722762398E-02	2.950304960231025E-01	3.237515774260533E-01	9.419577169168798E-01	8.765365027942508E-01	1.000000000000000E+00	5.266485595462365E-01	5.502344843065125E-01	8.398427933482371E-03	3.035893371536288E-01	3.384452669082549E-01	4.244258049535327E-01	4.685926986682938E-01	4.163286428697277E-01	4.522015390668213E-01
DCN:QL_S_L	1.659742636108300E-01	2.605851692723365E-01	1.022118067412791E-01	2.357371026520698E-01	1.483207455909767E-01	1.712184883740664E-01	5.300106458849667E-01	5.500459284081869E-01	5.266485595462371E-01	1.000000000000000E+00	5.039291981304796E-01	1.356063413841963E-02	1.984467856409609E-01	2.196399873719343E-01	4.063811089728790E-01	3.195908538308231E-01	4.363299111755926E-01	3.330885346592733E-01
DCN:QL_S_R	2.585056187937605E-01	1.660252683391013E-01	2.336363804555658E-01	1.022964090863340E-01	1.486609674747932E-01	1.715563754164074E-01	5.304950745255147E-01	5.268048208388043E-01	5.502344843065120E-01	5.039291981304790E-01	1.000000000000000E+00	1.359538367074054E-02	1.985884543221723E-01	2.197982187217833E-01	3.195429435147077E-01	4.064919604187619E-01	3.332738571061342E-01	4.362662706876352E-01
DCP:CapB1P	4.107937247412922E-03	4.095185437242014E-03	3.263750349191326E-04	3.123103676227771E-04	1.270002036490378E-01	5.150504698122781E-02	2.405877879043259E-02	8.429367436010552E-03	8.398427933482968E-03	1.356063413842148E-02	1.359538367074220E-02	1.000000000000000E+00	4.157737383289225E-01	4.102171163117158E-01	2.803109787982306E-01	2.804686694918008E-01	2.623822433120385E-01	2.624223980254351E-01
DCP:CapB2P	2.256346505677704E-02	2.286932749961883E-02	1.704766865718265E-02	1.738003702427420E-02	1.758476985781299E-02	7.976139067740190E-02	3.298836237198197E-01	3.034007800119717E-01	3.035893371536463E-01	1.984467856409616E-01	1.985884543221738E-01	4.157737383289181E-01	1.000000000000000E+00	9.929533453346416E-01	6.406696780580945E-01	6.405614480996766E-01	6.179340992728495E-01	6.176043481075024E-01
DCP:CapB3P	2.290555460482280E-02	2.324485150462020E-02	1.871676411907217E-02	1.906836768011602E-02	1.318151922483191E-02	7.170610237872758E-02	3.733133069807387E-01	3.382232795455713E-01	3.384452669082449E-01	2.196399873719342E-01	2.197982187217835E-01	4.102171163117240E-01	9.929533453346292E-01	1.000000000000000E+00	6.543184866544450E-01	6.541791427780188E-01	6.315623906653431E-01	6.311866797082282E-01
DCP:CapPL	4.714853707680310E-02	4.305688273201191E-02	3.847044207444628E-02	3.430491050366061E-02	3.602088501385509E-02	3.473225929103691E-02	4.293202369487178E-01	4.690486265947735E-01	4.244258049535339E-01	4.063811089728788E-01	3.195429435147076E-01	2.803109787982299E-01	6.406696780581160E-01	6.543184866544259E-01	1.000000000000000E+00	5.336495461618594E-01	9.721322051325966E-01	5.294807219783220E-01
DCP:CapPR	4.204662371755339E-02	4.678475441628140E-02	3.323849865559416E-02	3.815785897632911E-02	3.601375206039284E-02	3.484699345734350E-02	4.292315508552606E-01	4.241671881914398E-01	4.685926986682875E-01	3.195908538308223E-01	4.064919604187616E-01	2.804686694918057E-01	6.405614480996497E-01	6.541791427780401E-01	5.336495461618590E-01	1.000000000000000E+00	5.297878565535237E-01	9.718639824413734E-01
DCP:QH_D_L	4.622551964585488E-02	5.540826580965968E-02	4.058862545042127E-02	4.280184370989367E-02	1.718559502057453E-02	4.337317116840730E-02	4.258429793737854E-01	4.528256245969146E-01	4.163286428697264E-01	4.363299111755920E-01	3.332738571061352E-01	2.623822433120361E-01	6.179340992728308E-01	6.315623906653600E-01	9.721322051325978E-01	5.297878565535239E-01	1.000000000000000E+00	5.240023435661667E-01
DCP:QH_D_R	5.424773186931994E-02	4.559113743373328E-02	4.164384349806419E-02	4.000685681820287E-02	1.708112035851431E-02	4.345179759290244E-02	4.256187198650625E-01	4.159270128090728E-01	4.522015390668254E-01	3.330885346592725E-01	4.362662706876360E-01	2.624223980254308E-01	6.176043481075317E-01	6.311866797082063E-01	5.294807219783216E-01	9.718639824413718E-01	5.240023435661655E-01	1.000000000000000E+00

